       0.000           0.0000
       1.000         787.7572
       2.000        1515.9996
       3.000        2284.0793
       4.000        3031.2302
       5.000        3787.7410
       6.000        4572.9609
       7.000        5337.6147
       8.000        6103.5684
       9.000        6886.8154
      10.000        7648.4292
      11.000        8451.9385
      12.000        9213.2793
      13.000        9986.4561
      14.000       10717.2617
      15.000       11550.0234
      16.000       12383.0342
      17.000       12995.1123
      18.000       13812.4473
      19.000       14650.8877
      20.000       15226.1367
      21.000       15822.0078
      22.000       16118.4395
      23.000       16510.8848
      24.000       16884.8535
      25.000       17307.8535
      26.000       17703.5547
      27.000       18115.1348
      28.000       18402.7695
      29.000       18921.5586
      30.000       19332.5410
      31.000       19577.0156
      32.000       19999.6738
      33.000       20351.7910
      34.000       20820.3281
      35.000       21393.2520
      36.000       21627.4199
      37.000       21870.8105
      38.000       22388.0762
      39.000       22801.0332
      40.000       23150.2754
      41.000       23625.1016
      42.000       23975.0625
      43.000       24185.8242
      44.000       24772.0410
      45.000       25044.8457
      46.000       25305.9043
      47.000       25976.4004
      48.000       26234.0430
      49.000       26554.2227
      50.000       26954.7305
      51.000       27355.0938
      52.000       27862.0352
      53.000       28278.2715
      54.000       28570.1035
      55.000       28889.8887
      56.000       29201.4238
      57.000       29649.2812
      58.000       29874.2207
      59.000       30461.2148
      60.000       30778.2441
      61.000       31140.9609
      62.000       31400.0664
      63.000       31366.6992
      64.000       31728.3438
      65.000       31608.8301
      66.000       32114.1094
      67.000       32038.9961
      68.000       32441.3066
      69.000       32640.2930
      70.000       32789.9297
      71.000       32953.9961
      72.000       33086.5391
      73.000       33543.5508
      74.000       33495.3984
      75.000       33677.6016
      76.000       34135.0508
      77.000       34305.9062
      78.000       34289.0625
      79.000       34506.1016
      80.000       34899.4023
      81.000       34889.4766
      82.000       35065.0156
      83.000       35233.6484
      84.000       35563.7891
      85.000       35403.8281
      86.000       36060.9375
      87.000       36023.2734
      88.000       36258.2812
      89.000       36592.4492
      90.000       36556.8086
      91.000       36771.7266
      92.000       37201.9844
      93.000       37278.6289
      94.000       37157.4453
      95.000       37673.3320
      96.000       37748.1680
      97.000       37949.9062
      98.000       38222.2617
      99.000       38375.8906
     100.000       38428.0273
     101.000       38424.6562
     102.000       38826.2344
     103.000       39063.9297
     104.000       39083.2031
     105.000       39634.7461
     106.000       39757.0508
     107.000       39939.2812
     108.000       40045.3672
     109.000       40475.8945
     110.000       40427.4727
     111.000       40855.4609
     112.000       40900.4727
     113.000       41299.1914
     114.000       41320.7617
     115.000       41467.4688
     116.000       41646.1523
     117.000       41930.5273
     118.000       42058.6367
     119.000       42041.7969
     120.000       42422.5820
     121.000       42523.8164
     122.000       42927.3125
     123.000       43095.1328
     124.000       43463.3125
     125.000       43506.8086
     126.000       43701.2656
     127.000       43868.7500
     128.000       44080.7109
     129.000       44172.5039
     130.000       44477.2109
     131.000       44256.2656
     132.000       44795.9375
     133.000       44858.9453
     134.000       45028.8555
     135.000       45181.9023
     136.000       45615.9023
     137.000       45760.1094
     138.000       46228.2656
     139.000       46125.0273
     140.000       46370.8516
     141.000       46470.6836
     142.000       46139.5430
     143.000       46623.7305
     144.000       46377.3359
     145.000       46338.8125
     146.000       46430.0977
     147.000       46127.2695
     148.000       46506.0039
     149.000       46536.1328
     150.000       46474.2148
     151.000       46511.5703
     152.000       46266.5234
     153.000       46250.0742
     154.000       46088.8867
     155.000       46213.8047
     156.000       46291.7852
     157.000       46501.8086
     158.000       46245.1641
     159.000       46206.2344
     160.000       46310.3203
     161.000       46361.2344
     162.000       46376.4180
     163.000       46159.0117
     164.000       46291.3984
     165.000       46489.5664
     166.000       46234.2812
     167.000       46111.8516
     168.000       46419.2188
     169.000       46058.5234
     170.000       46375.5312
     171.000       46202.1211
     172.000       46328.7812
     173.000       46238.7227
     174.000       46436.0469
     175.000       46649.2227
     176.000       46590.0703
     177.000       46107.3242
     178.000       46313.4141
     179.000       46271.3242
     180.000       46742.6875
     181.000       46305.1992
     182.000       46129.4102
     183.000       46566.2734
     184.000       46081.2812
     185.000       46254.1016
     186.000       46153.7969
     187.000       46260.2695
     188.000       46223.9805
     189.000       46348.3516
     190.000       46144.0156
     191.000       46299.9297
     192.000       46589.5117
     193.000       46342.0898
     194.000       46334.6328
     195.000       46106.8398
     196.000       46253.8750
     197.000       46479.7227
     198.000       46404.7930
     199.000       46330.1680
     200.000       46639.6484
     201.000       46045.4766
     202.000       46529.9570
     203.000       46323.6016
     204.000       46440.8477
     205.000       46029.3672
     206.000       46171.0703
     207.000       46454.6797
     208.000       46266.3984
     209.000       46640.7148
     210.000       46421.7812
     211.000       46152.4414
     212.000       46319.1211
     213.000       46571.5625
     214.000       46395.2305
     215.000       46170.1289
     216.000       46326.2109
     217.000       46437.7266
     218.000       46379.3633
     219.000       46465.3867
     220.000       46369.5938
     221.000       46209.7188
     222.000       46258.3984
     223.000       46409.2891
     224.000       46223.7461
     225.000       46173.7305
     226.000       46561.6211
     227.000       46816.8945
     228.000       46016.6211
     229.000       46228.4531
     230.000       46158.6719
     231.000       46181.4141
     232.000       46369.1836
     233.000       46404.9336
     234.000       46394.1719
     235.000       46391.3789
     236.000       46326.7578
     237.000       46491.8984
     238.000       46125.1367
     239.000       46354.7578
     240.000       46619.5469
     241.000       46548.4336
     242.000       46649.6914
     243.000       46071.4688
     244.000       46239.6875
     245.000       46234.2969
     246.000       46375.2227
     247.000       46275.8359
     248.000       46488.5586
     249.000       46380.9414
     250.000       46274.1406
     251.000       46178.6875
     252.000       46314.0195
     253.000       46204.8516
     254.000       46315.7734
     255.000       46234.3164
     256.000       46268.4648
     257.000       46199.7227
     258.000       46108.0664
     259.000       46181.4727
     260.000       46442.4766
     261.000       46347.9414
     262.000       46300.8438
     263.000       46546.9414
     264.000       46653.9219
     265.000       46410.0352
     266.000       46511.9062
     267.000       46357.2070
     268.000       46284.3477
     269.000       46628.8633
     270.000       46345.4141
     271.000       46345.2695
     272.000       46039.5352
     273.000       46206.4141
     274.000       46348.8984
     275.000       46411.0391
     276.000       46148.4922
     277.000       46396.4961
     278.000       45867.7461
     279.000       46150.7070
     280.000       46221.0742
     281.000       46278.2539
     282.000       46462.8711
     283.000       46532.8828
     284.000       46398.7891
     285.000       46098.7031
     286.000       46390.1602
     287.000       46399.3516
     288.000       46072.8281
     289.000       46117.2148
     290.000       46281.7891
     291.000       46139.8164
     292.000       46349.5508
     293.000       46550.5547
     294.000       46326.4883
     295.000       46362.4805
     296.000       46553.0352
     297.000       46603.7109
     298.000       46460.4375
     299.000       46718.6992
     300.000       46584.5859
     301.000       46458.6914
     302.000       46430.7266
     303.000       46163.3594
     304.000       46178.1406
     305.000       46432.6992
     306.000       46281.9766
     307.000       46545.7109
     308.000       46180.0352
     309.000       46812.7031
     310.000       46592.5039
     311.000       46472.8555
     312.000       46552.6484
     313.000       46449.1172
     314.000       46574.8203
     315.000       46064.8359
     316.000       46188.5898
     317.000       46196.0586
     318.000       46170.9219
     319.000       46398.3555
     320.000       46202.4648
     321.000       46688.2070
     322.000       46194.3242
     323.000       46396.9766
     324.000       46149.2344
     325.000       46136.8555
     326.000       45956.1914
     327.000       46602.9883
     328.000       46309.7656
     329.000       46460.0469
     330.000       46482.3672
     331.000       46209.2617
     332.000       46437.4219
     333.000       46169.7305
     334.000       46320.9141
     335.000       46169.4922
     336.000       46181.3438
     337.000       46159.2109
     338.000       46283.7070
     339.000       46100.1406
     340.000       46258.0938
     341.000       46489.8945
     342.000       46257.1367
     343.000       46254.1094
     344.000       46423.1484
     345.000       46650.5469
     346.000       46268.3945
     347.000       46292.8281
     348.000       46320.6758
     349.000       46396.4883
     350.000       46472.8477
     351.000       46306.1562
     352.000       46415.1211
     353.000       46544.7773
     354.000       46554.3867
     355.000       46378.8555
     356.000       46582.9922
     357.000       46378.2383
     358.000       46064.4609
     359.000       46239.0703
     360.000       46206.1094
     361.000       46471.6836
     362.000       46545.2891
     363.000       46203.5117
     364.000       46189.3125
     365.000       46299.9883
     366.000       46640.8555
     367.000       46315.2734
     368.000       46152.4922
     369.000       46077.9727
     370.000       46534.1641
     371.000       46317.0273
     372.000       46319.2461
     373.000       46221.3711
     374.000       46436.7891
     375.000       46425.9219
     376.000       46218.6250
     377.000       46629.9922
     378.000       46508.8945
     379.000       46187.7891
     380.000       46464.8555
     381.000       46301.9336
     382.000       46275.7383
     383.000       46185.6602
     384.000       46505.6328
     385.000       46347.9727
     386.000       46225.9492
     387.000       46456.7578
     388.000       46185.3242
     389.000       46375.1211
     390.000       46362.5625
     391.000       46120.9531
     392.000       46655.4453
     393.000       46193.5508
     394.000       46395.7070
     395.000       46149.9258
     396.000       46541.0195
     397.000       46393.6641
     398.000       46533.0078
     399.000       46494.5000
     400.000       46465.1172
