       0.000     -484524.1509
       1.000     -343508.7690
       2.000     -343789.2356
       3.000     -343694.7181
       4.000     -343323.7278
       5.000     -342905.3426
       6.000     -342461.4123
       7.000     -341868.5724
       8.000     -341404.0517
       9.000     -340852.8246
      10.000     -340185.7532
      11.000     -339526.2235
      12.000     -338969.7953
      13.000     -338341.0969
      14.000     -337717.2799
      15.000     -337164.9821
      16.000     -336596.0927
      17.000     -335956.3812
      18.000     -335331.1402
      19.000     -334642.5684
      20.000     -334050.0084
      21.000     -333652.8614
      22.000     -333485.1605
      23.000     -333271.9818
      24.000     -333066.5083
      25.000     -332843.3176
      26.000     -332657.0583
      27.000     -332401.5976
      28.000     -332085.9244
      29.000     -331756.5169
      30.000     -331573.0403
      31.000     -331310.9271
      32.000     -330899.4383
      33.000     -330498.4752
      34.000     -330445.2576
      35.000     -330006.6055
      36.000     -329743.1239
      37.000     -329438.2094
      38.000     -329130.2127
      39.000     -328861.7877
      40.000     -328486.0070
      41.000     -328329.8343
      42.000     -327857.3263
      43.000     -327631.4310
      44.000     -327304.9536
      45.000     -326888.0820
      46.000     -326404.4956
      47.000     -325957.8680
      48.000     -325587.5292
      49.000     -325433.8429
      50.000     -325075.5608
      51.000     -324870.4684
      52.000     -324646.2899
      53.000     -323840.0747
      54.000     -323564.0179
      55.000     -323160.5954
      56.000     -322656.0439
      57.000     -322461.8739
      58.000     -322057.7369
      59.000     -321424.0491
      60.000     -320955.7283
      61.000     -320756.6984
      62.000     -320659.3106
      63.000     -320537.9126
      64.000     -320642.0991
      65.000     -320463.6358
      66.000     -320085.9781
      67.000     -319778.2548
      68.000     -319893.6666
      69.000     -319494.3042
      70.000     -319447.2401
      71.000     -319276.9890
      72.000     -319000.2827
      73.000     -319050.6566
      74.000     -318913.1659
      75.000     -318527.8581
      76.000     -318434.2267
      77.000     -318243.6856
      78.000     -318056.2543
      79.000     -317510.7757
      80.000     -317548.8203
      81.000     -317523.3998
      82.000     -317483.9953
      83.000     -317029.7500
      84.000     -316893.4439
      85.000     -316296.4332
      86.000     -316331.7579
      87.000     -315723.4082
      88.000     -315994.7855
      89.000     -315991.1560
      90.000     -315488.1240
      91.000     -315554.4644
      92.000     -315150.6270
      93.000     -314852.2085
      94.000     -314323.0435
      95.000     -314497.3673
      96.000     -313655.2038
      97.000     -313557.0889
      98.000     -313287.1015
      99.000     -312472.0573
     100.000     -312604.2878
     101.000     -312347.1327
     102.000     -312047.1176
     103.000     -311513.7871
     104.000     -311511.4860
     105.000     -310503.3216
     106.000     -310568.6874
     107.000     -310143.0418
     108.000     -309756.9084
     109.000     -309379.3692
     110.000     -308739.0325
     111.000     -308362.1882
     112.000     -308373.6179
     113.000     -307649.7611
     114.000     -307370.0926
     115.000     -306643.8603
     116.000     -306422.2555
     117.000     -305524.8019
     118.000     -305494.0094
     119.000     -305317.0201
     120.000     -304771.6205
     121.000     -303955.7752
     122.000     -303522.2174
     123.000     -302785.1568
     124.000     -302323.3373
     125.000     -302288.7873
     126.000     -301821.0299
     127.000     -301043.1174
     128.000     -300085.3973
     129.000     -300181.0529
     130.000     -299191.4811
     131.000     -299023.0764
     132.000     -298371.1914
     133.000     -297356.5547
     134.000     -297026.8369
     135.000     -296144.3736
     136.000     -296089.6242
     137.000     -295531.1277
     138.000     -294908.0553
     139.000     -294354.5068
     140.000     -293591.1255
     141.000     -293310.2700
     142.000     -292816.8448
     143.000     -292685.4453
     144.000     -293156.8616
     145.000     -292683.0861
     146.000     -292675.8777
     147.000     -292358.0316
     148.000     -292524.3084
     149.000     -292334.9225
     150.000     -292452.2011
     151.000     -292042.4067
     152.000     -291754.9719
     153.000     -291832.6759
     154.000     -292364.3200
     155.000     -292258.9229
     156.000     -292330.8861
     157.000     -292292.4818
     158.000     -291998.2728
     159.000     -292276.9002
     160.000     -291862.6265
     161.000     -292252.0798
     162.000     -292658.5596
     163.000     -292470.6703
     164.000     -292433.4519
     165.000     -292116.1854
     166.000     -291761.5473
     167.000     -292102.7805
     168.000     -291938.8716
     169.000     -291964.5439
     170.000     -292194.9804
     171.000     -291896.6553
     172.000     -292159.8865
     173.000     -292161.1786
     174.000     -291789.3823
     175.000     -291892.5532
     176.000     -292008.6862
     177.000     -292349.8310
     178.000     -292047.7780
     179.000     -292223.6679
     180.000     -292183.7869
     181.000     -291968.5545
     182.000     -291824.1088
     183.000     -292440.9309
     184.000     -292007.1338
     185.000     -292171.0305
     186.000     -291964.2152
     187.000     -291795.0476
     188.000     -291619.4946
     189.000     -291923.4347
     190.000     -292185.0650
     191.000     -292258.3802
     192.000     -291952.4443
     193.000     -291893.3805
     194.000     -292094.1739
     195.000     -291864.2623
     196.000     -291974.6573
     197.000     -292402.8017
     198.000     -292116.0261
     199.000     -292329.1833
     200.000     -292310.9140
     201.000     -291762.3994
     202.000     -292156.3534
     203.000     -292296.4668
     204.000     -292180.2213
     205.000     -291922.2398
     206.000     -292370.9567
     207.000     -292332.6879
     208.000     -292184.9619
     209.000     -292189.9342
     210.000     -292273.5872
     211.000     -292071.9182
     212.000     -292356.5309
     213.000     -292964.3285
     214.000     -292486.6263
     215.000     -292204.6333
     216.000     -292219.8330
     217.000     -292137.0367
     218.000     -292298.9111
     219.000     -292127.2893
     220.000     -292240.9722
     221.000     -292025.7252
     222.000     -292434.8886
     223.000     -292034.9936
     224.000     -292106.4380
     225.000     -292307.7271
     226.000     -292461.7142
     227.000     -291626.8653
     228.000     -291725.0552
     229.000     -291538.2256
     230.000     -292038.7975
     231.000     -291757.6820
     232.000     -292187.7510
     233.000     -292136.7304
     234.000     -292268.1265
     235.000     -292054.3430
     236.000     -292128.5830
     237.000     -292394.4632
     238.000     -292449.6590
     239.000     -292042.1836
     240.000     -292110.4847
     241.000     -292319.3874
     242.000     -292731.5086
     243.000     -292450.3904
     244.000     -292747.9291
     245.000     -292375.9262
     246.000     -292740.9705
     247.000     -292727.7570
     248.000     -292041.5516
     249.000     -292199.6307
     250.000     -292439.6314
     251.000     -292067.6540
     252.000     -291937.6390
     253.000     -292207.6444
     254.000     -292138.9349
     255.000     -292033.8638
     256.000     -291948.1070
     257.000     -292052.0150
     258.000     -291694.3437
     259.000     -291574.8302
     260.000     -292272.6973
     261.000     -292568.8336
     262.000     -292122.9051
     263.000     -292323.2235
     264.000     -291735.5583
     265.000     -291910.0451
     266.000     -291736.1414
     267.000     -292009.8337
     268.000     -292006.5532
     269.000     -291919.2650
     270.000     -292099.4468
     271.000     -292456.6694
     272.000     -292031.7747
     273.000     -291728.9106
     274.000     -292006.3818
     275.000     -292056.0371
     276.000     -292231.2068
     277.000     -291897.7956
     278.000     -291721.0973
     279.000     -291616.9877
     280.000     -291667.4599
     281.000     -292011.0660
     282.000     -291884.6335
     283.000     -291508.8203
     284.000     -292157.5400
     285.000     -292386.8897
     286.000     -292125.0542
     287.000     -291819.8770
     288.000     -292030.6950
     289.000     -292641.3806
     290.000     -292742.8194
     291.000     -292350.0851
     292.000     -292368.5536
     293.000     -292502.6340
     294.000     -292343.4792
     295.000     -292264.7231
     296.000     -292083.0243
     297.000     -292234.3639
     298.000     -292163.3259
     299.000     -292378.7710
     300.000     -292633.5002
     301.000     -292157.4087
     302.000     -292230.0627
     303.000     -292337.0346
     304.000     -291923.4321
     305.000     -292237.3911
     306.000     -292299.2948
     307.000     -292404.4962
     308.000     -291873.3067
     309.000     -291824.2017
     310.000     -291853.9568
     311.000     -291993.5206
     312.000     -292776.3380
     313.000     -292411.6392
     314.000     -291980.5513
     315.000     -292046.1997
     316.000     -291996.4441
     317.000     -291778.2040
     318.000     -291613.3199
     319.000     -291690.9446
     320.000     -291828.1425
     321.000     -292238.3581
     322.000     -292038.2933
     323.000     -292638.1690
     324.000     -292014.0601
     325.000     -292132.5358
     326.000     -292298.5832
     327.000     -292057.2010
     328.000     -292298.3943
     329.000     -291979.8544
     330.000     -292162.4720
     331.000     -292451.4711
     332.000     -292083.5779
     333.000     -291989.5808
     334.000     -292079.2994
     335.000     -291942.3899
     336.000     -291895.4098
     337.000     -292196.9998
     338.000     -292300.8001
     339.000     -292128.8179
     340.000     -291981.1416
     341.000     -292226.8844
     342.000     -292094.4422
     343.000     -291992.6360
     344.000     -292085.8147
     345.000     -292487.5041
     346.000     -292053.4678
     347.000     -292209.6360
     348.000     -292016.9444
     349.000     -291985.5601
     350.000     -292219.5535
     351.000     -291728.1197
     352.000     -292093.1672
     353.000     -292105.6908
     354.000     -292542.8563
     355.000     -292155.6011
     356.000     -292585.8927
     357.000     -292524.8412
     358.000     -292620.1041
     359.000     -292169.4213
     360.000     -292459.2362
     361.000     -292616.4459
     362.000     -292259.6375
     363.000     -291991.7204
     364.000     -291980.9726
     365.000     -291856.1084
     366.000     -292201.7752
     367.000     -292215.3075
     368.000     -292543.0653
     369.000     -292213.5617
     370.000     -292476.1428
     371.000     -292527.9902
     372.000     -291814.4021
     373.000     -291743.5314
     374.000     -292175.4305
     375.000     -291975.5098
     376.000     -292476.4504
     377.000     -292246.3015
     378.000     -292378.3399
     379.000     -292209.1792
     380.000     -291834.0672
     381.000     -292101.6665
     382.000     -292218.6881
     383.000     -292240.6915
     384.000     -291837.8892
     385.000     -292455.4985
     386.000     -292340.8658
     387.000     -292276.0971
     388.000     -292529.8242
     389.000     -292486.2479
     390.000     -292079.6958
     391.000     -292319.0054
     392.000     -292070.7647
     393.000     -292010.9453
     394.000     -292365.5370
     395.000     -292340.2555
     396.000     -292133.5004
     397.000     -291967.8730
     398.000     -292220.9095
     399.000     -292336.6259
     400.000     -292223.0359
