       0.000     -484524.1509
       1.000     -342721.0118
       2.000     -342273.2360
       3.000     -341410.6387
       4.000     -340292.4976
       5.000     -339117.6016
       6.000     -337888.4513
       7.000     -336530.9577
       8.000     -335300.4834
       9.000     -333966.0091
      10.000     -332537.3240
      11.000     -331074.2850
      12.000     -329756.5160
      13.000     -328354.6408
      14.000     -327000.0182
      15.000     -325614.9587
      16.000     -324213.0585
      17.000     -322961.2689
      18.000     -321518.6929
      19.000     -319991.6807
      20.000     -318823.8717
      21.000     -317830.8536
      22.000     -317366.7210
      23.000     -316761.0971
      24.000     -316181.6548
      25.000     -315535.4640
      26.000     -314953.5036
      27.000     -314286.4628
      28.000     -313683.1549
      29.000     -312834.9583
      30.000     -312240.4993
      31.000     -311733.9115
      32.000     -310899.7644
      33.000     -310146.6842
      34.000     -309624.9295
      35.000     -308613.3535
      36.000     -308115.7039
      37.000     -307567.3988
      38.000     -306742.1366
      39.000     -306060.7545
      40.000     -305335.7316
      41.000     -304704.7328
      42.000     -303882.2638
      43.000     -303445.6068
      44.000     -302532.9125
      45.000     -301843.2363
      46.000     -301098.5913
      47.000     -299981.4676
      48.000     -299353.4862
      49.000     -298879.6203
      50.000     -298120.8303
      51.000     -297515.3747
      52.000     -296784.2548
      53.000     -295561.8032
      54.000     -294993.9143
      55.000     -294270.7067
      56.000     -293454.6200
      57.000     -292812.5926
      58.000     -292183.5162
      59.000     -290962.8343
      60.000     -290177.4842
      61.000     -289615.7375
      62.000     -289259.2442
      63.000     -289171.2133
      64.000     -288913.7553
      65.000     -288854.8057
      66.000     -287971.8687
      67.000     -287739.2587
      68.000     -287452.3599
      69.000     -286854.0113
      70.000     -286657.3104
      71.000     -286322.9930
      72.000     -285913.7436
      73.000     -285507.1059
      74.000     -285417.7675
      75.000     -284850.2565
      76.000     -284299.1759
      77.000     -283937.7794
      78.000     -283767.1918
      79.000     -283004.6741
      80.000     -282649.4180
      81.000     -282633.9232
      82.000     -282418.9797
      83.000     -281796.1016
      84.000     -281329.6548
      85.000     -280892.6050
      86.000     -280270.8204
      87.000     -279700.1347
      88.000     -279736.5043
      89.000     -279398.7068
      90.000     -278931.3154
      91.000     -278782.7379
      92.000     -277948.6427
      93.000     -277573.5796
      94.000     -277165.5982
      95.000     -276824.0352
      96.000     -275907.0358
      97.000     -275607.1826
      98.000     -275064.8398
      99.000     -274096.1667
     100.000     -274176.2604
     101.000     -273922.4764
     102.000     -273220.8833
     103.000     -272449.8574
     104.000     -272428.2828
     105.000     -270868.5755
     106.000     -270811.6366
     107.000     -270203.7606
     108.000     -269711.5412
     109.000     -268903.4746
     110.000     -268311.5598
     111.000     -267506.7273
     112.000     -267473.1453
     113.000     -266350.5697
     114.000     -266049.3309
     115.000     -265176.3916
     116.000     -264776.1032
     117.000     -263594.2746
     118.000     -263435.3726
     119.000     -263275.2233
     120.000     -262349.0384
     121.000     -261431.9588
     122.000     -260594.9049
     123.000     -259690.0240
     124.000     -258860.0248
     125.000     -258781.9787
     126.000     -258119.7643
     127.000     -257174.3674
     128.000     -256004.6864
     129.000     -256008.5490
     130.000     -254714.2702
     131.000     -254766.8107
     132.000     -253575.2539
     133.000     -252497.6093
     134.000     -251997.9815
     135.000     -250962.4713
     136.000     -250473.7218
     137.000     -249771.0184
     138.000     -248679.7896
     139.000     -248229.4794
     140.000     -247220.2739
     141.000     -246839.5864
     142.000     -246677.3018
     143.000     -246061.7148
     144.000     -246779.5256
     145.000     -246344.2736
     146.000     -246245.7800
     147.000     -246230.7621
     148.000     -246018.3045
     149.000     -245798.7897
     150.000     -245977.9863
     151.000     -245530.8364
     152.000     -245488.4485
     153.000     -245582.6017
     154.000     -246275.4332
     155.000     -246045.1182
     156.000     -246039.1009
     157.000     -245790.6732
     158.000     -245753.1088
     159.000     -246070.6658
     160.000     -245552.3062
     161.000     -245890.8454
     162.000     -246282.1417
     163.000     -246311.6586
     164.000     -246142.0535
     165.000     -245626.6190
     166.000     -245527.2660
     167.000     -245990.9289
     168.000     -245519.6528
     169.000     -245906.0204
     170.000     -245819.4492
     171.000     -245694.5342
     172.000     -245831.1052
     173.000     -245922.4559
     174.000     -245353.3354
     175.000     -245243.3305
     176.000     -245418.6159
     177.000     -246242.5068
     178.000     -245734.3639
     179.000     -245952.3437
     180.000     -245441.0994
     181.000     -245663.3553
     182.000     -245694.6987
     183.000     -245874.6575
     184.000     -245925.8525
     185.000     -245916.9289
     186.000     -245810.4184
     187.000     -245534.7781
     188.000     -245395.5142
     189.000     -245575.0831
     190.000     -246041.0494
     191.000     -245958.4506
     192.000     -245362.9326
     193.000     -245551.2906
     194.000     -245759.5411
     195.000     -245757.4224
     196.000     -245720.7823
     197.000     -245923.0791
     198.000     -245711.2332
     199.000     -245999.0153
     200.000     -245671.2656
     201.000     -245716.9229
     202.000     -245626.3964
     203.000     -245972.8653
     204.000     -245739.3736
     205.000     -245892.8726
     206.000     -246199.8863
     207.000     -245878.0082
     208.000     -245918.5635
     209.000     -245549.2193
     210.000     -245851.8060
     211.000     -245919.4768
     212.000     -246037.4098
     213.000     -246392.7660
     214.000     -246091.3959
     215.000     -246034.5044
     216.000     -245893.6220
     217.000     -245699.3101
     218.000     -245919.5478
     219.000     -245661.9025
     220.000     -245871.3785
     221.000     -245816.0064
     222.000     -246176.4902
     223.000     -245625.7045
     224.000     -245882.6919
     225.000     -246133.9966
     226.000     -245900.0931
     227.000     -244809.9708
     228.000     -245708.4342
     229.000     -245309.7725
     230.000     -245880.1256
     231.000     -245576.2680
     232.000     -245818.5674
     233.000     -245731.7968
     234.000     -245873.9547
     235.000     -245662.9641
     236.000     -245801.8252
     237.000     -245902.5647
     238.000     -246324.5223
     239.000     -245687.4257
     240.000     -245490.9378
     241.000     -245770.9538
     242.000     -246081.8172
     243.000     -246378.9216
     244.000     -246508.2416
     245.000     -246141.6293
     246.000     -246365.7478
     247.000     -246451.9210
     248.000     -245552.9930
     249.000     -245818.6893
     250.000     -246165.4908
     251.000     -245888.9665
     252.000     -245623.6195
     253.000     -246002.7929
     254.000     -245823.1614
     255.000     -245799.5474
     256.000     -245679.6421
     257.000     -245852.2923
     258.000     -245586.2773
     259.000     -245393.3575
     260.000     -245830.2207
     261.000     -246220.8922
     262.000     -245822.0614
     263.000     -245776.2821
     264.000     -245081.6365
     265.000     -245500.0100
     266.000     -245224.2351
     267.000     -245652.6266
     268.000     -245722.2056
     269.000     -245290.4017
     270.000     -245754.0327
     271.000     -246111.3999
     272.000     -245992.2396
     273.000     -245522.4965
     274.000     -245657.4834
     275.000     -245644.9981
     276.000     -246082.7147
     277.000     -245501.2995
     278.000     -245853.3512
     279.000     -245466.2806
     280.000     -245446.3857
     281.000     -245732.8121
     282.000     -245421.7624
     283.000     -244975.9375
     284.000     -245758.7509
     285.000     -246288.1866
     286.000     -245734.8941
     287.000     -245420.5255
     288.000     -245957.8669
     289.000     -246524.1657
     290.000     -246461.0303
     291.000     -246210.2687
     292.000     -246019.0028
     293.000     -245952.0793
     294.000     -246016.9909
     295.000     -245902.2426
     296.000     -245529.9892
     297.000     -245630.6530
     298.000     -245702.8884
     299.000     -245660.0717
     300.000     -246048.9142
     301.000     -245698.7172
     302.000     -245799.3361
     303.000     -246173.6753
     304.000     -245745.2915
     305.000     -245804.6919
     306.000     -246017.3182
     307.000     -245858.7853
     308.000     -245693.2716
     309.000     -245011.4986
     310.000     -245261.4529
     311.000     -245520.6651
     312.000     -246223.6896
     313.000     -245962.5220
     314.000     -245405.7310
     315.000     -245981.3638
     316.000     -245807.8543
     317.000     -245582.1454
     318.000     -245442.3981
     319.000     -245292.5892
     320.000     -245625.6776
     321.000     -245550.1510
     322.000     -245843.9691
     323.000     -246241.1924
     324.000     -245864.8257
     325.000     -245995.6803
     326.000     -246342.3918
     327.000     -245454.2128
     328.000     -245988.6286
     329.000     -245519.8075
     330.000     -245680.1048
     331.000     -246242.2094
     332.000     -245646.1561
     333.000     -245819.8504
     334.000     -245758.3853
     335.000     -245772.8977
     336.000     -245714.0660
     337.000     -246037.7889
     338.000     -246017.0931
     339.000     -246028.6773
     340.000     -245723.0478
     341.000     -245736.9898
     342.000     -245837.3054
     343.000     -245738.5266
     344.000     -245662.6662
     345.000     -245836.9572
     346.000     -245785.0732
     347.000     -245916.8078
     348.000     -245696.2686
     349.000     -245589.0718
     350.000     -245746.7058
     351.000     -245421.9635
     352.000     -245678.0461
     353.000     -245560.9135
     354.000     -245988.4696
     355.000     -245776.7457
     356.000     -246002.9005
     357.000     -246146.6029
     358.000     -246555.6431
     359.000     -245930.3510
     360.000     -246253.1269
     361.000     -246144.7623
     362.000     -245714.3485
     363.000     -245788.2087
     364.000     -245791.6601
     365.000     -245556.1202
     366.000     -245560.9197
     367.000     -245900.0341
     368.000     -246390.5731
     369.000     -246135.5891
     370.000     -245941.9787
     371.000     -246210.9628
     372.000     -245495.1560
     373.000     -245522.1604
     374.000     -245738.6414
     375.000     -245549.5879
     376.000     -246257.8254
     377.000     -245616.3093
     378.000     -245869.4454
     379.000     -246021.3902
     380.000     -245369.2117
     381.000     -245799.7329
     382.000     -245942.9499
     383.000     -246055.0314
     384.000     -245332.2564
     385.000     -246107.5258
     386.000     -246114.9166
     387.000     -245819.3393
     388.000     -246344.5000
     389.000     -246111.1268
     390.000     -245717.1333
     391.000     -246198.0522
     392.000     -245415.3194
     393.000     -245817.3946
     394.000     -245969.8300
     395.000     -246190.3298
     396.000     -245592.4809
     397.000     -245574.2089
     398.000     -245687.9017
     399.000     -245842.1259
     400.000     -245757.9187
