       0.000       0.00
       1.000       5.10
       2.000       9.82
       3.000      14.79
       4.000      19.63
       5.000      24.53
       6.000      29.61
       7.000      34.56
       8.000      39.52
       9.000      44.59
      10.000      49.52
      11.000      54.73
      12.000      59.66
      13.000      64.66
      14.000      69.39
      15.000      74.79
      16.000      80.18
      17.000      84.14
      18.000      89.43
      19.000      94.86
      20.000      98.59
      21.000     102.45
      22.000     104.37
      23.000     106.91
      24.000     109.33
      25.000     112.07
      26.000     114.63
      27.000     117.29
      28.000     119.16
      29.000     122.52
      30.000     125.18
      31.000     126.76
      32.000     129.50
      33.000     131.78
      34.000     134.81
      35.000     138.52
      36.000     140.04
      37.000     141.61
      38.000     144.96
      39.000     147.64
      40.000     149.90
      41.000     152.97
      42.000     155.24
      43.000     156.60
      44.000     160.40
      45.000     162.16
      46.000     163.85
      47.000     168.20
      48.000     169.86
      49.000     171.94
      50.000     174.53
      51.000     177.12
      52.000     180.41
      53.000     183.10
      54.000     184.99
      55.000     187.06
      56.000     189.08
      57.000     191.98
      58.000     193.43
      59.000     197.23
      60.000     199.29
      61.000     201.64
      62.000     203.31
      63.000     203.10
      64.000     205.44
      65.000     204.67
      66.000     207.94
      67.000     207.45
      68.000     210.06
      69.000     211.34
      70.000     212.31
      71.000     213.38
      72.000     214.23
      73.000     217.19
      74.000     216.88
      75.000     218.06
      76.000     221.02
      77.000     222.13
      78.000     222.02
      79.000     223.42
      80.000     225.97
      81.000     225.91
      82.000     227.04
      83.000     228.14
      84.000     230.27
      85.000     229.24
      86.000     233.49
      87.000     233.25
      88.000     234.77
      89.000     236.93
      90.000     236.70
      91.000     238.09
      92.000     240.88
      93.000     241.38
      94.000     240.59
      95.000     243.93
      96.000     244.42
      97.000     245.72
      98.000     247.49
      99.000     248.48
     100.000     248.82
     101.000     248.80
     102.000     251.40
     103.000     252.94
     104.000     253.06
     105.000     256.63
     106.000     257.42
     107.000     258.60
     108.000     259.29
     109.000     262.08
     110.000     261.77
     111.000     264.54
     112.000     264.83
     113.000     267.41
     114.000     267.55
     115.000     268.50
     116.000     269.66
     117.000     271.50
     118.000     272.33
     119.000     272.22
     120.000     274.68
     121.000     275.34
     122.000     277.95
     123.000     279.04
     124.000     281.42
     125.000     281.70
     126.000     282.96
     127.000     284.05
     128.000     285.42
     129.000     286.01
     130.000     287.99
     131.000     286.56
     132.000     290.05
     133.000     290.46
     134.000     291.56
     135.000     292.55
     136.000     295.36
     137.000     296.29
     138.000     299.33
     139.000     298.66
     140.000     300.25
     141.000     300.89
     142.000     298.75
     143.000     301.89
     144.000     300.29
     145.000     300.04
     146.000     300.63
     147.000     298.67
     148.000     301.12
     149.000     301.32
     150.000     300.92
     151.000     301.16
     152.000     299.57
     153.000     299.47
     154.000     298.42
     155.000     299.23
     156.000     299.74
     157.000     301.10
     158.000     299.43
     159.000     299.18
     160.000     299.86
     161.000     300.19
     162.000     300.28
     163.000     298.88
     164.000     299.73
     165.000     301.02
     166.000     299.36
     167.000     298.57
     168.000     300.56
     169.000     298.23
     170.000     300.28
     171.000     299.16
     172.000     299.98
     173.000     299.39
     174.000     300.67
     175.000     302.05
     176.000     301.67
     177.000     298.54
     178.000     299.88
     179.000     299.60
     180.000     302.66
     181.000     299.82
     182.000     298.69
     183.000     301.51
     184.000     298.37
     185.000     299.49
     186.000     298.84
     187.000     299.53
     188.000     299.30
     189.000     300.10
     190.000     298.78
     191.000     299.79
     192.000     301.66
     193.000     300.06
     194.000     300.01
     195.000     298.54
     196.000     299.49
     197.000     300.95
     198.000     300.47
     199.000     299.99
     200.000     301.99
     201.000     298.14
     202.000     301.28
     203.000     299.94
     204.000     300.70
     205.000     298.04
     206.000     298.95
     207.000     300.79
     208.000     299.57
     209.000     302.00
     210.000     300.58
     211.000     298.83
     212.000     299.91
     213.000     301.55
     214.000     300.41
     215.000     298.95
     216.000     299.96
     217.000     300.68
     218.000     300.30
     219.000     300.86
     220.000     300.24
     221.000     299.21
     222.000     299.52
     223.000     300.50
     224.000     299.30
     225.000     298.97
     226.000     301.48
     227.000     303.14
     228.000     297.95
     229.000     299.33
     230.000     298.87
     231.000     299.02
     232.000     300.24
     233.000     300.47
     234.000     300.40
     235.000     300.38
     236.000     299.96
     237.000     301.03
     238.000     298.66
     239.000     300.14
     240.000     301.86
     241.000     301.40
     242.000     302.05
     243.000     298.31
     244.000     299.40
     245.000     299.36
     246.000     300.28
     247.000     299.63
     248.000     301.01
     249.000     300.31
     250.000     299.62
     251.000     299.00
     252.000     299.88
     253.000     299.17
     254.000     299.89
     255.000     299.36
     256.000     299.59
     257.000     299.14
     258.000     298.55
     259.000     299.02
     260.000     300.71
     261.000     300.10
     262.000     299.80
     263.000     301.39
     264.000     302.08
     265.000     300.50
     266.000     301.16
     267.000     300.16
     268.000     299.69
     269.000     301.92
     270.000     300.08
     271.000     300.08
     272.000     298.10
     273.000     299.18
     274.000     300.11
     275.000     300.51
     276.000     298.81
     277.000     300.41
     278.000     296.99
     279.000     298.82
     280.000     299.28
     281.000     299.65
     282.000     300.84
     283.000     301.30
     284.000     300.43
     285.000     298.49
     286.000     300.37
     287.000     300.43
     288.000     298.32
     289.000     298.61
     290.000     299.67
     291.000     298.75
     292.000     300.11
     293.000     301.41
     294.000     299.96
     295.000     300.19
     296.000     301.43
     297.000     301.76
     298.000     300.83
     299.000     302.50
     300.000     301.63
     301.000     300.82
     302.000     300.64
     303.000     298.91
     304.000     299.00
     305.000     300.65
     306.000     299.67
     307.000     301.38
     308.000     299.01
     309.000     303.11
     310.000     301.68
     311.000     300.91
     312.000     301.43
     313.000     300.76
     314.000     301.57
     315.000     298.27
     316.000     299.07
     317.000     299.12
     318.000     298.95
     319.000     300.43
     320.000     299.16
     321.000     302.30
     322.000     299.11
     323.000     300.42
     324.000     298.81
     325.000     298.73
     326.000     297.56
     327.000     301.75
     328.000     299.85
     329.000     300.83
     330.000     300.97
     331.000     299.20
     332.000     300.68
     333.000     298.95
     334.000     299.93
     335.000     298.94
     336.000     299.02
     337.000     298.88
     338.000     299.68
     339.000     298.50
     340.000     299.52
     341.000     301.02
     342.000     299.51
     343.000     299.49
     344.000     300.59
     345.000     302.06
     346.000     299.59
     347.000     299.74
     348.000     299.92
     349.000     300.41
     350.000     300.91
     351.000     299.83
     352.000     300.54
     353.000     301.37
     354.000     301.44
     355.000     300.30
     356.000     301.62
     357.000     300.30
     358.000     298.26
     359.000     299.40
     360.000     299.18
     361.000     300.90
     362.000     301.38
     363.000     299.17
     364.000     299.07
     365.000     299.79
     366.000     302.00
     367.000     299.89
     368.000     298.83
     369.000     298.35
     370.000     301.31
     371.000     299.90
     372.000     299.91
     373.000     299.28
     374.000     300.68
     375.000     300.61
     376.000     299.26
     377.000     301.93
     378.000     301.14
     379.000     299.06
     380.000     300.86
     381.000     299.80
     382.000     299.63
     383.000     299.05
     384.000     301.12
     385.000     300.10
     386.000     299.31
     387.000     300.80
     388.000     299.05
     389.000     300.28
     390.000     300.19
     391.000     298.63
     392.000     302.09
     393.000     299.10
     394.000     300.41
     395.000     298.82
     396.000     301.35
     397.000     300.40
     398.000     301.30
     399.000     301.05
     400.000     300.86
