1			-1.0722E+05
5			-1.0723E+05
10			-1.0725E+05
15			-1.0730E+05
20			-1.0736E+05
25			-1.0738E+05
30			-1.0740E+05
35			-1.0741E+05
40			-1.0743E+05
45			-1.0746E+05
50			-1.0747E+05
55			-1.0749E+05
60			-1.0750E+05
65			-1.0752E+05
70			-1.0753E+05
75			-1.0755E+05
80			-1.0756E+05
85			-1.0757E+05
90			-1.0758E+05
95			-1.0759E+05
100			-1.0761E+05
105			-1.0762E+05
110			-1.0763E+05
115			-1.0764E+05
120			-1.0765E+05
125			-1.0766E+05
130			-1.0767E+05
135			-1.0769E+05
140			-1.0770E+05
145			-1.0771E+05
150			-1.0772E+05
155			-1.0773E+05
160			-1.0774E+05
165			-1.0775E+05
170			-1.0776E+05
175			-1.0777E+05
180			-1.0778E+05
185			-1.0778E+05
190			-1.0779E+05
195			-1.0780E+05
200			-1.0781E+05
205			-1.0781E+05
210			-1.0792E+05
215			-1.0798E+05
220			-1.0802E+05
225			-1.0810E+05
230			-1.0810E+05
235			-1.0814E+05
240			-1.0816E+05
245			-1.0818E+05
250			-1.0821E+05
255			-1.0821E+05
260			-1.0823E+05
265			-1.0825E+05
270			-1.0826E+05
275			-1.0829E+05
280			-1.0829E+05
285			-1.0831E+05
290			-1.0832E+05
295			-1.0834E+05
300			-1.0837E+05
305			-1.0837E+05
310			-1.0839E+05
315			-1.0841E+05
320			-1.0842E+05
325			-1.0843E+05
330			-1.0843E+05
335			-1.0844E+05
340			-1.0845E+05
345			-1.0848E+05
350			-1.0851E+05
355			-1.0851E+05
360			-1.0854E+05
365			-1.0855E+05
370			-1.0856E+05
375			-1.0857E+05
380			-1.0857E+05
385			-1.0858E+05
390			-1.0859E+05
395			-1.0862E+05
400			-1.0866E+05
405			-1.0866E+05
410			-1.0870E+05
415			-1.0872E+05
420			-1.0873E+05
425			-1.0874E+05
430			-1.0874E+05
435			-1.0874E+05
440			-1.0875E+05
445			-1.0878E+05
450			-1.0881E+05
455			-1.0881E+05
460			-1.0884E+05
465			-1.0885E+05
470			-1.0886E+05
475			-1.0887E+05
480			-1.0887E+05
485			-1.0888E+05
490			-1.0888E+05
495			-1.0890E+05
500			-1.0893E+05
505			-1.0893E+05
510			-1.0894E+05
515			-1.0895E+05
520			-1.0896E+05
525			-1.0897E+05
530			-1.0897E+05
535			-1.0897E+05
540			-1.0898E+05
545			-1.0899E+05
550			-1.0900E+05
555			-1.0901E+05
560			-1.0902E+05
565			-1.0903E+05
570			-1.0903E+05
575			-1.0904E+05
580			-1.0904E+05
585			-1.0904E+05
590			-1.0905E+05
595			-1.0906E+05
600			-1.0908E+05
605			-1.0908E+05
610			-1.0909E+05
615			-1.0910E+05
620			-1.0910E+05
625			-1.0911E+05
630			-1.0911E+05
635			-1.0912E+05
640			-1.0913E+05
645			-1.0914E+05
650			-1.0915E+05
655			-1.0915E+05
660			-1.0916E+05
665			-1.0916E+05
670			-1.0917E+05
675			-1.0919E+05
680			-1.0919E+05
685			-1.0920E+05
690			-1.0921E+05
695			-1.0921E+05
700			-1.0922E+05
705			-1.0923E+05
710			-1.0924E+05
715			-1.0924E+05
720			-1.0925E+05
725			-1.0926E+05
730			-1.0926E+05
735			-1.0927E+05
740			-1.0927E+05
745			-1.0928E+05
750			-1.0929E+05
755			-1.0929E+05
760			-1.0929E+05
765			-1.0930E+05
770			-1.0931E+05
775			-1.0932E+05
780			-1.0932E+05
785			-1.0933E+05
790			-1.0934E+05
795			-1.0934E+05
800			-1.0935E+05
805			-1.0935E+05
810			-1.0935E+05
815			-1.0936E+05
820			-1.0937E+05
825			-1.0938E+05
830			-1.0938E+05
835			-1.0939E+05
840			-1.0939E+05
845			-1.0940E+05
850			-1.0940E+05
855			-1.0940E+05
860			-1.0941E+05
865			-1.0941E+05
870			-1.0942E+05
875			-1.0943E+05
880			-1.0943E+05
885			-1.0944E+05
890			-1.0945E+05
895			-1.0945E+05
900			-1.0946E+05
905			-1.0946E+05
910			-1.0947E+05
915			-1.0947E+05
920			-1.0948E+05
925			-1.0949E+05
930			-1.0950E+05
935			-1.0950E+05
940			-1.0951E+05
945			-1.0952E+05
950			-1.0952E+05
955			-1.0952E+05
960			-1.0953E+05
965			-1.0953E+05
970			-1.0954E+05
975			-1.0955E+05
980			-1.0955E+05
985			-1.0956E+05
990			-1.0957E+05
995			-1.0957E+05
1000			-1.0958E+05
