1			-6.9648E+04
5			-7.0003E+04
10			-7.0964E+04
15			-7.3086E+04
20			-7.7141E+04
25			-8.2609E+04
30			-8.7564E+04
35			-8.9034E+04
40			-8.9936E+04
45			-9.0654E+04
50			-9.1281E+04
55			-9.2224E+04
60			-9.2649E+04
65			-9.3104E+04
70			-9.3526E+04
75			-9.3811E+04
80			-9.4123E+04
85			-9.4397E+04
90			-9.4758E+04
95			-9.4882E+04
100			-9.5108E+04
105			-9.5464E+04
110			-9.5642E+04
115			-9.5845E+04
120			-9.6035E+04
125			-9.6215E+04
130			-9.6388E+04
135			-9.6518E+04
140			-9.6671E+04
145			-9.6813E+04
150			-9.6945E+04
155			-9.7078E+04
160			-9.7211E+04
165			-9.7379E+04
170			-9.7433E+04
175			-9.7550E+04
180			-9.7738E+04
185			-9.7836E+04
190			-9.7946E+04
195			-9.8056E+04
200			-9.8164E+04
205			-9.8215E+04
210			-9.9919E+04
215			-1.0011E+05
220			-1.0073E+05
225			-1.0093E+05
230			-1.0093E+05
235			-1.0111E+05
240			-1.0136E+05
245			-1.0161E+05
250			-1.0176E+05
255			-1.0176E+05
260			-1.0189E+05
265			-1.0197E+05
270			-1.0222E+05
275			-1.0238E+05
280			-1.0239E+05
285			-1.0251E+05
290			-1.0259E+05
295			-1.0272E+05
300			-1.0283E+05
305			-1.0283E+05
310			-1.0292E+05
315			-1.0300E+05
320			-1.0310E+05
325			-1.0317E+05
330			-1.0317E+05
335			-1.0325E+05
340			-1.0331E+05
345			-1.0341E+05
350			-1.0347E+05
355			-1.0347E+05
360			-1.0355E+05
365			-1.0361E+05
370			-1.0369E+05
375			-1.0374E+05
380			-1.0374E+05
385			-1.0380E+05
390			-1.0386E+05
395			-1.0393E+05
400			-1.0398E+05
405			-1.0398E+05
410			-1.0405E+05
415			-1.0409E+05
420			-1.0415E+05
425			-1.0420E+05
430			-1.0420E+05
435			-1.0426E+05
440			-1.0431E+05
445			-1.0436E+05
450			-1.0440E+05
455			-1.0440E+05
460			-1.0445E+05
465			-1.0448E+05
470			-1.0455E+05
475			-1.0459E+05
480			-1.0459E+05
485			-1.0464E+05
490			-1.0468E+05
495			-1.0473E+05
500			-1.0476E+05
505			-1.0477E+05
510			-1.0481E+05
515			-1.0484E+05
520			-1.0489E+05
525			-1.0492E+05
530			-1.0493E+05
535			-1.0497E+05
540			-1.0501E+05
545			-1.0504E+05
550			-1.0508E+05
555			-1.0508E+05
560			-1.0513E+05
565			-1.0515E+05
570			-1.0520E+05
575			-1.0523E+05
580			-1.0523E+05
585			-1.0527E+05
590			-1.0531E+05
595			-1.0534E+05
600			-1.0538E+05
605			-1.0538E+05
610			-1.0542E+05
615			-1.0544E+05
620			-1.0549E+05
625			-1.0552E+05
630			-1.0552E+05
635			-1.0555E+05
640			-1.0559E+05
645			-1.0562E+05
650			-1.0566E+05
655			-1.0566E+05
660			-1.0571E+05
665			-1.0573E+05
670			-1.0577E+05
675			-1.0580E+05
680			-1.0580E+05
685			-1.0583E+05
690			-1.0586E+05
695			-1.0590E+05
700			-1.0592E+05
705			-1.0593E+05
710			-1.0596E+05
715			-1.0599E+05
720			-1.0601E+05
725			-1.0603E+05
730			-1.0604E+05
735			-1.0606E+05
740			-1.0609E+05
745			-1.0611E+05
750			-1.0615E+05
755			-1.0615E+05
760			-1.0619E+05
765			-1.0620E+05
770			-1.0623E+05
775			-1.0625E+05
780			-1.0625E+05
785			-1.0627E+05
790			-1.0629E+05
795			-1.0632E+05
800			-1.0634E+05
805			-1.0634E+05
810			-1.0637E+05
815			-1.0639E+05
820			-1.0641E+05
825			-1.0642E+05
830			-1.0642E+05
835			-1.0644E+05
840			-1.0646E+05
845			-1.0648E+05
850			-1.0652E+05
855			-1.0652E+05
860			-1.0655E+05
865			-1.0656E+05
870			-1.0658E+05
875			-1.0659E+05
880			-1.0660E+05
885			-1.0661E+05
890			-1.0662E+05
895			-1.0665E+05
900			-1.0667E+05
905			-1.0667E+05
910			-1.0670E+05
915			-1.0671E+05
920			-1.0673E+05
925			-1.0674E+05
930			-1.0674E+05
935			-1.0675E+05
940			-1.0676E+05
945			-1.0679E+05
950			-1.0681E+05
955			-1.0682E+05
960			-1.0685E+05
965			-1.0686E+05
970			-1.0687E+05
975			-1.0688E+05
980			-1.0688E+05
985			-1.0689E+05
990			-1.0690E+05
995			-1.0693E+05
1000			-1.0695E+05
