1			-1.0853E+05
5			-1.0855E+05
10			-1.0857E+05
15			-1.0864E+05
20			-1.0873E+05
25			-1.0880E+05
30			-1.0884E+05
35			-1.0887E+05
40			-1.0890E+05
45			-1.0892E+05
50			-1.0896E+05
55			-1.0897E+05
60			-1.0900E+05
65			-1.0903E+05
70			-1.0905E+05
75			-1.0907E+05
80			-1.0909E+05
85			-1.0911E+05
90			-1.0913E+05
95			-1.0915E+05
100			-1.0916E+05
105			-1.0918E+05
110			-1.0920E+05
115			-1.0921E+05
120			-1.0922E+05
125			-1.0924E+05
130			-1.0926E+05
135			-1.0927E+05
140			-1.0928E+05
145			-1.0929E+05
150			-1.0931E+05
155			-1.0932E+05
160			-1.0934E+05
165			-1.0935E+05
170			-1.0936E+05
175			-1.0937E+05
180			-1.0939E+05
185			-1.0940E+05
190			-1.0941E+05
195			-1.0942E+05
200			-1.0943E+05
205			-1.0944E+05
210			-1.0958E+05
215			-1.0970E+05
220			-1.0976E+05
225			-1.0980E+05
230			-1.0981E+05
235			-1.0984E+05
240			-1.0985E+05
245			-1.0988E+05
250			-1.0991E+05
255			-1.0991E+05
260			-1.0994E+05
265			-1.0995E+05
270			-1.0998E+05
275			-1.1000E+05
280			-1.1000E+05
285			-1.1001E+05
290			-1.1002E+05
295			-1.1005E+05
300			-1.1007E+05
305			-1.1007E+05
310			-1.1009E+05
315			-1.1011E+05
320			-1.1012E+05
325			-1.1014E+05
330			-1.1015E+05
335			-1.1016E+05
340			-1.1017E+05
345			-1.1019E+05
350			-1.1022E+05
355			-1.1022E+05
360			-1.1024E+05
365			-1.1025E+05
370			-1.1027E+05
375			-1.1028E+05
380			-1.1028E+05
385			-1.1029E+05
390			-1.1030E+05
395			-1.1032E+05
400			-1.1035E+05
405			-1.1035E+05
410			-1.1038E+05
415			-1.1040E+05
420			-1.1040E+05
425			-1.1041E+05
430			-1.1042E+05
435			-1.1042E+05
440			-1.1043E+05
445			-1.1048E+05
450			-1.1054E+05
455			-1.1054E+05
460			-1.1057E+05
465			-1.1058E+05
470			-1.1059E+05
475			-1.1060E+05
480			-1.1060E+05
485			-1.1061E+05
490			-1.1061E+05
495			-1.1063E+05
500			-1.1067E+05
505			-1.1067E+05
510			-1.1070E+05
515			-1.1071E+05
520			-1.1072E+05
525			-1.1073E+05
530			-1.1073E+05
535			-1.1074E+05
540			-1.1075E+05
545			-1.1077E+05
550			-1.1081E+05
555			-1.1081E+05
560			-1.1083E+05
565			-1.1084E+05
570			-1.1086E+05
575			-1.1086E+05
580			-1.1086E+05
585			-1.1087E+05
590			-1.1088E+05
595			-1.1089E+05
600			-1.1090E+05
605			-1.1090E+05
610			-1.1092E+05
615			-1.1093E+05
620			-1.1093E+05
625			-1.1095E+05
630			-1.1095E+05
635			-1.1095E+05
640			-1.1096E+05
645			-1.1098E+05
650			-1.1101E+05
655			-1.1101E+05
660			-1.1104E+05
665			-1.1105E+05
670			-1.1106E+05
675			-1.1107E+05
680			-1.1107E+05
685			-1.1107E+05
690			-1.1108E+05
695			-1.1109E+05
700			-1.1111E+05
705			-1.1112E+05
710			-1.1113E+05
715			-1.1114E+05
720			-1.1115E+05
725			-1.1115E+05
730			-1.1116E+05
735			-1.1116E+05
740			-1.1117E+05
745			-1.1118E+05
750			-1.1120E+05
755			-1.1120E+05
760			-1.1122E+05
765			-1.1123E+05
770			-1.1124E+05
775			-1.1124E+05
780			-1.1124E+05
785			-1.1125E+05
790			-1.1125E+05
795			-1.1126E+05
800			-1.1128E+05
805			-1.1128E+05
810			-1.1130E+05
815			-1.1130E+05
820			-1.1131E+05
825			-1.1131E+05
830			-1.1132E+05
835			-1.1132E+05
840			-1.1133E+05
845			-1.1133E+05
850			-1.1135E+05
855			-1.1135E+05
860			-1.1137E+05
865			-1.1137E+05
870			-1.1138E+05
875			-1.1138E+05
880			-1.1138E+05
885			-1.1139E+05
890			-1.1139E+05
895			-1.1140E+05
900			-1.1142E+05
905			-1.1142E+05
910			-1.1143E+05
915			-1.1144E+05
920			-1.1144E+05
925			-1.1145E+05
930			-1.1145E+05
935			-1.1145E+05
940			-1.1146E+05
945			-1.1146E+05
950			-1.1148E+05
955			-1.1149E+05
960			-1.1150E+05
965			-1.1151E+05
970			-1.1151E+05
975			-1.1152E+05
980			-1.1152E+05
985			-1.1152E+05
990			-1.1153E+05
995			-1.1153E+05
1000			-1.1155E+05
