1			-5.8525E+04
5			-6.2281E+04
10			-6.6416E+04
15			-6.9929E+04
20			-7.4999E+04
25			-8.1772E+04
30			-8.7895E+04
35			-8.9471E+04
40			-9.0356E+04
45			-9.1203E+04
50			-9.2190E+04
55			-9.2721E+04
60			-9.3253E+04
65			-9.3707E+04
70			-9.4142E+04
75			-9.4444E+04
80			-9.4764E+04
85			-9.5046E+04
90			-9.5326E+04
95			-9.5673E+04
100			-9.5769E+04
105			-9.5989E+04
110			-9.6347E+04
115			-9.6519E+04
120			-9.6720E+04
125			-9.6892E+04
130			-9.7075E+04
135			-9.7242E+04
140			-9.7363E+04
145			-9.7512E+04
150			-9.7645E+04
155			-9.7772E+04
160			-9.7908E+04
165			-9.8081E+04
170			-9.8138E+04
175			-9.8256E+04
180			-9.8367E+04
185			-9.8554E+04
190			-9.8649E+04
195			-9.8761E+04
200			-9.8870E+04
205			-9.8933E+04
210			-1.0028E+05
215			-1.0082E+05
220			-1.0127E+05
225			-1.0172E+05
230			-1.0173E+05
235			-1.0205E+05
240			-1.0225E+05
245			-1.0246E+05
250			-1.0262E+05
255			-1.0262E+05
260			-1.0277E+05
265			-1.0284E+05
270			-1.0303E+05
275			-1.0328E+05
280			-1.0329E+05
285			-1.0346E+05
290			-1.0355E+05
295			-1.0366E+05
300			-1.0376E+05
305			-1.0376E+05
310			-1.0385E+05
315			-1.0392E+05
320			-1.0402E+05
325			-1.0412E+05
330			-1.0412E+05
335			-1.0422E+05
340			-1.0428E+05
345			-1.0438E+05
350			-1.0445E+05
355			-1.0445E+05
360			-1.0454E+05
365			-1.0461E+05
370			-1.0468E+05
375			-1.0475E+05
380			-1.0476E+05
385			-1.0484E+05
390			-1.0489E+05
395			-1.0498E+05
400			-1.0503E+05
405			-1.0503E+05
410			-1.0509E+05
415			-1.0515E+05
420			-1.0521E+05
425			-1.0527E+05
430			-1.0527E+05
435			-1.0534E+05
440			-1.0539E+05
445			-1.0545E+05
450			-1.0549E+05
455			-1.0549E+05
460			-1.0554E+05
465			-1.0558E+05
470			-1.0564E+05
475			-1.0569E+05
480			-1.0569E+05
485			-1.0575E+05
490			-1.0579E+05
495			-1.0584E+05
500			-1.0587E+05
505			-1.0587E+05
510			-1.0591E+05
515			-1.0595E+05
520			-1.0599E+05
525			-1.0604E+05
530			-1.0604E+05
535			-1.0609E+05
540			-1.0612E+05
545			-1.0617E+05
550			-1.0619E+05
555			-1.0619E+05
560			-1.0622E+05
565			-1.0626E+05
570			-1.0630E+05
575			-1.0634E+05
580			-1.0634E+05
585			-1.0639E+05
590			-1.0642E+05
595			-1.0646E+05
600			-1.0648E+05
605			-1.0648E+05
610			-1.0651E+05
615			-1.0654E+05
620			-1.0658E+05
625			-1.0661E+05
630			-1.0661E+05
635			-1.0666E+05
640			-1.0668E+05
645			-1.0672E+05
650			-1.0674E+05
655			-1.0674E+05
660			-1.0676E+05
665			-1.0679E+05
670			-1.0682E+05
675			-1.0686E+05
680			-1.0686E+05
685			-1.0690E+05
690			-1.0692E+05
695			-1.0696E+05
700			-1.0697E+05
705			-1.0697E+05
710			-1.0700E+05
715			-1.0703E+05
720			-1.0705E+05
725			-1.0711E+05
730			-1.0711E+05
735			-1.0714E+05
740			-1.0715E+05
745			-1.0719E+05
750			-1.0722E+05
755			-1.0722E+05
760			-1.0725E+05
765			-1.0728E+05
770			-1.0730E+05
775			-1.0732E+05
780			-1.0732E+05
785			-1.0735E+05
790			-1.0736E+05
795			-1.0739E+05
800			-1.0741E+05
805			-1.0741E+05
810			-1.0743E+05
815			-1.0746E+05
820			-1.0747E+05
825			-1.0751E+05
830			-1.0751E+05
835			-1.0753E+05
840			-1.0754E+05
845			-1.0758E+05
850			-1.0760E+05
855			-1.0760E+05
860			-1.0762E+05
865			-1.0764E+05
870			-1.0766E+05
875			-1.0767E+05
880			-1.0768E+05
885			-1.0769E+05
890			-1.0770E+05
895			-1.0772E+05
900			-1.0774E+05
905			-1.0774E+05
910			-1.0776E+05
915			-1.0778E+05
920			-1.0779E+05
925			-1.0781E+05
930			-1.0781E+05
935			-1.0783E+05
940			-1.0785E+05
945			-1.0786E+05
950			-1.0789E+05
955			-1.0789E+05
960			-1.0791E+05
965			-1.0792E+05
970			-1.0794E+05
975			-1.0795E+05
980			-1.0795E+05
985			-1.0796E+05
990			-1.0798E+05
995			-1.0799E+05
1000			-1.0801E+05
