       0.000           0.0000
       0.500         166.3307
       1.000         223.4169
       1.500         326.7715
       2.000         431.8293
       2.500         543.8174
       3.000         646.1926
       3.500         759.3930
       4.000         872.0768
       4.500         976.2517
       5.000        1089.9441
       5.500        1202.7930
       6.000        1290.2887
       6.500        1423.1830
       7.000        1554.1416
       7.500        1644.3867
       8.000        1764.3118
       8.500        1861.8311
       9.000        1988.2998
       9.500        2084.5002
      10.000        2186.0278
      10.500        2308.8127
      11.000        2421.7009
      11.500        2518.2102
      12.000        2626.8438
      12.500        2779.1890
      13.000        2849.1255
      13.500        2987.5903
      14.000        3092.3665
      14.500        3190.4175
      15.000        3309.3530
      15.500        3411.0596
      16.000        3503.6792
      16.500        3629.1704
      17.000        3760.1580
      17.500        3892.4248
      18.000        3949.0776
      18.500        4029.2991
      19.000        4238.1455
      19.500        4283.2383
      20.000        4452.5132
      20.500        4473.4292
      21.000        4556.1553
      21.500        4588.9624
      22.000        4671.4312
      22.500        4747.3750
      23.000        4742.9800
      23.500        4860.0298
      24.000        4878.6904
      24.500        4924.2432
      25.000        5019.5835
      25.500        5039.9058
      26.000        5070.8701
      26.500        5106.2886
      27.000        5198.1455
      27.500        5212.4272
      28.000        5314.1113
      28.500        5390.7002
      29.000        5370.2969
      29.500        5466.3398
      30.000        5528.1079
      30.500        5600.3540
      31.000        5640.3184
      31.500        5724.9155
      32.000        5715.7935
      32.500        5842.6777
      33.000        5868.1484
      33.500        5929.6450
      34.000        6019.5068
      34.500        6009.7847
      35.000        6065.1919
      35.500        6142.1216
      36.000        6184.6875
      36.500        6278.0410
      37.000        6377.0859
      37.500        6411.7734
      38.000        6381.1914
      38.500        6433.8213
      39.000        6487.4121
      39.500        6589.0869
      40.000        6693.7959
      40.500        6729.4912
      41.000        6794.8677
      41.500        6837.3730
      42.000        6888.0630
      42.500        6951.4102
      43.000        7042.0527
      43.500        7016.6333
      44.000        7094.9209
      44.500        7226.3843
      45.000        7215.0806
      45.500        7232.0835
      46.000        7278.4619
      46.500        7460.0444
      47.000        7422.4502
      47.500        7511.0938
      48.000        7518.1362
      48.500        7595.9873
      49.000        7615.8125
      49.500        7777.5586
      50.000        7700.0459
      50.500        7844.1318
      51.000        7774.9229
      51.500        7927.8999
      52.000        8021.9448
      52.500        7882.2954
      53.000        8141.2559
      53.500        8091.4629
      54.000        8226.9277
      54.500        8279.9570
      55.000        8336.9307
      55.500        8342.0312
      56.000        8441.2588
      56.500        8592.9512
      57.000        8474.1807
      57.500        8693.6826
      58.000        8701.5684
      58.500        8733.9932
      59.000        8853.7324
      59.500        8794.8477
      60.000        8873.0176
      60.500        8844.0361
      61.000        8949.6230
      61.500        8978.5381
      62.000        9037.7334
      62.500        9008.5713
      63.000        8952.2109
      63.500        9072.5947
      64.000        9108.2354
      64.500        9176.4365
      65.000        9083.6641
      65.500        9144.8281
      66.000        9202.8906
      66.500        9257.4424
      67.000        9261.6748
      67.500        9270.5312
      68.000        9320.7705
      68.500        9372.6445
      69.000        9340.7119
      69.500        9483.5957
      70.000        9380.3477
      70.500        9406.5020
      71.000        9397.3633
      71.500        9441.3760
      72.000        9516.2129
      72.500        9624.8838
      73.000        9495.2910
      73.500        9709.2178
      74.000        9620.8262
      74.500        9656.3604
      75.000        9708.5098
      75.500        9714.8779
      76.000        9681.6572
      76.500        9682.4971
      77.000        9680.9932
      77.500        9788.1348
      78.000        9891.0596
      78.500        9900.9873
      79.000        9844.7646
      79.500        9879.6006
      80.000        9914.1670
      80.500        9943.9600
      81.000       10067.7520
      81.500       10031.0371
      82.000       10148.9961
      82.500       10028.5381
      83.000       10263.5762
      83.500       10182.4717
      84.000       10082.2451
      84.500       10357.7998
      85.000       10330.8105
      85.500       10358.9873
      86.000       10264.0361
      86.500       10330.3955
      87.000       10327.0811
      87.500       10426.6650
      88.000       10315.2578
      88.500       10519.1748
      89.000       10574.0967
      89.500       10528.0322
      90.000       10467.5713
      90.500       10649.5957
      91.000       10623.0166
      91.500       10623.7051
      92.000       10652.4160
      92.500       10679.9932
      93.000       10676.1982
      93.500       10643.4014
      94.000       10781.3877
      94.500       10809.5508
      95.000       10832.5146
      95.500       10874.0400
      96.000       10770.0410
      96.500       10882.0078
      97.000       11007.4756
      97.500       10904.5127
      98.000       11014.8105
      98.500       11095.9941
      99.000       11012.6709
      99.500       11154.1123
     100.000       11030.8701
     100.500       11155.0674
     101.000       11087.9258
     101.500       11167.6152
     102.000       11263.9385
     102.500       11113.6543
     103.000       11296.2363
     103.500       11300.0234
     104.000       11271.2900
     104.500       11368.1963
     105.000       11467.8613
     105.500       11401.3281
     106.000       11492.1250
     106.500       11453.0840
     107.000       11438.2080
     107.500       11511.3193
     108.000       11540.4512
     108.500       11631.6465
     109.000       11584.7031
     109.500       11639.8887
     110.000       11701.5107
     110.500       11594.9678
     111.000       11778.6709
     111.500       11695.2656
     112.000       11795.9893
     112.500       11874.6064
     113.000       11840.2803
     113.500       11834.0996
     114.000       11850.5811
     114.500       11953.8721
     115.000       12002.6396
     115.500       11910.7334
     116.000       12101.6572
     116.500       11909.3389
     117.000       12035.8809
     117.500       12079.2412
     118.000       12025.7793
     118.500       11945.9189
     119.000       12205.9580
     119.500       12088.5947
     120.000       12267.3398
     120.500       12108.3789
     121.000       12247.0693
     121.500       12326.1592
     122.000       12349.2715
     122.500       12272.6709
     123.000       12388.3232
     123.500       12409.7393
     124.000       12449.6953
     124.500       12489.1934
     125.000       12551.2822
     125.500       12586.6064
     126.000       12485.4844
     126.500       12559.8271
     127.000       12547.8975
     127.500       12592.2383
     128.000       12617.0107
     128.500       12640.1318
     129.000       12718.5938
     129.500       12754.5586
     130.000       12764.3037
     130.500       12842.7178
     131.000       12836.3311
     131.500       12944.5859
     132.000       12813.1582
     132.500       12984.0137
     133.000       13006.0049
     133.500       12975.6611
     134.000       12997.2969
     134.500       13078.9502
     135.000       13027.1777
     135.500       13094.8994
     136.000       12962.9619
     136.500       13084.2920
     137.000       13103.1367
     137.500       13244.9902
     138.000       12993.9619
     138.500       13395.4102
     139.000       13293.7725
     139.500       13326.7471
     140.000       13277.8809
     140.500       13180.7441
     141.000       13448.2480
     141.500       13310.3848
     142.000       13380.3779
     142.500       13483.0166
     143.000       13187.1074
     143.500       13296.4736
     144.000       13502.3701
     144.500       13356.2266
     145.000       13380.7090
     145.500       13271.7646
     146.000       13199.2090
     146.500       13301.0098
     147.000       13400.3027
     147.500       13286.3574
     148.000       13086.1836
     148.500       13327.3350
     149.000       13281.4424
     149.500       13464.7480
     150.000       13369.3564
     150.500       13386.1523
     151.000       13313.8740
     151.500       13275.5713
     152.000       13241.8486
     152.500       13363.1445
     153.000       13467.1426
     153.500       13349.6025
     154.000       13262.8477
     154.500       13504.6807
     155.000       13359.7549
     155.500       13370.4111
     156.000       13295.1768
     156.500       13293.3008
     157.000       13175.4854
     157.500       13340.7559
     158.000       13263.1221
     158.500       13375.5508
     159.000       13342.9385
     159.500       13261.1523
     160.000       13414.7178
     160.500       13297.8838
     161.000       13416.7031
     161.500       13258.3164
     162.000       13285.5088
     162.500       13326.4014
     163.000       13267.8242
     163.500       13287.7793
     164.000       13264.9521
     164.500       13392.7471
     165.000       13435.4385
     165.500       13454.3252
     166.000       13329.5488
     166.500       13327.7344
     167.000       13260.9150
     167.500       13101.4072
     168.000       13423.6455
     168.500       13340.9307
     169.000       13289.3838
     169.500       13233.5547
     170.000       13428.8945
     170.500       13353.6777
     171.000       13340.8232
     171.500       13317.8750
     172.000       13264.1709
     172.500       13232.7236
     173.000       13239.3223
     173.500       13340.7197
     174.000       13494.7344
     174.500       13338.6670
     175.000       13178.1338
     175.500       13315.4824
     176.000       13335.4219
     176.500       13361.5859
     177.000       13415.7783
     177.500       13249.1660
     178.000       13272.8232
     178.500       13388.8955
     179.000       13357.7529
     179.500       13383.0820
     180.000       13338.4570
     180.500       13421.3857
     181.000       13310.7441
     181.500       13342.8496
     182.000       13339.2861
     182.500       13147.3662
     183.000       13253.3135
     183.500       13440.2139
     184.000       13371.0732
     184.500       13227.6787
     185.000       13319.7129
     185.500       13212.2686
     186.000       13307.2891
     186.500       13199.4541
     187.000       13215.6250
     187.500       13311.5381
     188.000       13409.6543
     188.500       13187.9072
     189.000       13416.9053
     189.500       13372.5059
     190.000       13526.7217
     190.500       13256.7275
     191.000       13292.6006
     191.500       13305.3760
     192.000       13261.0586
     192.500       13438.8809
     193.000       13298.9395
     193.500       13263.3525
     194.000       13268.8701
     194.500       13379.4932
     195.000       13304.9121
     195.500       13290.8242
     196.000       13388.8086
     196.500       13427.6025
     197.000       13403.1152
     197.500       13305.3994
     198.000       13566.5195
     198.500       13238.9238
     199.000       13298.1387
     199.500       13178.4238
     200.000       13364.9238
     200.500       13308.9971
     201.000       13409.7910
     201.500       13168.3281
     202.000       13471.1084
     202.500       13258.1123
     203.000       13359.0518
     203.500       13305.0156
     204.000       13272.4941
     204.500       13423.9824
     205.000       13346.1133
     205.500       13375.8359
     206.000       13530.5537
     206.500       13395.8428
     207.000       13237.3457
     207.500       13352.2910
     208.000       13320.4033
     208.500       13312.6758
     209.000       13292.2188
     209.500       13419.5156
     210.000       13447.8643
     210.500       13239.3721
     211.000       13311.8838
     211.500       13338.2627
     212.000       13345.4775
     212.500       13244.7480
     213.000       13226.8643
     213.500       13255.3311
     214.000       13273.0439
     214.500       13265.5391
     215.000       13298.3477
     215.500       13355.0186
     216.000       13385.2930
     216.500       13434.3447
     217.000       13237.8916
     217.500       13218.0322
     218.000       13268.3271
     218.500       13323.7070
     219.000       13142.8311
     219.500       13344.4238
     220.000       13320.7178
     220.500       13284.6377
     221.000       13339.9082
     221.500       13276.6211
     222.000       13281.9980
     222.500       13354.8057
     223.000       13355.8389
     223.500       13389.8584
     224.000       13465.5684
     224.500       13225.3467
     225.000       13227.1299
     225.500       13331.0371
     226.000       13268.9707
     226.500       13474.6182
     227.000       13480.5293
     227.500       13366.6123
     228.000       13353.2197
     228.500       13385.1191
     229.000       13323.4893
     229.500       13152.6670
     230.000       13382.4961
     230.500       13415.8252
     231.000       13302.4492
     231.500       13238.5371
     232.000       13380.7842
     232.500       13301.2793
     233.000       13360.1377
     233.500       13227.4287
     234.000       13191.4756
     234.500       13270.4336
     235.000       13283.9922
     235.500       13255.5049
     236.000       13496.0244
     236.500       13526.3047
     237.000       13431.1602
     237.500       13345.9277
     238.000       13331.0889
     238.500       13247.5420
     239.000       13295.1289
     239.500       13573.3750
     240.000       13285.3115
     240.500       13259.6240
     241.000       13243.0869
     241.500       13318.8955
     242.000       13387.9551
     242.500       13353.6846
     243.000       13386.1152
     243.500       13306.7578
     244.000       13307.3857
     244.500       13372.3848
     245.000       13240.9814
     245.500       13412.6582
     246.000       13278.3057
     246.500       13258.4258
     247.000       13204.7969
     247.500       13381.4307
     248.000       13390.8184
     248.500       13207.8027
     249.000       13390.6455
     249.500       13185.9727
     250.000       13411.9150
     250.500       13386.7402
     251.000       13204.9229
     251.500       13285.3096
     252.000       13321.3066
     252.500       13273.8057
     253.000       13322.0850
     253.500       13375.8496
     254.000       13209.0693
     254.500       13226.5781
     255.000       13213.0469
     255.500       13359.9521
     256.000       13296.8096
     256.500       13458.8379
     257.000       13386.7285
     257.500       13285.9756
     258.000       13512.1982
     258.500       13237.9727
     259.000       13199.2100
     259.500       13343.1611
     260.000       13276.7783
     260.500       13134.0889
     261.000       13357.8799
     261.500       13446.8711
     262.000       13469.0459
     262.500       13256.6934
     263.000       13267.3320
     263.500       13211.1631
     264.000       13420.8047
     264.500       13248.2705
     265.000       13261.2988
     265.500       13296.4648
     266.000       13560.3838
     266.500       13252.1836
     267.000       13218.3789
     267.500       13320.2656
     268.000       13208.2080
     268.500       13350.0850
     269.000       13454.8965
     269.500       13312.0879
     270.000       13168.4248
     270.500       13278.8662
     271.000       13356.6680
     271.500       13435.4834
     272.000       13293.6553
     272.500       13156.7598
     273.000       13400.2891
     273.500       13408.8604
     274.000       13280.8711
     274.500       13359.8848
     275.000       13203.8721
     275.500       13263.5039
     276.000       13323.1562
     276.500       13407.2051
     277.000       13367.4307
     277.500       13411.4883
     278.000       13317.5078
     278.500       13364.4971
     279.000       13284.9277
     279.500       13354.1045
     280.000       13215.0029
     280.500       13352.3447
     281.000       13210.4873
     281.500       13169.8076
     282.000       13274.9551
     282.500       13332.9668
     283.000       13357.6807
     283.500       13354.0518
     284.000       13448.9365
     284.500       13251.7344
     285.000       13427.7773
     285.500       13303.3516
     286.000       13273.8223
     286.500       13382.7227
     287.000       13468.8232
     287.500       13202.7686
     288.000       13398.6445
     288.500       13214.1230
     289.000       13353.3076
     289.500       13207.3799
     290.000       13438.4678
     290.500       13329.2695
     291.000       13206.4268
     291.500       13355.6748
     292.000       13287.8730
     292.500       13326.5684
     293.000       13449.4043
     293.500       13421.2734
     294.000       13276.6133
     294.500       13309.5801
     295.000       13356.3184
     295.500       13336.4004
     296.000       13541.7754
     296.500       13392.7832
     297.000       13246.1025
     297.500       13216.5605
     298.000       13404.9219
     298.500       13388.5713
     299.000       13223.7617
     299.500       13269.1572
     300.000       13294.7051
     300.500       13317.3994
     301.000       13191.0928
     301.500       13297.2324
     302.000       13374.6670
     302.500       13372.6084
     303.000       13322.0732
     303.500       13406.7930
     304.000       13334.6699
     304.500       13521.0000
     305.000       13371.3037
     305.500       13130.6055
     306.000       13354.9658
     306.500       13195.4648
     307.000       13405.5967
     307.500       13292.1562
     308.000       13297.8760
     308.500       13247.2266
     309.000       13207.4600
     309.500       13333.0996
     310.000       13081.0840
     310.500       13361.8369
     311.000       13414.4619
     311.500       13443.2285
     312.000       13276.0635
     312.500       13380.5781
     313.000       13300.2354
     313.500       13379.1855
     314.000       13205.5088
     314.500       13390.3193
     315.000       13338.7002
     315.500       13449.9580
     316.000       13356.3301
     316.500       13295.2080
     317.000       13390.5273
     317.500       13328.4980
     318.000       13314.1309
     318.500       13381.4277
     319.000       13236.1064
     319.500       13406.9492
     320.000       13285.2764
     320.500       13153.8652
     321.000       13394.2969
     321.500       13223.6006
     322.000       13318.0283
     322.500       13241.7031
     323.000       13529.8457
     323.500       13344.3975
     324.000       13341.0459
     324.500       13182.9590
     325.000       13494.8477
     325.500       13305.3877
     326.000       13479.9746
     326.500       13441.5146
     327.000       13403.9570
     327.500       13226.9688
     328.000       13402.8135
     328.500       13309.3223
     329.000       13224.8047
     329.500       13325.7070
     330.000       13359.8945
     330.500       13462.7812
     331.000       13338.1367
     331.500       13382.5742
     332.000       13308.1895
     332.500       13314.5967
     333.000       13266.4453
     333.500       13300.5146
     334.000       13436.9170
     334.500       13286.7236
     335.000       13469.7480
     335.500       13343.9434
     336.000       13336.6689
     336.500       13278.7490
     337.000       13403.9121
     337.500       13342.8604
     338.000       13286.4707
     338.500       13338.2412
     339.000       13371.8887
     339.500       13330.9854
     340.000       13371.7959
     340.500       13201.9785
     341.000       13218.9570
     341.500       13536.1611
     342.000       13294.3799
     342.500       13282.3994
     343.000       13384.6689
     343.500       13346.6602
     344.000       13303.1396
     344.500       13255.7520
     345.000       13208.3535
     345.500       13365.2578
     346.000       13191.4307
     346.500       13351.7900
     347.000       13204.4688
     347.500       13224.4785
     348.000       13273.2139
     348.500       13339.6797
     349.000       13289.0957
     349.500       13328.1631
     350.000       13174.6631
     350.500       13279.0391
     351.000       13199.4043
     351.500       13359.7598
     352.000       13477.9414
     352.500       13343.9336
     353.000       13300.5547
     353.500       13171.0107
     354.000       13213.2910
     354.500       13464.7969
     355.000       13488.1562
     355.500       13500.0752
     356.000       13328.2168
     356.500       13219.2256
     357.000       13272.0254
     357.500       13400.3662
     358.000       13366.1445
     358.500       13271.4707
     359.000       13395.3525
     359.500       13366.4854
     360.000       13202.9814
     360.500       13349.0215
     361.000       13393.7402
     361.500       13334.7383
     362.000       13296.3350
     362.500       13247.3506
     363.000       13274.8193
     363.500       13315.7227
     364.000       13389.0234
     364.500       13239.2852
     365.000       13261.2129
     365.500       13382.1045
     366.000       13248.6191
     366.500       13386.9043
     367.000       13434.0840
     367.500       13325.3877
     368.000       13320.5352
     368.500       13274.4678
     369.000       13224.8643
     369.500       13349.5098
     370.000       13347.0986
     370.500       13108.1719
     371.000       13420.0547
     371.500       13414.4434
     372.000       13342.3877
     372.500       13364.9082
     373.000       13381.7041
     373.500       13311.3018
     374.000       13302.8682
     374.500       13382.7793
     375.000       13344.8945
     375.500       13412.0273
     376.000       13271.4248
     376.500       13245.6230
     377.000       13212.6963
     377.500       13407.6904
     378.000       13403.3203
     378.500       13410.0781
     379.000       13293.8818
     379.500       13460.8027
     380.000       13271.5879
     380.500       13412.3203
     381.000       13212.8926
     381.500       13307.9912
     382.000       13270.1406
     382.500       13252.7373
     383.000       13187.3037
     383.500       13378.1133
     384.000       13379.4453
     384.500       13246.2324
     385.000       13384.6641
     385.500       13269.0020
     386.000       13529.1846
     386.500       13341.5654
     387.000       13517.4873
     387.500       13142.8154
     388.000       13331.8428
     388.500       13311.7695
     389.000       13324.0723
     389.500       13241.6270
     390.000       13259.5762
     390.500       13283.4326
     391.000       13238.4492
     391.500       13213.5283
     392.000       13316.9795
     392.500       13247.4805
     393.000       13388.3037
     393.500       13201.6182
     394.000       13210.5938
     394.500       13133.8975
     395.000       13294.1201
     395.500       13301.1748
     396.000       13481.6279
     396.500       13251.9443
     397.000       13351.7207
     397.500       13346.6846
     398.000       13413.0654
     398.500       13361.6230
     399.000       13472.3584
     399.500       13310.7939
     400.000       13291.1250
