       0.000     -127264.2223
       0.500      -91535.9072
       1.000      -91819.4449
       1.500      -91904.4601
       2.000      -91895.4134
       2.500      -91865.5485
       3.000      -91825.5023
       3.500      -91763.9378
       4.000      -91719.0105
       4.500      -91662.8607
       5.000      -91597.5383
       5.500      -91515.2306
       6.000      -91434.5717
       6.500      -91365.1477
       7.000      -91297.2649
       7.500      -91215.1048
       8.000      -91128.5897
       8.500      -91044.3323
       9.000      -90967.6688
       9.500      -90914.1200
      10.000      -90854.6387
      10.500      -90719.7399
      11.000      -90675.3204
      11.500      -90599.3889
      12.000      -90492.9697
      12.500      -90430.3861
      13.000      -90344.4576
      13.500      -90240.8086
      14.000      -90125.6570
      14.500      -90061.8821
      15.000      -89998.5637
      15.500      -89940.0027
      16.000      -89842.5025
      16.500      -89756.5813
      17.000      -89603.2578
      17.500      -89587.4134
      18.000      -89492.0515
      18.500      -89472.0957
      19.000      -89365.3805
      19.500      -89229.0640
      20.000      -89168.9311
      20.500      -89116.1612
      21.000      -89032.1733
      21.500      -89067.8759
      22.000      -88967.8557
      22.500      -88974.4209
      23.000      -88967.9456
      23.500      -88991.5334
      24.000      -88912.3192
      24.500      -88879.6379
      25.000      -88803.9715
      25.500      -88812.3324
      26.000      -88806.5677
      26.500      -88786.6468
      27.000      -88690.2102
      27.500      -88738.7223
      28.000      -88605.6797
      28.500      -88663.6821
      29.000      -88622.9118
      29.500      -88563.2690
      30.000      -88536.2810
      30.500      -88472.3665
      31.000      -88482.3872
      31.500      -88376.7706
      32.000      -88380.8170
      32.500      -88242.1963
      33.000      -88358.4971
      33.500      -88288.8912
      34.000      -88150.7980
      34.500      -88089.7854
      35.000      -88078.9202
      35.500      -88003.4630
      36.000      -88046.1485
      36.500      -88037.8686
      37.000      -87965.0843
      37.500      -87922.2737
      38.000      -87855.9777
      38.500      -87760.9355
      39.000      -87802.5909
      39.500      -87803.6668
      40.000      -87642.7830
      40.500      -87547.1343
      41.000      -87552.6011
      41.500      -87572.5610
      42.000      -87464.4618
      42.500      -87369.6402
      43.000      -87301.0449
      43.500      -87301.0068
      44.000      -87260.0837
      44.500      -87118.7753
      45.000      -87092.8819
      45.500      -87060.1418
      46.000      -86944.7459
      46.500      -86936.1241
      47.000      -86886.8427
      47.500      -86931.5302
      48.000      -86836.4991
      48.500      -86787.6732
      49.000      -86725.0008
      49.500      -86623.1715
      50.000      -86607.1104
      50.500      -86605.9224
      51.000      -86627.2093
      51.500      -86594.8680
      52.000      -86397.3295
      52.500      -86391.3061
      53.000      -86323.2276
      53.500      -86208.1814
      54.000      -86108.6487
      54.500      -86134.3707
      55.000      -86085.0901
      55.500      -86190.1823
      56.000      -86003.9650
      56.500      -85949.5662
      57.000      -86022.5188
      57.500      -85820.5164
      58.000      -85876.7012
      58.500      -85754.7524
      59.000      -85785.5215
      59.500      -85836.3656
      60.000      -85552.3928
      60.500      -85547.7250
      61.000      -85574.2905
      61.500      -85590.7528
      62.000      -85570.9111
      62.500      -85399.6980
      63.000      -85465.5278
      63.500      -85353.7140
      64.000      -85483.3268
      64.500      -85483.4983
      65.000      -85356.5730
      65.500      -85232.3414
      66.000      -85225.1793
      66.500      -85268.2003
      67.000      -85192.4535
      67.500      -85199.7905
      68.000      -85286.3551
      68.500      -85126.4388
      69.000      -85171.6924
      69.500      -85059.4152
      70.000      -85084.7430
      70.500      -85092.7499
      71.000      -85109.7222
      71.500      -85090.8219
      72.000      -84826.7187
      72.500      -85018.5052
      73.000      -84925.4226
      73.500      -84929.3626
      74.000      -84960.9726
      74.500      -84960.7706
      75.000      -84784.0328
      75.500      -84744.2197
      76.000      -84755.1000
      76.500      -84714.0036
      77.000      -84720.0110
      77.500      -84890.6433
      78.000      -84595.6212
      78.500      -84537.9351
      79.000      -84589.1812
      79.500      -84596.9105
      80.000      -84470.6580
      80.500      -84486.1999
      81.000      -84396.5945
      81.500      -84450.8348
      82.000      -84382.3524
      82.500      -84557.0398
      83.000      -84293.0561
      83.500      -84310.7691
      84.000      -84379.4645
      84.500      -84266.8084
      85.000      -84258.7516
      85.500      -84232.8044
      86.000      -84153.9984
      86.500      -84210.7963
      87.000      -84042.3790
      87.500      -84179.8231
      88.000      -84104.8454
      88.500      -84123.5317
      89.000      -84044.5400
      89.500      -84049.9204
      90.000      -83905.1516
      90.500      -84161.0253
      91.000      -84130.1531
      91.500      -83771.0489
      92.000      -83720.0256
      92.500      -83769.4456
      93.000      -83736.4391
      93.500      -83656.4148
      94.000      -83812.2358
      94.500      -83670.6884
      95.000      -83611.0915
      95.500      -83503.1182
      96.000      -83492.7173
      96.500      -83573.8919
      97.000      -83551.1732
      97.500      -83430.7735
      98.000      -83522.1973
      98.500      -83516.7326
      99.000      -83357.2414
      99.500      -83392.6542
     100.000      -83216.1194
     100.500      -83278.2132
     101.000      -83111.5324
     101.500      -83036.0792
     102.000      -82933.6364
     102.500      -82988.6849
     103.000      -82832.7404
     103.500      -82717.7592
     104.000      -82800.9662
     104.500      -82728.5500
     105.000      -82959.1646
     105.500      -82737.4802
     106.000      -82418.6302
     106.500      -82747.1138
     107.000      -82579.1091
     107.500      -82471.6332
     108.000      -82556.7430
     108.500      -82481.9507
     109.000      -82572.2873
     109.500      -82443.5122
     110.000      -82438.6594
     110.500      -82323.5192
     111.000      -82252.1584
     111.500      -82135.2303
     112.000      -82150.0872
     112.500      -82104.2894
     113.000      -82070.4029
     113.500      -82045.0070
     114.000      -81834.5120
     114.500      -81793.5005
     115.000      -81868.1992
     115.500      -81948.4962
     116.000      -81528.7554
     116.500      -81618.3435
     117.000      -81547.3702
     117.500      -81486.1709
     118.000      -81522.5216
     118.500      -81533.2734
     119.000      -81438.8090
     119.500      -81474.7457
     120.000      -81131.0631
     120.500      -81128.1830
     121.000      -81233.5392
     121.500      -81088.9871
     122.000      -81048.6351
     122.500      -81014.6462
     123.000      -80775.3917
     123.500      -80713.1797
     124.000      -80745.6725
     124.500      -80720.5396
     125.000      -80747.5426
     125.500      -80432.4362
     126.000      -80563.7744
     126.500      -80597.3391
     127.000      -80382.7425
     127.500      -80415.3555
     128.000      -80051.1145
     128.500      -80073.7546
     129.000      -80081.7263
     129.500      -80075.7413
     130.000      -79775.6960
     130.500      -79850.8545
     131.000      -79826.7942
     131.500      -79687.2395
     132.000      -79741.2104
     132.500      -79648.5135
     133.000      -79590.2441
     133.500      -79448.9313
     134.000      -79467.7447
     134.500      -79525.1552
     135.000      -79282.7514
     135.500      -79285.1635
     136.000      -79263.1090
     136.500      -78950.0301
     137.000      -78846.2566
     137.500      -78725.9350
     138.000      -78872.3218
     138.500      -78778.5295
     139.000      -78783.8830
     139.500      -78459.0439
     140.000      -78460.8789
     140.500      -78390.3383
     141.000      -78631.6097
     141.500      -78673.8760
     142.000      -78335.6992
     142.500      -78514.8711
     143.000      -78464.4304
     143.500      -78497.4573
     144.000      -78385.8598
     144.500      -78113.0528
     145.000      -78162.1314
     145.500      -78261.3121
     146.000      -78188.1368
     146.500      -78082.5098
     147.000      -78163.2884
     147.500      -78215.1539
     148.000      -78149.6146
     148.500      -78071.9145
     149.000      -77967.7881
     149.500      -77867.9557
     150.000      -77915.7108
     150.500      -77801.1183
     151.000      -78260.9314
     151.500      -78009.2850
     152.000      -78114.3717
     152.500      -77883.7774
     153.000      -77920.8544
     153.500      -77710.8310
     154.000      -77989.8047
     154.500      -78062.2827
     155.000      -77967.1876
     155.500      -78032.3355
     156.000      -77819.4587
     156.500      -77800.4697
     157.000      -77827.9758
     157.500      -77652.2828
     158.000      -77869.6648
     158.500      -77870.3655
     159.000      -78088.6568
     159.500      -78068.5819
     160.000      -78019.9402
     160.500      -78051.9074
     161.000      -77940.1931
     161.500      -78137.1597
     162.000      -78092.1503
     162.500      -77879.1362
     163.000      -78205.9120
     163.500      -78096.3808
     164.000      -78182.7813
     164.500      -78009.5794
     165.000      -77936.7460
     165.500      -78092.6062
     166.000      -77930.8588
     166.500      -78061.0552
     167.000      -78096.4422
     167.500      -78108.7532
     168.000      -78095.8233
     168.500      -78101.7254
     169.000      -78109.8949
     169.500      -77901.7928
     170.000      -78088.9091
     170.500      -78041.4442
     171.000      -77966.9235
     171.500      -78081.5304
     172.000      -78120.8191
     172.500      -78089.8878
     173.000      -78068.5620
     173.500      -78323.5847
     174.000      -78390.7437
     174.500      -78030.7565
     175.000      -77964.3968
     175.500      -77923.2934
     176.000      -77974.7316
     176.500      -77811.7038
     177.000      -77867.6424
     177.500      -78119.3235
     178.000      -77820.0464
     178.500      -78006.1906
     179.000      -77994.8037
     179.500      -78087.2058
     180.000      -78044.0733
     180.500      -77793.4194
     181.000      -78020.9463
     181.500      -77879.1907
     182.000      -77895.3595
     182.500      -78032.6547
     183.000      -78141.7101
     183.500      -78275.1729
     184.000      -78366.9717
     184.500      -78245.1669
     185.000      -78274.6528
     185.500      -78137.7062
     186.000      -78207.8151
     186.500      -78208.7614
     187.000      -78273.4878
     187.500      -78405.4328
     188.000      -78311.6568
     188.500      -78478.8771
     189.000      -78445.5088
     189.500      -78538.3762
     190.000      -78360.5738
     190.500      -78367.3877
     191.000      -78540.5531
     191.500      -78466.5231
     192.000      -78425.4604
     192.500      -78323.5794
     193.000      -78424.3643
     193.500      -78418.7147
     194.000      -78312.5517
     194.500      -78309.3665
     195.000      -78321.1707
     195.500      -78333.1041
     196.000      -78325.6403
     196.500      -78192.9182
     197.000      -78193.9460
     197.500      -78356.4902
     198.000      -78267.1996
     198.500      -78262.8386
     199.000      -78278.8141
     199.500      -78377.2933
     200.000      -78094.8074
     200.500      -77985.5734
     201.000      -78165.5168
     201.500      -78187.0407
     202.000      -78437.4245
     202.500      -78354.5869
     203.000      -78419.0899
     203.500      -78259.5552
     204.000      -78214.6262
     204.500      -78384.8949
     205.000      -78227.1870
     205.500      -78309.3324
     206.000      -78258.0595
     206.500      -77951.3418
     207.000      -78151.5542
     207.500      -78081.8066
     208.000      -78362.3714
     208.500      -77848.8898
     209.000      -78298.4215
     209.500      -78218.7645
     210.000      -78300.8261
     210.500      -78146.4774
     211.000      -78116.3009
     211.500      -78125.3280
     212.000      -78094.2493
     212.500      -78233.2374
     213.000      -78480.9503
     213.500      -78415.7211
     214.000      -78438.1581
     214.500      -78241.2122
     215.000      -78330.2067
     215.500      -78486.6110
     216.000      -78522.9541
     216.500      -78358.6313
     217.000      -78391.4765
     217.500      -78177.7009
     218.000      -78456.0550
     218.500      -78508.5210
     219.000      -78386.2746
     219.500      -78337.5976
     220.000      -78323.4147
     220.500      -78443.2948
     221.000      -78320.1253
     221.500      -78354.0997
     222.000      -78232.1069
     222.500      -78318.0260
     223.000      -78372.1248
     223.500      -78336.5758
     224.000      -78270.6615
     224.500      -78363.3629
     225.000      -78249.4399
     225.500      -78056.0873
     226.000      -78218.4107
     226.500      -78457.6739
     227.000      -78497.7511
     227.500      -78528.6746
     228.000      -78263.7368
     228.500      -78490.0012
     229.000      -78412.0687
     229.500      -78680.9639
     230.000      -78556.0535
     230.500      -78451.4982
     231.000      -78656.6404
     231.500      -78530.8327
     232.000      -78444.3058
     232.500      -78836.9138
     233.000      -78564.1638
     233.500      -78657.3088
     234.000      -78640.7257
     234.500      -78494.8923
     235.000      -78425.8603
     235.500      -78597.8520
     236.000      -78617.7917
     236.500      -78486.6349
     237.000      -78611.6384
     237.500      -78625.5512
     238.000      -78607.5256
     238.500      -78428.5165
     239.000      -78429.6875
     239.500      -78485.4636
     240.000      -78511.2584
     240.500      -78461.3780
     241.000      -78612.6365
     241.500      -78611.5454
     242.000      -78578.8156
     242.500      -78403.0941
     243.000      -78424.7898
     243.500      -78391.8646
     244.000      -78735.2712
     244.500      -78548.1056
     245.000      -78505.9195
     245.500      -78607.1327
     246.000      -78414.1621
     246.500      -78665.9974
     247.000      -78548.9798
     247.500      -78607.7502
     248.000      -78672.3296
     248.500      -78556.9134
     249.000      -78548.3275
     249.500      -78801.1177
     250.000      -78780.2077
     250.500      -78561.2276
     251.000      -78482.0438
     251.500      -78659.6919
     252.000      -78699.5782
     252.500      -78506.8838
     253.000      -78697.0395
     253.500      -78528.6796
     254.000      -78561.0533
     254.500      -78733.3487
     255.000      -78581.6681
     255.500      -78659.0839
     256.000      -78698.9709
     256.500      -78682.0187
     257.000      -78623.7111
     257.500      -78728.4318
     258.000      -78759.8382
     258.500      -78671.3192
     259.000      -78647.3988
     259.500      -78777.0563
     260.000      -78938.7213
     260.500      -78545.5331
     261.000      -78444.1763
     261.500      -78508.9950
     262.000      -78406.7399
     262.500      -78658.4957
     263.000      -78662.5945
     263.500      -78589.4442
     264.000      -78418.7939
     264.500      -78365.0408
     265.000      -78499.2997
     265.500      -78671.1154
     266.000      -78742.1153
     266.500      -78777.7686
     267.000      -78737.1796
     267.500      -78700.0451
     268.000      -78526.4974
     268.500      -78683.2800
     269.000      -78792.1622
     269.500      -78620.1038
     270.000      -78582.3976
     270.500      -78639.1312
     271.000      -78768.7759
     271.500      -78740.5925
     272.000      -78489.7873
     272.500      -78636.4570
     273.000      -78878.8877
     273.500      -78744.5397
     274.000      -78725.2624
     274.500      -78996.4645
     275.000      -78803.0652
     275.500      -78892.3195
     276.000      -78633.0850
     276.500      -78478.8329
     277.000      -78528.9006
     277.500      -78715.2323
     278.000      -78793.4586
     278.500      -79002.3311
     279.000      -78853.2614
     279.500      -78716.8702
     280.000      -78824.9539
     280.500      -79039.2830
     281.000      -78785.2860
     281.500      -78993.6141
     282.000      -78938.6377
     282.500      -78785.4319
     283.000      -78723.5878
     283.500      -78649.6021
     284.000      -78835.9316
     284.500      -79008.8926
     285.000      -78941.7904
     285.500      -78814.5746
     286.000      -79036.7575
     286.500      -78772.6509
     287.000      -78931.8375
     287.500      -78646.3288
     288.000      -78502.0336
     288.500      -78583.6400
     289.000      -78736.0859
     289.500      -78636.1810
     290.000      -78771.5055
     290.500      -78783.6664
     291.000      -78944.0874
     291.500      -78801.9888
     292.000      -79045.0621
     292.500      -78912.3686
     293.000      -78867.4857
     293.500      -78830.9167
     294.000      -78825.2683
     294.500      -78976.7677
     295.000      -78874.2078
     295.500      -78821.5620
     296.000      -78771.2271
     296.500      -78995.5965
     297.000      -78832.6680
     297.500      -78963.0559
     298.000      -78914.6372
     298.500      -78859.2193
     299.000      -78826.9523
     299.500      -78993.4200
     300.000      -78913.7353
     300.500      -78942.8868
     301.000      -78883.0067
     301.500      -78953.1107
     302.000      -78907.5471
     302.500      -78887.9041
     303.000      -78627.5356
     303.500      -78950.8317
     304.000      -79127.2554
     304.500      -78850.9583
     305.000      -78968.6133
     305.500      -79132.6968
     306.000      -79109.9046
     306.500      -78920.9992
     307.000      -79016.7218
     307.500      -79010.2404
     308.000      -78966.4323
     308.500      -79074.9775
     309.000      -79034.2576
     309.500      -79031.3393
     310.000      -78898.0639
     310.500      -79003.3079
     311.000      -79020.6945
     311.500      -78959.8071
     312.000      -79014.4754
     312.500      -79092.7649
     313.000      -78950.7992
     313.500      -78843.0403
     314.000      -79010.2259
     314.500      -78777.3596
     315.000      -78805.0897
     315.500      -79026.5878
     316.000      -78970.3806
     316.500      -78925.3565
     317.000      -78925.5732
     317.500      -78704.7713
     318.000      -78827.1068
     318.500      -78754.6307
     319.000      -78762.0225
     319.500      -78776.6456
     320.000      -78910.0674
     320.500      -78819.7075
     321.000      -78803.0685
     321.500      -78810.0450
     322.000      -78756.9360
     322.500      -78582.8624
     323.000      -78801.0872
     323.500      -78837.1192
     324.000      -78762.5244
     324.500      -78993.9027
     325.000      -79023.7109
     325.500      -78943.9670
     326.000      -78850.6056
     326.500      -79086.6537
     327.000      -79010.1882
     327.500      -79086.0651
     328.000      -78951.9019
     328.500      -79146.2516
     329.000      -78878.6000
     329.500      -78932.4863
     330.000      -79015.7695
     330.500      -79084.9972
     331.000      -79195.6057
     331.500      -79165.5644
     332.000      -79056.5884
     332.500      -78983.1867
     333.000      -79256.5646
     333.500      -78995.9386
     334.000      -78856.3728
     334.500      -78949.1033
     335.000      -78819.0533
     335.500      -78861.3316
     336.000      -79054.1435
     336.500      -78925.4073
     337.000      -78858.9922
     337.500      -78857.6211
     338.000      -79231.1533
     338.500      -79047.4779
     339.000      -78863.7593
     339.500      -78986.1696
     340.000      -79077.6956
     340.500      -79004.6715
     341.000      -78780.0489
     341.500      -78827.8311
     342.000      -79010.5338
     342.500      -79166.7905
     343.000      -79031.9474
     343.500      -78993.6925
     344.000      -79094.5825
     344.500      -79053.9463
     345.000      -79015.2808
     345.500      -79171.8978
     346.000      -78961.7926
     346.500      -79226.8913
     347.000      -79035.2869
     347.500      -79055.4114
     348.000      -79157.8670
     348.500      -79146.1945
     349.000      -79246.2376
     349.500      -79495.4328
     350.000      -79098.9025
     350.500      -79243.3118
     351.000      -79205.0647
     351.500      -79176.0974
     352.000      -79201.7714
     352.500      -79214.7066
     353.000      -79281.9009
     353.500      -79062.4554
     354.000      -79134.9540
     354.500      -79114.5138
     355.000      -79245.1969
     355.500      -79005.7326
     356.000      -78811.1569
     356.500      -78954.8103
     357.000      -78930.6452
     357.500      -78819.0627
     358.000      -78907.2295
     358.500      -78773.3425
     359.000      -78914.7840
     359.500      -78783.0864
     360.000      -78820.9852
     360.500      -79153.1581
     361.000      -79086.3627
     361.500      -78998.5837
     362.000      -78942.6102
     362.500      -79039.3383
     363.000      -78966.4558
     363.500      -78958.6183
     364.000      -78927.1872
     364.500      -79221.1570
     365.000      -79017.0939
     365.500      -78858.7403
     366.000      -78998.6080
     366.500      -79149.0927
     367.000      -78939.7570
     367.500      -79007.2016
     368.000      -78942.0812
     368.500      -79052.0830
     369.000      -78935.7395
     369.500      -79044.3314
     370.000      -78943.3629
     370.500      -78955.5071
     371.000      -78801.7676
     371.500      -78953.6092
     372.000      -78844.2212
     372.500      -79058.0177
     373.000      -79017.4622
     373.500      -79119.3017
     374.000      -79034.1646
     374.500      -78873.8326
     375.000      -78914.4130
     375.500      -79034.3049
     376.000      -78958.9304
     376.500      -79016.4172
     377.000      -78869.4604
     377.500      -78997.6932
     378.000      -78822.8131
     378.500      -78895.2444
     379.000      -78970.1592
     379.500      -78918.6392
     380.000      -78880.2849
     380.500      -78835.5459
     381.000      -79045.4881
     381.500      -78908.7800
     382.000      -78855.0808
     382.500      -78815.1752
     383.000      -78872.6460
     383.500      -79057.3336
     384.000      -79109.1128
     384.500      -79114.0937
     385.000      -79028.2101
     385.500      -79016.9749
     386.000      -79020.4459
     386.500      -78884.1746
     387.000      -78931.2145
     387.500      -79103.1390
     388.000      -78864.5057
     388.500      -79154.8237
     389.000      -78959.5772
     389.500      -79248.5463
     390.000      -79253.1854
     390.500      -79246.3790
     391.000      -79263.6637
     391.500      -78900.3485
     392.000      -78970.2477
     392.500      -79236.8809
     393.000      -78952.6620
     393.500      -79030.8467
     394.000      -78927.1003
     394.500      -78982.8527
     395.000      -79336.4866
     395.500      -79285.7187
     396.000      -79400.8075
     396.500      -79232.6612
     397.000      -79117.0897
     397.500      -79029.8172
     398.000      -78733.1427
     398.500      -79066.5106
     399.000      -79133.1999
     399.500      -79014.2575
     400.000      -78979.7795
