       0.000     -127264.2223
       0.500      -91369.5764
       1.000      -91596.0280
       1.500      -91577.6886
       2.000      -91463.5841
       2.500      -91321.7312
       3.000      -91179.3097
       3.500      -91004.5448
       4.000      -90846.9336
       4.500      -90686.6090
       5.000      -90507.5942
       5.500      -90312.4376
       6.000      -90144.2830
       6.500      -89941.9647
       7.000      -89743.1233
       7.500      -89570.7181
       8.000      -89364.2779
       8.500      -89182.5012
       9.000      -88979.3690
       9.500      -88829.6198
      10.000      -88668.6109
      10.500      -88410.9272
      11.000      -88253.6195
      11.500      -88081.1787
      12.000      -87866.1260
      12.500      -87651.1971
      13.000      -87495.3321
      13.500      -87253.2182
      14.000      -87033.2905
      14.500      -86871.4646
      15.000      -86689.2107
      15.500      -86528.9432
      16.000      -86338.8233
      16.500      -86127.4109
      17.000      -85843.0998
      17.500      -85694.9886
      18.000      -85542.9738
      18.500      -85442.7967
      19.000      -85127.2350
      19.500      -84945.8258
      20.000      -84716.4179
      20.500      -84642.7320
      21.000      -84476.0181
      21.500      -84478.9135
      22.000      -84296.4245
      22.500      -84227.0459
      23.000      -84224.9656
      23.500      -84131.5036
      24.000      -84033.6287
      24.500      -83955.3947
      25.000      -83784.3880
      25.500      -83772.4266
      26.000      -83735.6975
      26.500      -83680.3583
      27.000      -83492.0647
      27.500      -83526.2951
      28.000      -83291.5683
      28.500      -83272.9819
      29.000      -83252.6149
      29.500      -83096.9292
      30.000      -83008.1731
      30.500      -82872.0125
      31.000      -82842.0688
      31.500      -82651.8551
      32.000      -82665.0235
      32.500      -82399.5186
      33.000      -82490.3486
      33.500      -82359.2462
      34.000      -82131.2912
      34.500      -82080.0007
      35.000      -82013.7283
      35.500      -81861.3414
      36.000      -81861.4610
      36.500      -81759.8276
      37.000      -81587.9983
      37.500      -81510.5003
      38.000      -81474.7863
      38.500      -81327.1142
      39.000      -81315.1788
      39.500      -81214.5799
      40.000      -80948.9871
      40.500      -80817.6431
      41.000      -80757.7334
      41.500      -80735.1879
      42.000      -80576.3989
      42.500      -80418.2300
      43.000      -80258.9922
      43.500      -80284.3735
      44.000      -80165.1628
      44.500      -79892.3910
      45.000      -79877.8013
      45.500      -79828.0583
      46.000      -79666.2840
      46.500      -79476.0797
      47.000      -79464.3925
      47.500      -79420.4365
      48.000      -79318.3629
      48.500      -79191.6859
      49.000      -79109.1883
      49.500      -78845.6129
      50.000      -78907.0645
      50.500      -78761.7906
      51.000      -78852.2865
      51.500      -78666.9681
      52.000      -78375.3847
      52.500      -78509.0107
      53.000      -78181.9717
      53.500      -78116.7185
      54.000      -77881.7210
      54.500      -77854.4136
      55.000      -77748.1595
      55.500      -77848.1510
      56.000      -77562.7062
      56.500      -77356.6150
      57.000      -77548.3382
      57.500      -77126.8337
      58.000      -77175.1328
      58.500      -77020.7592
      59.000      -76931.7891
      59.500      -77041.5179
      60.000      -76679.3752
      60.500      -76703.6888
      61.000      -76624.6675
      61.500      -76612.2147
      62.000      -76533.1777
      62.500      -76391.1267
      63.000      -76513.3169
      63.500      -76281.1193
      64.000      -76375.0914
      64.500      -76307.0618
      65.000      -76272.9089
      65.500      -76087.5133
      66.000      -76022.2887
      66.500      -76010.7579
      67.000      -75930.7787
      67.500      -75929.2593
      68.000      -75965.5846
      68.500      -75753.7943
      69.000      -75830.9805
      69.500      -75575.8195
      70.000      -75704.3953
      70.500      -75686.2479
      71.000      -75712.3589
      71.500      -75649.4459
      72.000      -75310.5058
      72.500      -75393.6215
      73.000      -75430.1316
      73.500      -75220.1449
      74.000      -75340.1464
      74.500      -75304.4103
      75.000      -75075.5230
      75.500      -75029.3417
      76.000      -75073.4428
      76.500      -75031.5065
      77.000      -75039.0179
      77.500      -75102.5085
      78.000      -74704.5616
      78.500      -74636.9478
      79.000      -74744.4165
      79.500      -74717.3099
      80.000      -74556.4910
      80.500      -74542.2399
      81.000      -74328.8426
      81.500      -74419.7977
      82.000      -74233.3563
      82.500      -74528.5017
      83.000      -74029.4799
      83.500      -74128.2974
      84.000      -74297.2194
      84.500      -73909.0086
      85.000      -73927.9410
      85.500      -73873.8171
      86.000      -73889.9623
      86.500      -73880.4008
      87.000      -73715.2980
      87.500      -73753.1581
      88.000      -73789.5876
      88.500      -73604.3569
      89.000      -73470.4433
      89.500      -73521.8882
      90.000      -73437.5803
      90.500      -73511.4296
      91.000      -73507.1365
      91.500      -73147.3438
      92.000      -73067.6096
      92.500      -73089.4524
      93.000      -73060.2408
      93.500      -73013.0135
      94.000      -73030.8481
      94.500      -72861.1376
      95.000      -72778.5768
      95.500      -72629.0782
      96.000      -72722.6763
      96.500      -72691.8841
      97.000      -72543.6976
      97.500      -72526.2608
      98.000      -72507.3868
      98.500      -72420.7385
      99.000      -72344.5705
      99.500      -72238.5419
     100.000      -72185.2493
     100.500      -72123.1458
     101.000      -72023.6066
     101.500      -71868.4640
     102.000      -71669.6979
     102.500      -71875.0306
     103.000      -71536.5041
     103.500      -71417.7358
     104.000      -71529.6762
     104.500      -71360.3537
     105.000      -71491.3033
     105.500      -71336.1520
     106.000      -70926.5052
     106.500      -71294.0299
     107.000      -71140.9011
     107.500      -70960.3138
     108.000      -71016.2918
     108.500      -70850.3043
     109.000      -70987.5842
     109.500      -70803.6236
     110.000      -70737.1487
     110.500      -70728.5514
     111.000      -70473.4875
     111.500      -70439.9646
     112.000      -70354.0980
     112.500      -70229.6829
     113.000      -70230.1226
     113.500      -70210.9073
     114.000      -69983.9310
     114.500      -69839.6284
     115.000      -69865.5596
     115.500      -70037.7628
     116.000      -69427.0982
     116.500      -69709.0046
     117.000      -69511.4894
     117.500      -69406.9297
     118.000      -69496.7423
     118.500      -69587.3544
     119.000      -69232.8510
     119.500      -69386.1510
     120.000      -68863.7232
     120.500      -69019.8041
     121.000      -68986.4698
     121.500      -68762.8279
     122.000      -68699.3636
     122.500      -68741.9753
     123.000      -68387.0685
     123.500      -68303.4404
     124.000      -68295.9772
     124.500      -68231.3462
     125.000      -68196.2604
     125.500      -67845.8298
     126.000      -68078.2901
     126.500      -68037.5120
     127.000      -67834.8451
     127.500      -67823.1172
     128.000      -67434.1038
     128.500      -67433.6228
     129.000      -67363.1325
     129.500      -67321.1827
     130.000      -67011.3923
     130.500      -67008.1367
     131.000      -66990.4631
     131.500      -66742.6536
     132.000      -66928.0522
     132.500      -66664.4998
     133.000      -66584.2392
     133.500      -66473.2702
     134.000      -66470.4478
     134.500      -66446.2050
     135.000      -66255.5736
     135.500      -66190.2641
     136.000      -66300.1471
     136.500      -65865.7381
     137.000      -65743.1198
     137.500      -65480.9448
     138.000      -65878.3599
     138.500      -65383.1194
     139.000      -65490.1105
     139.500      -65132.2968
     140.000      -65182.9981
     140.500      -65209.5942
     141.000      -65183.3616
     141.500      -65363.4913
     142.000      -64955.3212
     142.500      -65031.8545
     143.000      -65277.3229
     143.500      -65200.9837
     144.000      -64883.4897
     144.500      -64756.8262
     145.000      -64781.4224
     145.500      -64989.5475
     146.000      -64988.9278
     146.500      -64781.5000
     147.000      -64762.9857
     147.500      -64928.7965
     148.000      -65063.4310
     148.500      -64744.5795
     149.000      -64686.3457
     149.500      -64403.2076
     150.000      -64546.3544
     150.500      -64414.9660
     151.000      -64947.0574
     151.500      -64733.7137
     152.000      -64872.5231
     152.500      -64520.6329
     153.000      -64453.7118
     153.500      -64361.2285
     154.000      -64726.9570
     154.500      -64557.6020
     155.000      -64607.4328
     155.500      -64661.9244
     156.000      -64524.2820
     156.500      -64507.1689
     157.000      -64652.4904
     157.500      -64311.5269
     158.000      -64606.5427
     158.500      -64494.8147
     159.000      -64745.7183
     159.500      -64807.4296
     160.000      -64605.2224
     160.500      -64754.0236
     161.000      -64523.4900
     161.500      -64878.8432
     162.000      -64806.6415
     162.500      -64552.7348
     163.000      -64938.0878
     163.500      -64808.6015
     164.000      -64917.8291
     164.500      -64616.8324
     165.000      -64501.3075
     165.500      -64638.2810
     166.000      -64601.3100
     166.500      -64733.3209
     167.000      -64835.5271
     167.500      -65007.3459
     168.000      -64672.1778
     168.500      -64760.7948
     169.000      -64820.5111
     169.500      -64668.2382
     170.000      -64660.0145
     170.500      -64687.7665
     171.000      -64626.1002
     171.500      -64763.6554
     172.000      -64856.6482
     172.500      -64857.1642
     173.000      -64829.2397
     173.500      -64982.8650
     174.000      -64896.0093
     174.500      -64692.0895
     175.000      -64786.2630
     175.500      -64607.8110
     176.000      -64639.3097
     176.500      -64450.1179
     177.000      -64451.8641
     177.500      -64870.1575
     178.000      -64547.2232
     178.500      -64617.2951
     179.000      -64637.0507
     179.500      -64704.1238
     180.000      -64705.6163
     180.500      -64372.0337
     181.000      -64710.2022
     181.500      -64536.3411
     182.000      -64556.0734
     182.500      -64885.2885
     183.000      -64888.3966
     183.500      -64834.9590
     184.000      -64995.8985
     184.500      -65017.4881
     185.000      -64954.9399
     185.500      -64925.4376
     186.000      -64900.5260
     186.500      -65009.3073
     187.000      -65057.8628
     187.500      -65093.8947
     188.000      -64902.0025
     188.500      -65290.9699
     189.000      -65028.6036
     189.500      -65165.8703
     190.000      -64833.8521
     190.500      -65110.6602
     191.000      -65247.9525
     191.500      -65161.1471
     192.000      -65164.4018
     192.500      -64884.6986
     193.000      -65125.4249
     193.500      -65155.3622
     194.000      -65043.6816
     194.500      -64929.8734
     195.000      -65016.2586
     195.500      -65042.2799
     196.000      -64936.8317
     196.500      -64765.3156
     197.000      -64790.8308
     197.500      -65051.0907
     198.000      -64700.6800
     198.500      -65023.9148
     199.000      -64980.6755
     199.500      -65198.8694
     200.000      -64729.8835
     200.500      -64676.5763
     201.000      -64755.7258
     201.500      -65018.7126
     202.000      -64966.3161
     202.500      -65096.4745
     203.000      -65060.0382
     203.500      -64954.5396
     204.000      -64942.1321
     204.500      -64960.9125
     205.000      -64881.0737
     205.500      -64933.4965
     206.000      -64727.5058
     206.500      -64555.4991
     207.000      -64914.2085
     207.500      -64729.5156
     208.000      -65041.9681
     208.500      -64536.2140
     209.000      -65006.2027
     209.500      -64799.2489
     210.000      -64852.9618
     210.500      -64907.1053
     211.000      -64804.4171
     211.500      -64787.0653
     212.000      -64748.7717
     212.500      -64988.4894
     213.000      -65254.0861
     213.500      -65160.3900
     214.000      -65165.1142
     214.500      -64975.6732
     215.000      -65031.8590
     215.500      -65131.5925
     216.000      -65137.6612
     216.500      -64924.2866
     217.000      -65153.5849
     217.500      -64959.6687
     218.000      -65187.7279
     218.500      -65184.8139
     219.000      -65243.4436
     219.500      -64993.1738
     220.000      -65002.6969
     220.500      -65158.6571
     221.000      -64980.2171
     221.500      -65077.4786
     222.000      -64950.1089
     222.500      -64963.2204
     223.000      -65016.2859
     223.500      -64946.7174
     224.000      -64805.0931
     224.500      -65138.0162
     225.000      -65022.3101
     225.500      -64725.0502
     226.000      -64949.4400
     226.500      -64983.0558
     227.000      -65017.2218
     227.500      -65162.0623
     228.000      -64910.5171
     228.500      -65104.8820
     229.000      -65088.5794
     229.500      -65528.2970
     230.000      -65173.5574
     230.500      -65035.6730
     231.000      -65354.1912
     231.500      -65292.2956
     232.000      -65063.5216
     232.500      -65535.6345
     233.000      -65204.0261
     233.500      -65429.8801
     234.000      -65449.2502
     234.500      -65224.4587
     235.000      -65141.8682
     235.500      -65342.3471
     236.000      -65121.7673
     236.500      -64960.3303
     237.000      -65180.4782
     237.500      -65279.6235
     238.000      -65276.4368
     238.500      -65180.9745
     239.000      -65134.5586
     239.500      -64912.0886
     240.000      -65225.9469
     240.500      -65201.7540
     241.000      -65369.5496
     241.500      -65292.6499
     242.000      -65190.8605
     242.500      -65049.4095
     243.000      -65038.6746
     243.500      -65085.1068
     244.000      -65427.8854
     244.500      -65175.7209
     245.000      -65264.9381
     245.500      -65194.4745
     246.000      -65135.8565
     246.500      -65407.5716
     247.000      -65344.1829
     247.500      -65226.3195
     248.000      -65281.5113
     248.500      -65349.1107
     249.000      -65157.6820
     249.500      -65615.1450
     250.000      -65368.2927
     250.500      -65174.4874
     251.000      -65277.1210
     251.500      -65374.3823
     252.000      -65378.2716
     252.500      -65233.0781
     253.000      -65374.9545
     253.500      -65152.8299
     254.000      -65351.9840
     254.500      -65506.7706
     255.000      -65368.6212
     255.500      -65299.1318
     256.000      -65402.1613
     256.500      -65223.1809
     257.000      -65236.9825
     257.500      -65442.4562
     258.000      -65247.6399
     258.500      -65433.3466
     259.000      -65448.1888
     259.500      -65433.8951
     260.000      -65661.9430
     260.500      -65411.4443
     261.000      -65086.2964
     261.500      -65062.1239
     262.000      -64937.6940
     262.500      -65401.8023
     263.000      -65395.2625
     263.500      -65378.2811
     264.000      -64997.9892
     264.500      -65116.7703
     265.000      -65238.0009
     265.500      -65374.6505
     266.000      -65181.7316
     266.500      -65525.5850
     267.000      -65518.8007
     267.500      -65379.7794
     268.000      -65318.2894
     268.500      -65333.1950
     269.000      -65337.2657
     269.500      -65308.0159
     270.000      -65413.9728
     270.500      -65360.2650
     271.000      -65412.1079
     271.500      -65305.1091
     272.000      -65196.1321
     272.500      -65479.6972
     273.000      -65478.5987
     273.500      -65335.6794
     274.000      -65444.3913
     274.500      -65636.5797
     275.000      -65599.1932
     275.500      -65628.8156
     276.000      -65309.9288
     276.500      -65071.6278
     277.000      -65161.4699
     277.500      -65303.7440
     278.000      -65475.9508
     278.500      -65637.8340
     279.000      -65568.3337
     279.500      -65362.7657
     280.000      -65609.9510
     280.500      -65686.9383
     281.000      -65574.7987
     281.500      -65823.8065
     282.000      -65663.6826
     282.500      -65452.4651
     283.000      -65365.9072
     283.500      -65295.5504
     284.000      -65386.9951
     284.500      -65757.1582
     285.000      -65514.0130
     285.500      -65511.2230
     286.000      -65762.9353
     286.500      -65389.9283
     287.000      -65463.0143
     287.500      -65443.5603
     288.000      -65103.3891
     288.500      -65369.5170
     289.000      -65382.7783
     289.500      -65428.8011
     290.000      -65333.0377
     290.500      -65454.3969
     291.000      -65737.6607
     291.500      -65446.3140
     292.000      -65757.1890
     292.500      -65585.8002
     293.000      -65418.0814
     293.500      -65409.6433
     294.000      -65548.6550
     294.500      -65667.1877
     295.000      -65517.8895
     295.500      -65485.1616
     296.000      -65229.4517
     296.500      -65602.8133
     297.000      -65586.5654
     297.500      -65746.4953
     298.000      -65509.7154
     298.500      -65470.6480
     299.000      -65603.1906
     299.500      -65724.2628
     300.000      -65619.0303
     300.500      -65625.4874
     301.000      -65691.9140
     301.500      -65655.8783
     302.000      -65532.8801
     302.500      -65515.2957
     303.000      -65305.4623
     303.500      -65544.0387
     304.000      -65792.5855
     304.500      -65329.9583
     305.000      -65597.3096
     305.500      -66002.0913
     306.000      -65754.9388
     306.500      -65725.5343
     307.000      -65611.1252
     307.500      -65718.0841
     308.000      -65668.5563
     308.500      -65827.7510
     309.000      -65826.7977
     309.500      -65698.2397
     310.000      -65816.9799
     310.500      -65641.4710
     311.000      -65606.2326
     311.500      -65516.5786
     312.000      -65738.4119
     312.500      -65712.1868
     313.000      -65650.5639
     313.500      -65463.8548
     314.000      -65804.7171
     314.500      -65387.0403
     315.000      -65466.3895
     315.500      -65576.6298
     316.000      -65614.0505
     316.500      -65630.1485
     317.000      -65535.0458
     317.500      -65376.2733
     318.000      -65512.9759
     318.500      -65373.2029
     319.000      -65525.9161
     319.500      -65369.6964
     320.000      -65624.7911
     320.500      -65665.8423
     321.000      -65408.7716
     321.500      -65586.4444
     322.000      -65438.9077
     322.500      -65341.1592
     323.000      -65271.2415
     323.500      -65492.7218
     324.000      -65421.4785
     324.500      -65810.9437
     325.000      -65528.8632
     325.500      -65638.5793
     326.000      -65370.6309
     326.500      -65645.1390
     327.000      -65606.2312
     327.500      -65859.0964
     328.000      -65549.0884
     328.500      -65836.9293
     329.000      -65653.7953
     329.500      -65606.7793
     330.000      -65655.8750
     330.500      -65622.2159
     331.000      -65857.4690
     331.500      -65782.9902
     332.000      -65748.3989
     332.500      -65668.5900
     333.000      -65990.1193
     333.500      -65695.4240
     334.000      -65419.4558
     334.500      -65662.3797
     335.000      -65349.3053
     335.500      -65517.3882
     336.000      -65717.4746
     336.500      -65646.6583
     337.000      -65455.0801
     337.500      -65514.7607
     338.000      -65944.6826
     338.500      -65709.2367
     339.000      -65491.8706
     339.500      -65655.1843
     340.000      -65705.8997
     340.500      -65802.6930
     341.000      -65561.0918
     341.500      -65291.6699
     342.000      -65716.1540
     342.500      -65884.3911
     343.000      -65647.2784
     343.500      -65647.0323
     344.000      -65791.4428
     344.500      -65798.1943
     345.000      -65806.9272
     345.500      -65806.6400
     346.000      -65770.3619
     346.500      -65875.1013
     347.000      -65830.8182
     347.500      -65830.9329
     348.000      -65884.6532
     348.500      -65806.5148
     349.000      -65957.1419
     349.500      -66167.2698
     350.000      -65924.2394
     350.500      -65964.2728
     351.000      -66005.6604
     351.500      -65816.3376
     352.000      -65723.8300
     352.500      -65870.7730
     353.000      -65981.3462
     353.500      -65891.4446
     354.000      -65921.6629
     354.500      -65649.7169
     355.000      -65757.0406
     355.500      -65505.6574
     356.000      -65482.9401
     356.500      -65735.5848
     357.000      -65658.6198
     357.500      -65418.6965
     358.000      -65541.0850
     358.500      -65501.8718
     359.000      -65519.4315
     359.500      -65416.6010
     360.000      -65618.0038
     360.500      -65804.1367
     361.000      -65692.6224
     361.500      -65663.8454
     362.000      -65646.2753
     362.500      -65791.9877
     363.000      -65691.6365
     363.500      -65642.8956
     364.000      -65538.1638
     364.500      -65981.8718
     365.000      -65755.8810
     365.500      -65476.6358
     366.000      -65749.9889
     366.500      -65762.1884
     367.000      -65505.6730
     367.500      -65681.8139
     368.000      -65621.5460
     368.500      -65777.6152
     369.000      -65710.8753
     369.500      -65694.8216
     370.000      -65596.2643
     370.500      -65847.3352
     371.000      -65381.7129
     371.500      -65539.1658
     372.000      -65501.8335
     372.500      -65693.1095
     373.000      -65635.7581
     373.500      -65807.9999
     374.000      -65731.2965
     374.500      -65491.0533
     375.000      -65569.5185
     375.500      -65622.2776
     376.000      -65687.5056
     376.500      -65770.7941
     377.000      -65656.7641
     377.500      -65590.0028
     378.000      -65419.4928
     378.500      -65485.1662
     379.000      -65676.2774
     379.500      -65457.8364
     380.000      -65608.6971
     380.500      -65423.2256
     381.000      -65832.5955
     381.500      -65600.7888
     382.000      -65584.9402
     382.500      -65562.4378
     383.000      -65685.3423
     383.500      -65679.2203
     384.000      -65729.6675
     384.500      -65867.8612
     385.000      -65643.5460
     385.500      -65747.9729
     386.000      -65491.2613
     386.500      -65542.6092
     387.000      -65413.7272
     387.500      -65960.3236
     388.000      -65532.6629
     388.500      -65843.0542
     389.000      -65635.5049
     389.500      -66006.9194
     390.000      -65993.6092
     390.500      -65962.9464
     391.000      -66025.2145
     391.500      -65686.8202
     392.000      -65653.2682
     392.500      -65989.4004
     393.000      -65564.3583
     393.500      -65829.2286
     394.000      -65716.5066
     394.500      -65848.9552
     395.000      -66042.3664
     395.500      -65984.5439
     396.000      -65919.1795
     396.500      -65980.7169
     397.000      -65765.3690
     397.500      -65683.1326
     398.000      -65320.0773
     398.500      -65704.8875
     399.000      -65660.8415
     399.500      -65703.4636
     400.000      -65688.6545
