       0.000       0.00
       0.500       3.75
       1.000       5.03
       1.500       7.36
       2.000       9.73
       2.500      12.25
       3.000      14.55
       3.500      17.10
       4.000      19.64
       4.500      21.99
       5.000      24.55
       5.500      27.09
       6.000      29.06
       6.500      32.05
       7.000      35.00
       7.500      37.03
       8.000      39.74
       8.500      41.93
       9.000      44.78
       9.500      46.95
      10.000      49.23
      10.500      52.00
      11.000      54.54
      11.500      56.71
      12.000      59.16
      12.500      62.59
      13.000      64.17
      13.500      67.29
      14.000      69.65
      14.500      71.85
      15.000      74.53
      15.500      76.82
      16.000      78.91
      16.500      81.73
      17.000      84.68
      17.500      87.66
      18.000      88.94
      18.500      90.75
      19.000      95.45
      19.500      96.47
      20.000     100.28
      20.500     100.75
      21.000     102.61
      21.500     103.35
      22.000     105.21
      22.500     106.92
      23.000     106.82
      23.500     109.46
      24.000     109.88
      24.500     110.90
      25.000     113.05
      25.500     113.51
      26.000     114.20
      26.500     115.00
      27.000     117.07
      27.500     117.39
      28.000     119.68
      28.500     121.41
      29.000     120.95
      29.500     123.11
      30.000     124.50
      30.500     126.13
      31.000     127.03
      31.500     128.93
      32.000     128.73
      32.500     131.59
      33.000     132.16
      33.500     133.55
      34.000     135.57
      34.500     135.35
      35.000     136.60
      35.500     138.33
      36.000     139.29
      36.500     141.39
      37.000     143.62
      37.500     144.40
      38.000     143.71
      38.500     144.90
      39.000     146.11
      39.500     148.40
      40.000     150.76
      40.500     151.56
      41.000     153.03
      41.500     153.99
      42.000     155.13
      42.500     156.56
      43.000     158.60
      43.500     158.03
      44.000     159.79
      44.500     162.75
      45.000     162.50
      45.500     162.88
      46.000     163.92
      46.500     168.01
      47.000     167.17
      47.500     169.16
      48.000     169.32
      48.500     171.07
      49.000     171.52
      49.500     175.16
      50.000     173.42
      50.500     176.66
      51.000     175.10
      51.500     178.55
      52.000     180.67
      52.500     177.52
      53.000     183.35
      53.500     182.23
      54.000     185.28
      54.500     186.48
      55.000     187.76
      55.500     187.88
      56.000     190.11
      56.500     193.53
      57.000     190.85
      57.500     195.80
      58.000     195.97
      58.500     196.70
      59.000     199.40
      59.500     198.07
      60.000     199.83
      60.500     199.18
      61.000     201.56
      61.500     202.21
      62.000     203.54
      62.500     202.89
      63.000     201.62
      63.500     204.33
      64.000     205.13
      64.500     206.67
      65.000     204.58
      65.500     205.96
      66.000     207.26
      66.500     208.49
      67.000     208.59
      67.500     208.79
      68.000     209.92
      68.500     211.09
      69.000     210.37
      69.500     213.59
      70.000     211.26
      70.500     211.85
      71.000     211.64
      71.500     212.63
      72.000     214.32
      72.500     216.77
      73.000     213.85
      73.500     218.67
      74.000     216.68
      74.500     217.48
      75.000     218.65
      75.500     218.79
      76.000     218.05
      76.500     218.07
      77.000     218.03
      77.500     220.44
      78.000     222.76
      78.500     222.99
      79.000     221.72
      79.500     222.50
      80.000     223.28
      80.500     223.95
      81.000     226.74
      81.500     225.92
      82.000     228.57
      82.500     225.86
      83.000     231.15
      83.500     229.33
      84.000     227.07
      84.500     233.27
      85.000     232.67
      85.500     233.30
      86.000     231.16
      86.500     232.66
      87.000     232.58
      87.500     234.83
      88.000     232.32
      88.500     236.91
      89.000     238.15
      89.500     237.11
      90.000     235.75
      90.500     239.85
      91.000     239.25
      91.500     239.26
      92.000     239.91
      92.500     240.53
      93.000     240.45
      93.500     239.71
      94.000     242.81
      94.500     243.45
      95.000     243.97
      95.500     244.90
      96.000     242.56
      96.500     245.08
      97.000     247.91
      97.500     245.59
      98.000     248.07
      98.500     249.90
      99.000     248.02
      99.500     251.21
     100.000     248.43
     100.500     251.23
     101.000     249.72
     101.500     251.51
     102.000     253.68
     102.500     250.30
     103.000     254.41
     103.500     254.49
     104.000     253.85
     104.500     256.03
     105.000     258.27
     105.500     256.78
     106.000     258.82
     106.500     257.94
     107.000     257.61
     107.500     259.25
     108.000     259.91
     108.500     261.96
     109.000     260.91
     109.500     262.15
     110.000     263.54
     110.500     261.14
     111.000     265.27
     111.500     263.40
     112.000     265.66
     112.500     267.44
     113.000     266.66
     113.500     266.52
     114.000     266.89
     114.500     269.22
     115.000     270.32
     115.500     268.25
     116.000     272.55
     116.500     268.22
     117.000     271.07
     117.500     272.04
     118.000     270.84
     118.500     269.04
     119.000     274.90
     119.500     272.25
     120.000     276.28
     120.500     272.70
     121.000     275.82
     121.500     277.60
     122.000     278.13
     122.500     276.40
     123.000     279.00
     123.500     279.49
     124.000     280.39
     124.500     281.28
     125.000     282.68
     125.500     283.47
     126.000     281.19
     126.500     282.87
     127.000     282.60
     127.500     283.60
     128.000     284.16
     128.500     284.68
     129.000     286.44
     129.500     287.25
     130.000     287.47
     130.500     289.24
     131.000     289.09
     131.500     291.53
     132.000     288.57
     132.500     292.42
     133.000     292.92
     133.500     292.23
     134.000     292.72
     134.500     294.56
     135.000     293.39
     135.500     294.92
     136.000     291.95
     136.500     294.68
     137.000     295.10
     137.500     298.30
     138.000     292.64
     138.500     301.69
     139.000     299.40
     139.500     300.14
     140.000     299.04
     140.500     296.85
     141.000     302.88
     141.500     299.77
     142.000     301.35
     142.500     303.66
     143.000     296.99
     143.500     299.46
     144.000     304.10
     144.500     300.80
     145.000     301.36
     145.500     298.90
     146.000     297.27
     146.500     299.56
     147.000     301.80
     147.500     299.23
     148.000     294.72
     148.500     300.15
     149.000     299.12
     149.500     303.25
     150.000     301.10
     150.500     301.48
     151.000     299.85
     151.500     298.99
     152.000     298.23
     152.500     300.96
     153.000     303.30
     153.500     300.65
     154.000     298.70
     154.500     304.15
     155.000     300.88
     155.500     301.12
     156.000     299.43
     156.500     299.39
     157.000     296.73
     157.500     300.46
     158.000     298.71
     158.500     301.24
     159.000     300.50
     159.500     298.66
     160.000     302.12
     160.500     299.49
     161.000     302.17
     161.500     298.60
     162.000     299.21
     162.500     300.13
     163.000     298.81
     163.500     299.26
     164.000     298.75
     164.500     301.63
     165.000     302.59
     165.500     303.01
     166.000     300.20
     166.500     300.16
     167.000     298.66
     167.500     295.06
     168.000     302.32
     168.500     300.46
     169.000     299.30
     169.500     298.04
     170.000     302.44
     170.500     300.75
     171.000     300.46
     171.500     299.94
     172.000     298.73
     172.500     298.02
     173.000     298.17
     173.500     300.45
     174.000     303.92
     174.500     300.41
     175.000     296.79
     175.500     299.89
     176.000     300.34
     176.500     300.92
     177.000     302.14
     177.500     298.39
     178.000     298.93
     178.500     301.54
     179.000     300.84
     179.500     301.41
     180.000     300.40
     180.500     302.27
     181.000     299.78
     181.500     300.50
     182.000     300.42
     182.500     296.10
     183.000     298.49
     183.500     302.70
     184.000     301.14
     184.500     297.91
     185.000     299.98
     185.500     297.56
     186.000     299.70
     186.500     297.27
     187.000     297.64
     187.500     299.80
     188.000     302.01
     188.500     297.01
     189.000     302.17
     189.500     301.17
     190.000     304.64
     190.500     298.56
     191.000     299.37
     191.500     299.66
     192.000     298.66
     192.500     302.67
     193.000     299.51
     193.500     298.71
     194.000     298.84
     194.500     301.33
     195.000     299.65
     195.500     299.33
     196.000     301.54
     196.500     302.41
     197.000     301.86
     197.500     299.66
     198.000     305.54
     198.500     298.16
     199.000     299.50
     199.500     296.80
     200.000     301.00
     200.500     299.74
     201.000     302.01
     201.500     296.57
     202.000     303.39
     202.500     298.59
     203.000     300.87
     203.500     299.65
     204.000     298.92
     204.500     302.33
     205.000     300.58
     205.500     301.25
     206.000     304.73
     206.500     301.70
     207.000     298.13
     207.500     300.72
     208.000     300.00
     208.500     299.82
     209.000     299.36
     209.500     302.23
     210.000     302.87
     210.500     298.17
     211.000     299.80
     211.500     300.40
     212.000     300.56
     212.500     298.29
     213.000     297.89
     213.500     298.53
     214.000     298.93
     214.500     298.76
     215.000     299.50
     215.500     300.78
     216.000     301.46
     216.500     302.56
     217.000     298.14
     217.500     297.69
     218.000     298.82
     218.500     300.07
     219.000     296.00
     219.500     300.54
     220.000     300.00
     220.500     299.19
     221.000     300.44
     221.500     299.01
     222.000     299.13
     222.500     300.77
     223.000     300.79
     223.500     301.56
     224.000     303.27
     224.500     297.86
     225.000     297.90
     225.500     300.24
     226.000     298.84
     226.500     303.47
     227.000     303.60
     227.500     301.04
     228.000     300.74
     228.500     301.45
     229.000     300.07
     229.500     296.22
     230.000     301.40
     230.500     302.15
     231.000     299.59
     231.500     298.15
     232.000     301.36
     232.500     299.57
     233.000     300.89
     233.500     297.90
     234.000     297.09
     234.500     298.87
     235.000     299.18
     235.500     298.54
     236.000     303.95
     236.500     304.63
     237.000     302.49
     237.500     300.57
     238.000     300.24
     238.500     298.36
     239.000     299.43
     239.500     305.69
     240.000     299.21
     240.500     298.63
     241.000     298.26
     241.500     299.96
     242.000     301.52
     242.500     300.75
     243.000     301.48
     243.500     299.69
     244.000     299.70
     244.500     301.17
     245.000     298.21
     245.500     302.07
     246.000     299.05
     246.500     298.60
     247.000     297.39
     247.500     301.37
     248.000     301.58
     248.500     297.46
     249.000     301.58
     249.500     296.97
     250.000     302.06
     250.500     301.49
     251.000     297.40
     251.500     299.21
     252.000     300.02
     252.500     298.95
     253.000     300.03
     253.500     301.25
     254.000     297.49
     254.500     297.88
     255.000     297.58
     255.500     300.89
     256.000     299.47
     256.500     303.11
     257.000     301.49
     257.500     299.22
     258.000     304.32
     258.500     298.14
     259.000     297.27
     259.500     300.51
     260.000     299.01
     260.500     295.80
     261.000     300.84
     261.500     302.85
     262.000     303.34
     262.500     298.56
     263.000     298.80
     263.500     297.54
     264.000     302.26
     264.500     298.37
     265.000     298.67
     265.500     299.46
     266.000     305.40
     266.500     298.46
     267.000     297.70
     267.500     299.99
     268.000     297.47
     268.500     300.67
     269.000     303.03
     269.500     299.81
     270.000     296.57
     270.500     299.06
     271.000     300.81
     271.500     302.59
     272.000     299.39
     272.500     296.31
     273.000     301.80
     273.500     301.99
     274.000     299.11
     274.500     300.89
     275.000     297.37
     275.500     298.72
     276.000     300.06
     276.500     301.95
     277.000     301.06
     277.500     302.05
     278.000     299.93
     278.500     300.99
     279.000     299.20
     279.500     300.76
     280.000     297.62
     280.500     300.72
     281.000     297.52
     281.500     296.61
     282.000     298.97
     282.500     300.28
     283.000     300.84
     283.500     300.75
     284.000     302.89
     284.500     298.45
     285.000     302.42
     285.500     299.61
     286.000     298.95
     286.500     301.40
     287.000     303.34
     287.500     297.35
     288.000     301.76
     288.500     297.60
     289.000     300.74
     289.500     297.45
     290.000     302.66
     290.500     300.20
     291.000     297.43
     291.500     300.79
     292.000     299.26
     292.500     300.14
     293.000     302.90
     293.500     302.27
     294.000     299.01
     294.500     299.75
     295.000     300.81
     295.500     300.36
     296.000     304.98
     296.500     301.63
     297.000     298.32
     297.500     297.66
     298.000     301.90
     298.500     301.53
     299.000     297.82
     299.500     298.84
     300.000     299.42
     300.500     299.93
     301.000     297.08
     301.500     299.48
     302.000     301.22
     302.500     301.17
     303.000     300.03
     303.500     301.94
     304.000     300.32
     304.500     304.51
     305.000     301.14
     305.500     295.72
     306.000     300.78
     306.500     297.18
     307.000     301.92
     307.500     299.36
     308.000     299.49
     308.500     298.35
     309.000     297.45
     309.500     300.28
     310.000     294.61
     310.500     300.93
     311.000     302.12
     311.500     302.76
     312.000     299.00
     312.500     301.35
     313.000     299.54
     313.500     301.32
     314.000     297.41
     314.500     301.57
     315.000     300.41
     315.500     302.91
     316.000     300.81
     316.500     299.43
     317.000     301.58
     317.500     300.18
     318.000     299.86
     318.500     301.37
     319.000     298.10
     319.500     301.95
     320.000     299.21
     320.500     296.25
     321.000     301.66
     321.500     297.82
     322.000     299.94
     322.500     298.22
     323.000     304.71
     323.500     300.54
     324.000     300.46
     324.500     296.90
     325.000     303.93
     325.500     299.66
     326.000     303.59
     326.500     302.72
     327.000     301.88
     327.500     297.89
     328.000     301.85
     328.500     299.75
     329.000     297.84
     329.500     300.12
     330.000     300.89
     330.500     303.20
     331.000     300.40
     331.500     301.40
     332.000     299.72
     332.500     299.87
     333.000     298.78
     333.500     299.55
     334.000     302.62
     334.500     299.24
     335.000     303.36
     335.500     300.53
     336.000     300.36
     336.500     299.06
     337.000     301.88
     337.500     300.50
     338.000     299.23
     338.500     300.40
     339.000     301.16
     339.500     300.24
     340.000     301.15
     340.500     297.33
     341.000     297.71
     341.500     304.86
     342.000     299.41
     342.500     299.14
     343.000     301.44
     343.500     300.59
     344.000     299.61
     344.500     298.54
     345.000     297.47
     345.500     301.01
     346.000     297.09
     346.500     300.70
     347.000     297.39
     347.500     297.84
     348.000     298.93
     348.500     300.43
     349.000     299.29
     349.500     300.17
     350.000     296.71
     350.500     299.07
     351.000     297.27
     351.500     300.88
     352.000     303.54
     352.500     300.53
     353.000     299.55
     353.500     296.63
     354.000     297.58
     354.500     303.25
     355.000     303.77
     355.500     304.04
     356.000     300.17
     356.500     297.72
     357.000     298.91
     357.500     301.80
     358.000     301.03
     358.500     298.89
     359.000     301.68
     359.500     301.03
     360.000     297.35
     360.500     300.64
     361.000     301.65
     361.500     300.32
     362.000     299.45
     362.500     298.35
     363.000     298.97
     363.500     299.89
     364.000     301.54
     364.500     298.17
     365.000     298.66
     365.500     301.39
     366.000     298.38
     366.500     301.49
     367.000     302.56
     367.500     300.11
     368.000     300.00
     368.500     298.96
     369.000     297.85
     369.500     300.65
     370.000     300.60
     370.500     295.22
     371.000     302.24
     371.500     302.11
     372.000     300.49
     372.500     301.00
     373.000     301.38
     373.500     299.79
     374.000     299.60
     374.500     301.40
     375.000     300.55
     375.500     302.06
     376.000     298.89
     376.500     298.31
     377.000     297.57
     377.500     301.96
     378.000     301.86
     378.500     302.02
     379.000     299.40
     379.500     303.16
     380.000     298.90
     380.500     302.07
     381.000     297.58
     381.500     299.72
     382.000     298.86
     382.500     298.47
     383.000     297.00
     383.500     301.30
     384.000     301.33
     384.500     298.33
     385.000     301.44
     385.500     298.84
     386.000     304.70
     386.500     300.47
     387.000     304.44
     387.500     296.00
     388.000     300.25
     388.500     299.80
     389.000     300.08
     389.500     298.22
     390.000     298.63
     390.500     299.16
     391.000     298.15
     391.500     297.59
     392.000     299.92
     392.500     298.35
     393.000     301.53
     393.500     297.32
     394.000     297.52
     394.500     295.80
     395.000     299.40
     395.500     299.56
     396.000     303.63
     396.500     298.46
     397.000     300.70
     397.500     300.59
     398.000     302.08
     398.500     300.93
     399.000     303.42
     399.500     299.78
     400.000     299.34
