1			1.1963E+13
5			1.0802E+12
10			7.0275E+09
15			2.0395E+07
20			2.8817E+05
25			-8.6390E+04
30			-1.1642E+05
35			-1.3328E+05
40			-1.3772E+05
45			-1.4198E+05
50			-1.4364E+05
55			-1.4477E+05
60			-1.4564E+05
65			-1.4652E+05
70			-1.4767E+05
75			-1.4832E+05
80			-1.4894E+05
85			-1.4948E+05
90			-1.5001E+05
95			-1.5040E+05
100			-1.5082E+05
105			-1.5119E+05
110			-1.5155E+05
115			-1.5201E+05
120			-1.5215E+05
125			-1.5247E+05
130			-1.5294E+05
135			-1.5319E+05
140			-1.5344E+05
145			-1.5370E+05
150			-1.5393E+05
155			-1.5416E+05
160			-1.5435E+05
165			-1.5454E+05
170			-1.5474E+05
175			-1.5491E+05
180			-1.5509E+05
185			-1.5528E+05
190			-1.5551E+05
195			-1.5561E+05
200			-1.5575E+05
205			-1.5598E+05
210			-1.5799E+05
215			-1.5887E+05
220			-1.5935E+05
225			-1.5993E+05
230			-1.5993E+05
235			-1.6025E+05
240			-1.6048E+05
245			-1.6076E+05
250			-1.6105E+05
255			-1.6105E+05
260			-1.6134E+05
265			-1.6143E+05
270			-1.6181E+05
275			-1.6210E+05
280			-1.6211E+05
285			-1.6241E+05
290			-1.6252E+05
295			-1.6274E+05
300			-1.6287E+05
305			-1.6287E+05
310			-1.6303E+05
315			-1.6313E+05
320			-1.6331E+05
325			-1.6347E+05
330			-1.6347E+05
335			-1.6368E+05
340			-1.6378E+05
345			-1.6393E+05
350			-1.6400E+05
355			-1.6400E+05
360			-1.6410E+05
365			-1.6418E+05
370			-1.6435E+05
375			-1.6449E+05
380			-1.6450E+05
385			-1.6468E+05
390			-1.6476E+05
395			-1.6487E+05
400			-1.6493E+05
405			-1.6493E+05
410			-1.6501E+05
415			-1.6508E+05
420			-1.6520E+05
425			-1.6532E+05
430			-1.6533E+05
435			-1.6549E+05
440			-1.6556E+05
445			-1.6566E+05
450			-1.6570E+05
455			-1.6570E+05
460			-1.6576E+05
465			-1.6582E+05
470			-1.6594E+05
475			-1.6605E+05
480			-1.6606E+05
485			-1.6620E+05
490			-1.6627E+05
495			-1.6635E+05
500			-1.6638E+05
505			-1.6638E+05
510			-1.6643E+05
515			-1.6648E+05
520			-1.6658E+05
525			-1.6670E+05
530			-1.6670E+05
535			-1.6684E+05
540			-1.6689E+05
545			-1.6696E+05
550			-1.6699E+05
555			-1.6699E+05
560			-1.6703E+05
565			-1.6708E+05
570			-1.6716E+05
575			-1.6726E+05
580			-1.6726E+05
585			-1.6738E+05
590			-1.6742E+05
595			-1.6748E+05
600			-1.6751E+05
605			-1.6751E+05
610			-1.6754E+05
615			-1.6758E+05
620			-1.6767E+05
625			-1.6775E+05
630			-1.6775E+05
635			-1.6786E+05
640			-1.6791E+05
645			-1.6795E+05
650			-1.6798E+05
655			-1.6798E+05
660			-1.6801E+05
665			-1.6805E+05
670			-1.6812E+05
675			-1.6819E+05
680			-1.6819E+05
685			-1.6829E+05
690			-1.6832E+05
695			-1.6836E+05
700			-1.6838E+05
705			-1.6838E+05
710			-1.6841E+05
715			-1.6844E+05
720			-1.6850E+05
725			-1.6856E+05
730			-1.6856E+05
735			-1.6864E+05
740			-1.6868E+05
745			-1.6870E+05
750			-1.6872E+05
755			-1.6872E+05
760			-1.6875E+05
765			-1.6877E+05
770			-1.6882E+05
775			-1.6887E+05
780			-1.6887E+05
785			-1.6893E+05
790			-1.6895E+05
795			-1.6898E+05
800			-1.6900E+05
805			-1.6900E+05
810			-1.6902E+05
815			-1.6904E+05
820			-1.6908E+05
825			-1.6913E+05
830			-1.6913E+05
835			-1.6919E+05
840			-1.6921E+05
845			-1.6923E+05
850			-1.6925E+05
855			-1.6925E+05
860			-1.6926E+05
865			-1.6929E+05
870			-1.6932E+05
875			-1.6936E+05
880			-1.6936E+05
885			-1.6941E+05
890			-1.6942E+05
895			-1.6945E+05
900			-1.6946E+05
905			-1.6946E+05
910			-1.6948E+05
915			-1.6950E+05
920			-1.6953E+05
925			-1.6956E+05
930			-1.6956E+05
935			-1.6960E+05
940			-1.6962E+05
945			-1.6964E+05
950			-1.6966E+05
955			-1.6966E+05
960			-1.6967E+05
965			-1.6969E+05
970			-1.6972E+05
975			-1.6975E+05
980			-1.6975E+05
985			-1.6978E+05
990			-1.6980E+05
995			-1.6982E+05
1000			-1.6983E+05
