1			-1.7087E+05
5			-1.7089E+05
10			-1.7092E+05
15			-1.7101E+05
20			-1.7118E+05
25			-1.7126E+05
30			-1.7132E+05
35			-1.7136E+05
40			-1.7141E+05
45			-1.7145E+05
50			-1.7149E+05
55			-1.7152E+05
60			-1.7156E+05
65			-1.7160E+05
70			-1.7161E+05
75			-1.7164E+05
80			-1.7169E+05
85			-1.7171E+05
90			-1.7174E+05
95			-1.7177E+05
100			-1.7179E+05
105			-1.7182E+05
110			-1.7184E+05
115			-1.7186E+05
120			-1.7188E+05
125			-1.7190E+05
130			-1.7192E+05
135			-1.7194E+05
140			-1.7196E+05
145			-1.7198E+05
150			-1.7200E+05
155			-1.7201E+05
160			-1.7203E+05
165			-1.7205E+05
170			-1.7208E+05
175			-1.7209E+05
180			-1.7211E+05
185			-1.7213E+05
190			-1.7214E+05
195			-1.7216E+05
200			-1.7218E+05
205			-1.7218E+05
210			-1.7250E+05
215			-1.7267E+05
220			-1.7281E+05
225			-1.7290E+05
230			-1.7291E+05
235			-1.7296E+05
240			-1.7299E+05
245			-1.7304E+05
250			-1.7308E+05
255			-1.7309E+05
260			-1.7312E+05
265			-1.7313E+05
270			-1.7318E+05
275			-1.7322E+05
280			-1.7323E+05
285			-1.7326E+05
290			-1.7328E+05
295			-1.7331E+05
300			-1.7333E+05
305			-1.7333E+05
310			-1.7335E+05
315			-1.7337E+05
320			-1.7340E+05
325			-1.7342E+05
330			-1.7342E+05
335			-1.7345E+05
340			-1.7347E+05
345			-1.7349E+05
350			-1.7351E+05
355			-1.7351E+05
360			-1.7353E+05
365			-1.7354E+05
370			-1.7357E+05
375			-1.7360E+05
380			-1.7360E+05
385			-1.7363E+05
390			-1.7365E+05
395			-1.7367E+05
400			-1.7368E+05
405			-1.7368E+05
410			-1.7369E+05
415			-1.7370E+05
420			-1.7375E+05
425			-1.7379E+05
430			-1.7379E+05
435			-1.7383E+05
440			-1.7386E+05
445			-1.7387E+05
450			-1.7388E+05
455			-1.7388E+05
460			-1.7389E+05
465			-1.7391E+05
470			-1.7402E+05
475			-1.7409E+05
480			-1.7409E+05
485			-1.7415E+05
490			-1.7417E+05
495			-1.7419E+05
500			-1.7420E+05
505			-1.7420E+05
510			-1.7421E+05
515			-1.7422E+05
520			-1.7426E+05
525			-1.7431E+05
530			-1.7431E+05
535			-1.7435E+05
540			-1.7436E+05
545			-1.7438E+05
550			-1.7439E+05
555			-1.7439E+05
560			-1.7440E+05
565			-1.7441E+05
570			-1.7443E+05
575			-1.7445E+05
580			-1.7445E+05
585			-1.7448E+05
590			-1.7449E+05
595			-1.7450E+05
600			-1.7451E+05
605			-1.7452E+05
610			-1.7452E+05
615			-1.7453E+05
620			-1.7456E+05
625			-1.7458E+05
630			-1.7459E+05
635			-1.7462E+05
640			-1.7463E+05
645			-1.7464E+05
650			-1.7466E+05
655			-1.7466E+05
660			-1.7467E+05
665			-1.7468E+05
670			-1.7470E+05
675			-1.7473E+05
680			-1.7473E+05
685			-1.7476E+05
690			-1.7477E+05
695			-1.7478E+05
700			-1.7479E+05
705			-1.7479E+05
710			-1.7480E+05
715			-1.7481E+05
720			-1.7483E+05
725			-1.7486E+05
730			-1.7486E+05
735			-1.7488E+05
740			-1.7490E+05
745			-1.7491E+05
750			-1.7491E+05
755			-1.7491E+05
760			-1.7492E+05
765			-1.7493E+05
770			-1.7495E+05
775			-1.7498E+05
780			-1.7498E+05
785			-1.7500E+05
790			-1.7501E+05
795			-1.7502E+05
800			-1.7503E+05
805			-1.7503E+05
810			-1.7503E+05
815			-1.7504E+05
820			-1.7506E+05
825			-1.7508E+05
830			-1.7508E+05
835			-1.7510E+05
840			-1.7511E+05
845			-1.7512E+05
850			-1.7512E+05
855			-1.7512E+05
860			-1.7513E+05
865			-1.7514E+05
870			-1.7515E+05
875			-1.7516E+05
880			-1.7516E+05
885			-1.7517E+05
890			-1.7518E+05
895			-1.7519E+05
900			-1.7520E+05
905			-1.7520E+05
910			-1.7520E+05
915			-1.7521E+05
920			-1.7522E+05
925			-1.7524E+05
930			-1.7524E+05
935			-1.7525E+05
940			-1.7526E+05
945			-1.7526E+05
950			-1.7527E+05
955			-1.7527E+05
960			-1.7527E+05
965			-1.7528E+05
970			-1.7529E+05
975			-1.7532E+05
980			-1.7532E+05
985			-1.7534E+05
990			-1.7535E+05
995			-1.7536E+05
1000			-1.7536E+05
