1			-6.6870E+04
5			-6.7585E+04
10			-6.9261E+04
15			-7.2306E+04
20			-7.7454E+04
25			-8.4526E+04
30			-9.1212E+04
35			-9.2891E+04
40			-9.4003E+04
45			-9.4851E+04
50			-9.5877E+04
55			-9.6434E+04
60			-9.6989E+04
65			-9.7495E+04
70			-9.7934E+04
75			-9.8248E+04
80			-9.8586E+04
85			-9.8885E+04
90			-9.9172E+04
95			-9.9532E+04
100			-9.9643E+04
105			-9.9876E+04
110			-1.0025E+05
115			-1.0043E+05
120			-1.0064E+05
125			-1.0083E+05
130			-1.0102E+05
135			-1.0121E+05
140			-1.0134E+05
145			-1.0150E+05
150			-1.0165E+05
155			-1.0179E+05
160			-1.0193E+05
165			-1.0207E+05
170			-1.0225E+05
175			-1.0231E+05
180			-1.0243E+05
185			-1.0263E+05
190			-1.0274E+05
195			-1.0285E+05
200			-1.0297E+05
205			-1.0305E+05
210			-1.0443E+05
215			-1.0503E+05
220			-1.0561E+05
225			-1.0601E+05
230			-1.0602E+05
235			-1.0626E+05
240			-1.0643E+05
245			-1.0667E+05
250			-1.0687E+05
255			-1.0687E+05
260			-1.0702E+05
265			-1.0710E+05
270			-1.0737E+05
275			-1.0758E+05
280			-1.0759E+05
285			-1.0777E+05
290			-1.0793E+05
295			-1.0803E+05
300			-1.0811E+05
305			-1.0811E+05
310			-1.0818E+05
315			-1.0823E+05
320			-1.0845E+05
325			-1.0869E+05
330			-1.0870E+05
335			-1.0888E+05
340			-1.0895E+05
345			-1.0905E+05
350			-1.0910E+05
355			-1.0910E+05
360			-1.0915E+05
365			-1.0920E+05
370			-1.0935E+05
375			-1.0947E+05
380			-1.0947E+05
385			-1.0960E+05
390			-1.0966E+05
395			-1.0973E+05
400			-1.0976E+05
405			-1.0976E+05
410			-1.0980E+05
415			-1.0985E+05
420			-1.0994E+05
425			-1.1002E+05
430			-1.1002E+05
435			-1.1011E+05
440			-1.1016E+05
445			-1.1021E+05
450			-1.1024E+05
455			-1.1025E+05
460			-1.1028E+05
465			-1.1031E+05
470			-1.1041E+05
475			-1.1049E+05
480			-1.1049E+05
485			-1.1059E+05
490			-1.1064E+05
495			-1.1068E+05
500			-1.1071E+05
505			-1.1071E+05
510			-1.1074E+05
515			-1.1077E+05
520			-1.1086E+05
525			-1.1092E+05
530			-1.1093E+05
535			-1.1101E+05
540			-1.1105E+05
545			-1.1108E+05
550			-1.1111E+05
555			-1.1112E+05
560			-1.1114E+05
565			-1.1117E+05
570			-1.1126E+05
575			-1.1133E+05
580			-1.1133E+05
585			-1.1142E+05
590			-1.1146E+05
595			-1.1148E+05
600			-1.1151E+05
605			-1.1151E+05
610			-1.1153E+05
615			-1.1155E+05
620			-1.1160E+05
625			-1.1165E+05
630			-1.1165E+05
635			-1.1170E+05
640			-1.1173E+05
645			-1.1176E+05
650			-1.1177E+05
655			-1.1177E+05
660			-1.1179E+05
665			-1.1182E+05
670			-1.1186E+05
675			-1.1192E+05
680			-1.1192E+05
685			-1.1195E+05
690			-1.1197E+05
695			-1.1200E+05
700			-1.1201E+05
705			-1.1202E+05
710			-1.1204E+05
715			-1.1205E+05
720			-1.1209E+05
725			-1.1211E+05
730			-1.1211E+05
735			-1.1214E+05
740			-1.1216E+05
745			-1.1218E+05
750			-1.1219E+05
755			-1.1220E+05
760			-1.1221E+05
765			-1.1223E+05
770			-1.1226E+05
775			-1.1229E+05
780			-1.1229E+05
785			-1.1232E+05
790			-1.1234E+05
795			-1.1235E+05
800			-1.1239E+05
805			-1.1239E+05
810			-1.1241E+05
815			-1.1242E+05
820			-1.1245E+05
825			-1.1247E+05
830			-1.1247E+05
835			-1.1250E+05
840			-1.1252E+05
845			-1.1253E+05
850			-1.1255E+05
855			-1.1255E+05
860			-1.1257E+05
865			-1.1258E+05
870			-1.1261E+05
875			-1.1262E+05
880			-1.1262E+05
885			-1.1264E+05
890			-1.1266E+05
895			-1.1267E+05
900			-1.1270E+05
905			-1.1270E+05
910			-1.1272E+05
915			-1.1273E+05
920			-1.1275E+05
925			-1.1281E+05
930			-1.1281E+05
935			-1.1286E+05
940			-1.1287E+05
945			-1.1289E+05
950			-1.1289E+05
955			-1.1290E+05
960			-1.1290E+05
965			-1.1292E+05
970			-1.1294E+05
975			-1.1298E+05
980			-1.1298E+05
985			-1.1300E+05
990			-1.1302E+05
995			-1.1303E+05
1000			-1.1304E+05
