1			-1.1155E+05
5			-1.1156E+05
10			-1.1159E+05
15			-1.1165E+05
20			-1.1167E+05
25			-1.1177E+05
30			-1.1181E+05
35			-1.1183E+05
40			-1.1186E+05
45			-1.1189E+05
50			-1.1192E+05
55			-1.1193E+05
60			-1.1195E+05
65			-1.1199E+05
70			-1.1200E+05
75			-1.1202E+05
80			-1.1204E+05
85			-1.1206E+05
90			-1.1208E+05
95			-1.1210E+05
100			-1.1211E+05
105			-1.1213E+05
110			-1.1214E+05
115			-1.1216E+05
120			-1.1217E+05
125			-1.1219E+05
130			-1.1220E+05
135			-1.1221E+05
140			-1.1222E+05
145			-1.1224E+05
150			-1.1226E+05
155			-1.1227E+05
160			-1.1228E+05
165			-1.1229E+05
170			-1.1231E+05
175			-1.1232E+05
180			-1.1233E+05
185			-1.1234E+05
190			-1.1235E+05
195			-1.1236E+05
200			-1.1237E+05
205			-1.1238E+05
210			-1.1251E+05
215			-1.1266E+05
220			-1.1268E+05
225			-1.1271E+05
230			-1.1271E+05
235			-1.1273E+05
240			-1.1275E+05
245			-1.1281E+05
250			-1.1292E+05
255			-1.1293E+05
260			-1.1297E+05
265			-1.1299E+05
270			-1.1302E+05
275			-1.1304E+05
280			-1.1304E+05
285			-1.1306E+05
290			-1.1308E+05
295			-1.1310E+05
300			-1.1315E+05
305			-1.1315E+05
310			-1.1317E+05
315			-1.1319E+05
320			-1.1321E+05
325			-1.1322E+05
330			-1.1322E+05
335			-1.1324E+05
340			-1.1325E+05
345			-1.1327E+05
350			-1.1329E+05
355			-1.1329E+05
360			-1.1331E+05
365			-1.1333E+05
370			-1.1334E+05
375			-1.1336E+05
380			-1.1336E+05
385			-1.1338E+05
390			-1.1338E+05
395			-1.1341E+05
400			-1.1344E+05
405			-1.1344E+05
410			-1.1346E+05
415			-1.1348E+05
420			-1.1349E+05
425			-1.1350E+05
430			-1.1350E+05
435			-1.1351E+05
440			-1.1351E+05
445			-1.1354E+05
450			-1.1357E+05
455			-1.1357E+05
460			-1.1360E+05
465			-1.1362E+05
470			-1.1363E+05
475			-1.1364E+05
480			-1.1364E+05
485			-1.1365E+05
490			-1.1366E+05
495			-1.1368E+05
500			-1.1370E+05
505			-1.1370E+05
510			-1.1371E+05
515			-1.1373E+05
520			-1.1374E+05
525			-1.1375E+05
530			-1.1375E+05
535			-1.1376E+05
540			-1.1376E+05
545			-1.1379E+05
550			-1.1382E+05
555			-1.1382E+05
560			-1.1384E+05
565			-1.1386E+05
570			-1.1387E+05
575			-1.1388E+05
580			-1.1388E+05
585			-1.1388E+05
590			-1.1389E+05
595			-1.1392E+05
600			-1.1395E+05
605			-1.1395E+05
610			-1.1397E+05
615			-1.1398E+05
620			-1.1399E+05
625			-1.1399E+05
630			-1.1400E+05
635			-1.1400E+05
640			-1.1401E+05
645			-1.1403E+05
650			-1.1407E+05
655			-1.1407E+05
660			-1.1409E+05
665			-1.1410E+05
670			-1.1410E+05
675			-1.1411E+05
680			-1.1411E+05
685			-1.1412E+05
690			-1.1412E+05
695			-1.1413E+05
700			-1.1417E+05
705			-1.1417E+05
710			-1.1419E+05
715			-1.1420E+05
720			-1.1420E+05
725			-1.1421E+05
730			-1.1421E+05
735			-1.1421E+05
740			-1.1422E+05
745			-1.1423E+05
750			-1.1425E+05
755			-1.1425E+05
760			-1.1426E+05
765			-1.1427E+05
770			-1.1428E+05
775			-1.1428E+05
780			-1.1428E+05
785			-1.1428E+05
790			-1.1429E+05
795			-1.1430E+05
800			-1.1431E+05
805			-1.1431E+05
810			-1.1432E+05
815			-1.1433E+05
820			-1.1433E+05
825			-1.1434E+05
830			-1.1434E+05
835			-1.1434E+05
840			-1.1435E+05
845			-1.1435E+05
850			-1.1437E+05
855			-1.1437E+05
860			-1.1438E+05
865			-1.1439E+05
870			-1.1439E+05
875			-1.1440E+05
880			-1.1440E+05
885			-1.1440E+05
890			-1.1441E+05
895			-1.1442E+05
900			-1.1443E+05
905			-1.1443E+05
910			-1.1443E+05
915			-1.1444E+05
920			-1.1444E+05
925			-1.1445E+05
930			-1.1445E+05
935			-1.1446E+05
940			-1.1447E+05
945			-1.1447E+05
950			-1.1448E+05
955			-1.1448E+05
960			-1.1449E+05
965			-1.1449E+05
970			-1.1450E+05
975			-1.1451E+05
980			-1.1451E+05
985			-1.1451E+05
990			-1.1452E+05
995			-1.1452E+05
1000			-1.1453E+05
