1			-4.0200E+05
5			-4.0202E+05
10			-4.0204E+05
15			-4.0210E+05
20			-4.0218E+05
25			-4.0221E+05
30			-4.0223E+05
35			-4.0226E+05
40			-4.0228E+05
45			-4.0232E+05
50			-4.0233E+05
55			-4.0235E+05
60			-4.0239E+05
65			-4.0240E+05
70			-4.0243E+05
75			-4.0245E+05
80			-4.0247E+05
85			-4.0249E+05
90			-4.0251E+05
95			-4.0253E+05
100			-4.0255E+05
105			-4.0257E+05
110			-4.0259E+05
115			-4.0261E+05
120			-4.0263E+05
125			-4.0264E+05
130			-4.0266E+05
135			-4.0268E+05
140			-4.0270E+05
145			-4.0271E+05
150			-4.0273E+05
155			-4.0275E+05
160			-4.0276E+05
165			-4.0279E+05
170			-4.0280E+05
175			-4.0282E+05
180			-4.0284E+05
185			-4.0285E+05
190			-4.0287E+05
195			-4.0288E+05
200			-4.0290E+05
205			-4.0291E+05
210			-4.0320E+05
215			-4.0342E+05
220			-4.0362E+05
225			-4.0374E+05
230			-4.0374E+05
235			-4.0382E+05
240			-4.0388E+05
245			-4.0396E+05
250			-4.0400E+05
255			-4.0400E+05
260			-4.0403E+05
265			-4.0405E+05
270			-4.0414E+05
275			-4.0422E+05
280			-4.0422E+05
285			-4.0429E+05
290			-4.0434E+05
295			-4.0437E+05
300			-4.0440E+05
305			-4.0440E+05
310			-4.0443E+05
315			-4.0444E+05
320			-4.0451E+05
325			-4.0458E+05
330			-4.0458E+05
335			-4.0464E+05
340			-4.0468E+05
345			-4.0471E+05
350			-4.0472E+05
355			-4.0473E+05
360			-4.0474E+05
365			-4.0478E+05
370			-4.0483E+05
375			-4.0490E+05
380			-4.0490E+05
385			-4.0496E+05
390			-4.0499E+05
395			-4.0502E+05
400			-4.0503E+05
405			-4.0503E+05
410			-4.0505E+05
415			-4.0508E+05
420			-4.0512E+05
425			-4.0518E+05
430			-4.0518E+05
435			-4.0524E+05
440			-4.0526E+05
445			-4.0528E+05
450			-4.0530E+05
455			-4.0530E+05
460			-4.0531E+05
465			-4.0533E+05
470			-4.0537E+05
475			-4.0540E+05
480			-4.0541E+05
485			-4.0545E+05
490			-4.0548E+05
495			-4.0550E+05
500			-4.0551E+05
505			-4.0551E+05
510			-4.0552E+05
515			-4.0555E+05
520			-4.0558E+05
525			-4.0564E+05
530			-4.0564E+05
535			-4.0568E+05
540			-4.0571E+05
545			-4.0573E+05
550			-4.0574E+05
555			-4.0574E+05
560			-4.0575E+05
565			-4.0577E+05
570			-4.0581E+05
575			-4.0584E+05
580			-4.0584E+05
585			-4.0588E+05
590			-4.0590E+05
595			-4.0592E+05
600			-4.0593E+05
605			-4.0593E+05
610			-4.0595E+05
615			-4.0596E+05
620			-4.0600E+05
625			-4.0603E+05
630			-4.0603E+05
635			-4.0608E+05
640			-4.0610E+05
645			-4.0612E+05
650			-4.0613E+05
655			-4.0613E+05
660			-4.0614E+05
665			-4.0616E+05
670			-4.0621E+05
675			-4.0626E+05
680			-4.0626E+05
685			-4.0632E+05
690			-4.0634E+05
695			-4.0636E+05
700			-4.0637E+05
705			-4.0637E+05
710			-4.0638E+05
715			-4.0639E+05
720			-4.0644E+05
725			-4.0648E+05
730			-4.0648E+05
735			-4.0653E+05
740			-4.0655E+05
745			-4.0657E+05
750			-4.0658E+05
755			-4.0658E+05
760			-4.0659E+05
765			-4.0660E+05
770			-4.0664E+05
775			-4.0667E+05
780			-4.0667E+05
785			-4.0671E+05
790			-4.0673E+05
795			-4.0674E+05
800			-4.0675E+05
805			-4.0675E+05
810			-4.0676E+05
815			-4.0678E+05
820			-4.0680E+05
825			-4.0685E+05
830			-4.0685E+05
835			-4.0688E+05
840			-4.0690E+05
845			-4.0691E+05
850			-4.0692E+05
855			-4.0692E+05
860			-4.0693E+05
865			-4.0694E+05
870			-4.0697E+05
875			-4.0700E+05
880			-4.0700E+05
885			-4.0704E+05
890			-4.0706E+05
895			-4.0707E+05
900			-4.0707E+05
905			-4.0708E+05
910			-4.0708E+05
915			-4.0709E+05
920			-4.0712E+05
925			-4.0714E+05
930			-4.0715E+05
935			-4.0718E+05
940			-4.0720E+05
945			-4.0721E+05
950			-4.0721E+05
955			-4.0721E+05
960			-4.0722E+05
965			-4.0723E+05
970			-4.0726E+05
975			-4.0728E+05
980			-4.0728E+05
985			-4.0731E+05
990			-4.0733E+05
995			-4.0734E+05
1000			-4.0735E+05
1000			-4.0735E+05
