1			4.7270E+05
5			3.3337E+05
10			8.5952E+04
15			-1.3673E+05
20			-2.3570E+05
25			-2.6652E+05
30			-2.9132E+05
35			-3.1833E+05
40			-3.1861E+05
45			-3.3983E+05
50			-3.4306E+05
55			-3.4799E+05
60			-3.5020E+05
65			-3.5202E+05
70			-3.5348E+05
75			-3.5482E+05
80			-3.5611E+05
85			-3.5764E+05
90			-3.5866E+05
95			-3.5909E+05
100			-3.6070E+05
105			-3.6153E+05
110			-3.6229E+05
115			-3.6303E+05
120			-3.6380E+05
125			-3.6435E+05
130			-3.6495E+05
135			-3.6554E+05
140			-3.6607E+05
145			-3.6681E+05
150			-3.6711E+05
155			-3.6784E+05
160			-3.6806E+05
165			-3.6883E+05
170			-3.6923E+05
175			-3.6968E+05
180			-3.7013E+05
185			-3.7053E+05
190			-3.7090E+05
195			-3.7126E+05
200			-3.7165E+05
205			-3.7185E+05
210			-3.7538E+05
215			-3.7834E+05
220			-3.7909E+05
225			-3.8000E+05
230			-3.8000E+05
235			-3.8057E+05
240			-3.8092E+05
245			-3.8186E+05
250			-3.8311E+05
255			-3.8312E+05
260			-3.8403E+05
265			-3.8430E+05
270			-3.8485E+05
275			-3.8547E+05
280			-3.8547E+05
285			-3.8596E+05
290			-3.8623E+05
295			-3.8663E+05
300			-3.8703E+05
305			-3.8704E+05
310			-3.8737E+05
315			-3.8756E+05
320			-3.8810E+05
325			-3.8849E+05
330			-3.8849E+05
335			-3.8894E+05
340			-3.8915E+05
345			-3.8943E+05
350			-3.8968E+05
355			-3.8969E+05
360			-3.8993E+05
365			-3.9011E+05
370			-3.9044E+05
375			-3.9066E+05
380			-3.9067E+05
385			-3.9097E+05
390			-3.9113E+05
395			-3.9138E+05
400			-3.9156E+05
405			-3.9156E+05
410			-3.9177E+05
415			-3.9192E+05
420			-3.9219E+05
425			-3.9239E+05
430			-3.9239E+05
435			-3.9266E+05
440			-3.9281E+05
445			-3.9300E+05
450			-3.9316E+05
455			-3.9316E+05
460			-3.9334E+05
465			-3.9347E+05
470			-3.9370E+05
475			-3.9387E+05
480			-3.9387E+05
485			-3.9411E+05
490			-3.9423E+05
495			-3.9440E+05
500			-3.9454E+05
505			-3.9455E+05
510			-3.9470E+05
515			-3.9483E+05
520			-3.9502E+05
525			-3.9517E+05
530			-3.9517E+05
535			-3.9537E+05
540			-3.9548E+05
545			-3.9563E+05
550			-3.9577E+05
555			-3.9577E+05
560			-3.9593E+05
565			-3.9605E+05
570			-3.9621E+05
575			-3.9634E+05
580			-3.9635E+05
585			-3.9652E+05
590			-3.9662E+05
595			-3.9676E+05
600			-3.9687E+05
605			-3.9687E+05
610			-3.9699E+05
615			-3.9708E+05
620			-3.9723E+05
625			-3.9735E+05
630			-3.9735E+05
635			-3.9750E+05
640			-3.9760E+05
645			-3.9771E+05
650			-3.9779E+05
655			-3.9779E+05
660			-3.9789E+05
665			-3.9797E+05
670			-3.9809E+05
675			-3.9819E+05
680			-3.9819E+05
685			-3.9831E+05
690			-3.9838E+05
695			-3.9850E+05
700			-3.9856E+05
705			-3.9857E+05
710			-3.9866E+05
715			-3.9875E+05
720			-3.9885E+05
725			-3.9893E+05
730			-3.9893E+05
735			-3.9905E+05
740			-3.9911E+05
745			-3.9922E+05
750			-3.9927E+05
755			-3.9928E+05
760			-3.9936E+05
765			-3.9943E+05
770			-3.9952E+05
775			-3.9960E+05
780			-3.9960E+05
785			-3.9971E+05
790			-3.9976E+05
795			-3.9985E+05
800			-3.9990E+05
805			-3.9990E+05
810			-3.9997E+05
815			-4.0004E+05
820			-4.0011E+05
825			-4.0019E+05
830			-4.0019E+05
835			-4.0029E+05
840			-4.0033E+05
845			-4.0041E+05
850			-4.0045E+05
855			-4.0046E+05
860			-4.0051E+05
865			-4.0057E+05
870			-4.0063E+05
875			-4.0070E+05
880			-4.0070E+05
885			-4.0079E+05
890			-4.0083E+05
895			-4.0090E+05
900			-4.0093E+05
905			-4.0093E+05
910			-4.0098E+05
915			-4.0103E+05
920			-4.0108E+05
925			-4.0115E+05
930			-4.0115E+05
935			-4.0123E+05
940			-4.0127E+05
945			-4.0133E+05
950			-4.0135E+05
955			-4.0136E+05
960			-4.0140E+05
965			-4.0144E+05
970			-4.0149E+05
975			-4.0155E+05
980			-4.0155E+05
985			-4.0163E+05
990			-4.0165E+05
995			-4.0171E+05
1000			-4.0174E+05
1000			-4.0174E+05
