1			1.5237E+05
5			7.4497E+04
10			-1.1260E+04
15			-5.0291E+04
20			-6.3230E+04
25			-7.0075E+04
30			-7.7631E+04
35			-8.3015E+04
40			-8.4875E+04
45			-8.5849E+04
50			-8.6631E+04
55			-8.7305E+04
60			-8.8310E+04
65			-8.8805E+04
70			-8.9216E+04
75			-8.9584E+04
80			-8.9934E+04
85			-9.0234E+04
90			-9.0509E+04
95			-9.0894E+04
100			-9.1012E+04
105			-9.1387E+04
110			-9.1580E+04
115			-9.1791E+04
120			-9.1997E+04
125			-9.2181E+04
130			-9.2358E+04
135			-9.2495E+04
140			-9.2651E+04
145			-9.2796E+04
150			-9.2929E+04
155			-9.3062E+04
160			-9.3195E+04
165			-9.3362E+04
170			-9.3414E+04
175			-9.3529E+04
180			-9.3714E+04
185			-9.3809E+04
190			-9.3917E+04
195			-9.4024E+04
200			-9.4122E+04
205			-9.4173E+04
210			-9.5900E+04
215			-9.6140E+04
220			-9.6620E+04
225			-9.6839E+04
230			-9.6846E+04
235			-9.7016E+04
240			-9.7398E+04
245			-9.7592E+04
250			-9.7817E+04
255			-9.7822E+04
260			-9.7945E+04
265			-9.8046E+04
270			-9.8305E+04
275			-9.8434E+04
280			-9.8438E+04
285			-9.8529E+04
290			-9.8645E+04
295			-9.8790E+04
300			-9.8879E+04
305			-9.8882E+04
310			-9.8977E+04
315			-9.9061E+04
320			-9.9196E+04
325			-9.9257E+04
330			-9.9260E+04
335			-9.9345E+04
340			-9.9424E+04
345			-9.9523E+04
350			-9.9592E+04
355			-9.9594E+04
360			-9.9677E+04
365			-9.9737E+04
370			-9.9839E+04
375			-9.9894E+04
380			-9.9897E+04
385			-9.9965E+04
390			-1.0002E+05
395			-1.0011E+05
400			-1.0016E+05
405			-1.0017E+05
410			-1.0024E+05
415			-1.0030E+05
420			-1.0037E+05
425			-1.0041E+05
430			-1.0041E+05
435			-1.0047E+05
440			-1.0051E+05
445			-1.0059E+05
450			-1.0065E+05
455			-1.0065E+05
460			-1.0072E+05
465			-1.0077E+05
470			-1.0083E+05
475			-1.0086E+05
480			-1.0087E+05
485			-1.0092E+05
490			-1.0095E+05
495			-1.0102E+05
500			-1.0107E+05
505			-1.0107E+05
510			-1.0114E+05
515			-1.0119E+05
520			-1.0123E+05
525			-1.0127E+05
530			-1.0127E+05
535			-1.0131E+05
540			-1.0134E+05
545			-1.0141E+05
550			-1.0146E+05
555			-1.0146E+05
560			-1.0152E+05
565			-1.0157E+05
570			-1.0160E+05
575			-1.0163E+05
580			-1.0164E+05
585			-1.0167E+05
590			-1.0170E+05
595			-1.0176E+05
600			-1.0180E+05
605			-1.0180E+05
610			-1.0186E+05
615			-1.0190E+05
620			-1.0193E+05
625			-1.0196E+05
630			-1.0196E+05
635			-1.0199E+05
640			-1.0201E+05
645			-1.0207E+05
650			-1.0210E+05
655			-1.0210E+05
660			-1.0215E+05
665			-1.0218E+05
670			-1.0221E+05
675			-1.0224E+05
680			-1.0224E+05
685			-1.0227E+05
690			-1.0228E+05
695			-1.0234E+05
700			-1.0236E+05
705			-1.0237E+05
710			-1.0241E+05
715			-1.0244E+05
720			-1.0246E+05
725			-1.0248E+05
730			-1.0249E+05
735			-1.0251E+05
740			-1.0253E+05
745			-1.0257E+05
750			-1.0260E+05
755			-1.0260E+05
760			-1.0263E+05
765			-1.0266E+05
770			-1.0268E+05
775			-1.0270E+05
780			-1.0271E+05
785			-1.0273E+05
790			-1.0275E+05
795			-1.0278E+05
800			-1.0280E+05
805			-1.0281E+05
810			-1.0283E+05
815			-1.0286E+05
820			-1.0288E+05
825			-1.0290E+05
830			-1.0290E+05
835			-1.0292E+05
840			-1.0294E+05
845			-1.0297E+05
850			-1.0299E+05
855			-1.0299E+05
860			-1.0301E+05
865			-1.0304E+05
870			-1.0305E+05
875			-1.0308E+05
880			-1.0308E+05
885			-1.0310E+05
890			-1.0312E+05
895			-1.0315E+05
900			-1.0317E+05
905			-1.0317E+05
910			-1.0320E+05
915			-1.0322E+05
920			-1.0323E+05
925			-1.0326E+05
930			-1.0326E+05
935			-1.0327E+05
940			-1.0328E+05
945			-1.0338E+05
950			-1.0343E+05
955			-1.0343E+05
960			-1.0347E+05
965			-1.0348E+05
970			-1.0350E+05
975			-1.0351E+05
980			-1.0351E+05
985			-1.0352E+05
990			-1.0353E+05
995			-1.0359E+05
1000			-1.0366E+05
