1			-1.0426E+05
5			-1.0428E+05
10			-1.0431E+05
15			-1.0439E+05
20			-1.0454E+05
25			-1.0460E+05
30			-1.0464E+05
35			-1.0467E+05
40			-1.0471E+05
45			-1.0474E+05
50			-1.0477E+05
55			-1.0480E+05
60			-1.0483E+05
65			-1.0484E+05
70			-1.0487E+05
75			-1.0491E+05
80			-1.0493E+05
85			-1.0495E+05
90			-1.0497E+05
95			-1.0499E+05
100			-1.0501E+05
105			-1.0503E+05
110			-1.0505E+05
115			-1.0506E+05
120			-1.0508E+05
125			-1.0509E+05
130			-1.0511E+05
135			-1.0513E+05
140			-1.0515E+05
145			-1.0515E+05
150			-1.0517E+05
155			-1.0519E+05
160			-1.0520E+05
165			-1.0521E+05
170			-1.0523E+05
175			-1.0524E+05
180			-1.0525E+05
185			-1.0527E+05
190			-1.0528E+05
195			-1.0529E+05
200			-1.0530E+05
205			-1.0531E+05
210			-1.0553E+05
215			-1.0566E+05
220			-1.0573E+05
225			-1.0582E+05
230			-1.0582E+05
235			-1.0586E+05
240			-1.0588E+05
245			-1.0591E+05
250			-1.0596E+05
255			-1.0596E+05
260			-1.0599E+05
265			-1.0600E+05
270			-1.0603E+05
275			-1.0605E+05
280			-1.0605E+05
285			-1.0607E+05
290			-1.0608E+05
295			-1.0611E+05
300			-1.0612E+05
305			-1.0612E+05
310			-1.0615E+05
315			-1.0616E+05
320			-1.0617E+05
325			-1.0620E+05
330			-1.0621E+05
335			-1.0622E+05
340			-1.0624E+05
345			-1.0625E+05
350			-1.0627E+05
355			-1.0628E+05
360			-1.0629E+05
365			-1.0630E+05
370			-1.0632E+05
375			-1.0633E+05
380			-1.0634E+05
385			-1.0635E+05
390			-1.0637E+05
395			-1.0638E+05
400			-1.0639E+05
405			-1.0639E+05
410			-1.0640E+05
415			-1.0641E+05
420			-1.0643E+05
425			-1.0647E+05
430			-1.0647E+05
435			-1.0649E+05
440			-1.0651E+05
445			-1.0651E+05
450			-1.0652E+05
455			-1.0652E+05
460			-1.0653E+05
465			-1.0654E+05
470			-1.0656E+05
475			-1.0657E+05
480			-1.0657E+05
485			-1.0659E+05
490			-1.0661E+05
495			-1.0661E+05
500			-1.0662E+05
505			-1.0663E+05
510			-1.0664E+05
515			-1.0664E+05
520			-1.0666E+05
525			-1.0667E+05
530			-1.0667E+05
535			-1.0668E+05
540			-1.0669E+05
545			-1.0670E+05
550			-1.0671E+05
555			-1.0672E+05
560			-1.0673E+05
565			-1.0674E+05
570			-1.0675E+05
575			-1.0677E+05
580			-1.0677E+05
585			-1.0678E+05
590			-1.0678E+05
595			-1.0680E+05
600			-1.0681E+05
605			-1.0682E+05
610			-1.0683E+05
615			-1.0684E+05
620			-1.0685E+05
625			-1.0686E+05
630			-1.0686E+05
635			-1.0687E+05
640			-1.0688E+05
645			-1.0689E+05
650			-1.0691E+05
655			-1.0691E+05
660			-1.0693E+05
665			-1.0695E+05
670			-1.0695E+05
675			-1.0696E+05
680			-1.0696E+05
685			-1.0697E+05
690			-1.0698E+05
695			-1.0703E+05
700			-1.0708E+05
705			-1.0708E+05
710			-1.0710E+05
715			-1.0712E+05
720			-1.0712E+05
725			-1.0713E+05
730			-1.0713E+05
735			-1.0714E+05
740			-1.0715E+05
745			-1.0716E+05
750			-1.0719E+05
755			-1.0719E+05
760			-1.0721E+05
765			-1.0723E+05
770			-1.0723E+05
775			-1.0724E+05
780			-1.0724E+05
785			-1.0724E+05
790			-1.0725E+05
795			-1.0726E+05
800			-1.0728E+05
805			-1.0728E+05
810			-1.0729E+05
815			-1.0730E+05
820			-1.0730E+05
825			-1.0731E+05
830			-1.0731E+05
835			-1.0732E+05
840			-1.0732E+05
845			-1.0734E+05
850			-1.0736E+05
855			-1.0736E+05
860			-1.0738E+05
865			-1.0739E+05
870			-1.0740E+05
875			-1.0740E+05
880			-1.0740E+05
885			-1.0740E+05
890			-1.0741E+05
895			-1.0742E+05
900			-1.0744E+05
905			-1.0744E+05
910			-1.0745E+05
915			-1.0746E+05
920			-1.0747E+05
925			-1.0747E+05
930			-1.0747E+05
935			-1.0747E+05
940			-1.0748E+05
945			-1.0749E+05
950			-1.0750E+05
955			-1.0750E+05
960			-1.0752E+05
965			-1.0752E+05
970			-1.0753E+05
975			-1.0753E+05
980			-1.0753E+05
985			-1.0753E+05
990			-1.0754E+05
995			-1.0755E+05
1000			-1.0756E+05
