       0.000           0.0000
       0.500         166.9294
       1.000         247.1592
       1.500         339.3957
       2.000         452.3124
       2.500         566.2548
       3.000         682.6585
       3.500         803.9643
       4.000         911.0275
       4.500        1028.0007
       5.000        1138.6456
       5.500        1252.1981
       6.000        1371.2460
       6.500        1493.8348
       7.000        1611.5636
       7.500        1711.9910
       8.000        1845.6746
       8.500        1935.7542
       9.000        2070.0166
       9.500        2174.1790
      10.000        2314.0017
      10.500        2448.3250
      11.000        2550.7415
      11.500        2678.6001
      12.000        2782.0562
      12.500        2890.0229
      13.000        3008.5737
      13.500        3137.4216
      14.000        3234.8135
      14.500        3381.5505
      15.000        3490.2764
      15.500        3604.8389
      16.000        3769.0232
      16.500        3799.6624
      17.000        3951.0811
      17.500        4077.6042
      18.000        4140.0977
      18.500        4293.5322
      19.000        4378.8540
      19.500        4509.9214
      20.000        4625.9194
      20.500        4661.6567
      21.000        4700.2710
      21.500        4828.9683
      22.000        4902.5952
      22.500        4973.8130
      23.000        4991.1597
      23.500        5089.4990
      24.000        5080.5371
      24.500        5221.8042
      25.000        5244.8789
      25.500        5283.5640
      26.000        5382.5161
      26.500        5384.8198
      27.000        5488.2271
      27.500        5475.4663
      28.000        5555.6880
      28.500        5661.5659
      29.000        5751.9033
      29.500        5775.1006
      30.000        5844.6060
      30.500        5874.6797
      31.000        5927.7520
      31.500        5958.4082
      32.000        6023.7090
      32.500        6144.6851
      33.000        6114.3442
      33.500        6247.0933
      34.000        6267.7520
      34.500        6324.1865
      35.000        6440.0195
      35.500        6410.1519
      36.000        6453.8213
      36.500        6537.4155
      37.000        6622.9985
      37.500        6652.0371
      38.000        6742.4263
      38.500        6837.4331
      39.000        6889.9629
      39.500        6859.3223
      40.000        6940.6772
      40.500        7045.9097
      41.000        7018.0684
      41.500        7120.2642
      42.000        7188.9834
      42.500        7216.5820
      43.000        7247.4658
      43.500        7357.7388
      44.000        7466.8750
      44.500        7507.5840
      45.000        7578.6035
      45.500        7757.0884
      46.000        7675.4375
      46.500        7709.2051
      47.000        7880.9141
      47.500        7880.9707
      48.000        7982.6797
      48.500        7982.6226
      49.000        8098.3960
      49.500        8193.2344
      50.000        8123.0010
      50.500        8174.7744
      51.000        8253.1016
      51.500        8321.6816
      52.000        8335.8955
      52.500        8398.0049
      53.000        8410.7148
      53.500        8558.7168
      54.000        8634.0889
      54.500        8694.0225
      55.000        8698.5801
      55.500        8901.8301
      56.000        8903.3877
      56.500        8969.4795
      57.000        9046.4062
      57.500        9103.4834
      58.000        9114.3301
      58.500        9103.6279
      59.000        9152.4219
      59.500        9220.6504
      60.000        9286.8496
      60.500        9277.0605
      61.000        9345.5459
      61.500        9415.1797
      62.000        9411.3457
      62.500        9466.5127
      63.000        9496.1748
      63.500        9591.1406
      64.000        9517.8232
      64.500        9490.9170
      65.000        9583.5430
      65.500        9613.6484
      66.000        9624.8330
      66.500        9739.1631
      67.000        9748.0967
      67.500        9849.3184
      68.000        9680.7627
      68.500        9885.1377
      69.000        9853.7812
      69.500        9829.1855
      70.000        9855.0254
      70.500        9981.9316
      71.000        9929.9805
      71.500       10045.1895
      72.000       10001.9980
      72.500        9897.3115
      73.000       10154.2637
      73.500       10093.3652
      74.000       10058.0146
      74.500       10097.8945
      75.000       10221.0811
      75.500       10126.2197
      76.000       10136.7432
      76.500       10174.9053
      77.000       10322.7402
      77.500       10278.4717
      78.000       10317.3975
      78.500       10282.4932
      79.000       10331.7080
      79.500       10462.1240
      80.000       10396.8564
      80.500       10423.6631
      81.000       10567.2119
      81.500       10598.9043
      82.000       10649.8281
      82.500       10572.1748
      83.000       10628.4180
      83.500       10730.6338
      84.000       10717.6787
      84.500       10686.0898
      85.000       10670.6094
      85.500       10837.9961
      86.000       10711.5430
      86.500       10730.3555
      87.000       10840.4277
      87.500       10785.2178
      88.000       10981.6904
      88.500       10936.4072
      89.000       11006.1035
      89.500       11061.7100
      90.000       11133.3076
      90.500       10991.5654
      91.000       11070.1621
      91.500       10965.4551
      92.000       11165.5811
      92.500       11139.0225
      93.000       11277.2988
      93.500       11287.5010
      94.000       11295.7969
      94.500       11218.5518
      95.000       11387.5664
      95.500       11494.3096
      96.000       11392.6338
      96.500       11408.6152
      97.000       11470.3506
      97.500       11577.0283
      98.000       11395.7314
      98.500       11571.1465
      99.000       11429.2471
      99.500       11618.7979
     100.000       11635.8652
     100.500       11708.8652
     101.000       11621.0479
     101.500       11796.7334
     102.000       11726.8535
     102.500       11956.5781
     103.000       11713.8662
     103.500       11922.5479
     104.000       11866.3877
     104.500       11931.8994
     105.000       11959.3945
     105.500       11970.8574
     106.000       12006.7764
     106.500       12086.6758
     107.000       12034.8174
     107.500       12135.5059
     108.000       12134.3340
     108.500       11993.1523
     109.000       12027.2178
     109.500       12204.3486
     110.000       12146.5566
     110.500       12266.2432
     111.000       12302.5254
     111.500       12300.8232
     112.000       12310.9326
     112.500       12392.6543
     113.000       12339.4014
     113.500       12542.7197
     114.000       12356.7393
     114.500       12413.5312
     115.000       12423.2119
     115.500       12462.8955
     116.000       12600.8057
     116.500       12594.4199
     117.000       12741.6123
     117.500       12670.0703
     118.000       12595.5039
     118.500       12705.3779
     119.000       12702.3945
     119.500       12611.1641
     120.000       12791.9336
     120.500       12840.9023
     121.000       12843.1992
     121.500       12736.1436
     122.000       12861.9863
     122.500       12943.2656
     123.000       12810.4375
     123.500       12988.6816
     124.000       13081.6494
     124.500       13151.6768
     125.000       13084.0527
     125.500       13076.6689
     126.000       13100.7119
     126.500       13191.3398
     127.000       13135.7773
     127.500       13263.8223
     128.000       13328.9502
     128.500       13249.4072
     129.000       13282.9824
     129.500       13363.9932
     130.000       13444.8145
     130.500       13436.1074
     131.000       13406.6748
     131.500       13568.7500
     132.000       13502.2422
     132.500       13494.7002
     133.000       13512.0410
     133.500       13643.4287
     134.000       13477.0781
     134.500       13520.7334
     135.000       13619.1445
     135.500       13795.5498
     136.000       13842.0254
     136.500       13713.2715
     137.000       13729.7656
     137.500       13783.5098
     138.000       13835.6670
     138.500       13930.2949
     139.000       13838.9902
     139.500       13869.1211
     140.000       14022.3818
     140.500       14129.4814
     141.000       13917.8574
     141.500       13858.2910
     142.000       13830.2822
     142.500       13978.5830
     143.000       13962.0996
     143.500       13820.2773
     144.000       13955.4727
     144.500       13855.2432
     145.000       13924.5469
     145.500       13888.7217
     146.000       13934.9971
     146.500       14172.7510
     147.000       13963.5498
     147.500       14156.2178
     148.000       13813.7217
     148.500       13860.0000
     149.000       13912.5283
     149.500       13821.8760
     150.000       13946.1475
     150.500       13962.6074
     151.000       14020.7383
     151.500       14009.9824
     152.000       14001.6953
     152.500       13887.6416
     153.000       14087.2744
     153.500       13999.4355
     154.000       13904.7939
     154.500       14038.7979
     155.000       13909.5762
     155.500       14016.6377
     156.000       13915.2939
     156.500       13950.1992
     157.000       13905.1484
     157.500       14035.6494
     158.000       14056.0498
     158.500       13873.3467
     159.000       14130.4990
     159.500       13804.5215
     160.000       13867.0029
     160.500       14144.4502
     161.000       14054.4668
     161.500       13846.0947
     162.000       14071.7842
     162.500       13840.7129
     163.000       13999.5049
     163.500       13911.5674
     164.000       13961.1709
     164.500       13865.9912
     165.000       13954.4414
     165.500       13809.6787
     166.000       14016.6279
     166.500       14141.9053
     167.000       13967.7295
     167.500       13895.8604
     168.000       13958.0645
     168.500       14085.3193
     169.000       13920.5449
     169.500       14175.3242
     170.000       13914.5361
     170.500       13947.0918
     171.000       13919.5781
     171.500       14046.3242
     172.000       14003.7891
     172.500       13921.3516
     173.000       14169.4502
     173.500       14048.3232
     174.000       13810.8906
     174.500       14062.8389
     175.000       13984.5234
     175.500       13865.8887
     176.000       13966.8428
     176.500       13995.7607
     177.000       13836.1406
     177.500       13901.7578
     178.000       14050.5635
     178.500       14044.0117
     179.000       13878.2441
     179.500       14015.9629
     180.000       13851.8857
     180.500       13999.6816
     181.000       13863.5293
     181.500       13987.6562
     182.000       13947.7383
     182.500       14230.2979
     183.000       13984.4023
     183.500       13935.8770
     184.000       14004.4326
     184.500       13901.9131
     185.000       13750.9150
     185.500       14015.1943
     186.000       14013.0898
     186.500       13901.9062
     187.000       13864.9277
     187.500       13870.2656
     188.000       14010.4639
     188.500       14014.0049
     189.000       13965.0498
     189.500       14102.6709
     190.000       13888.7568
     190.500       13752.5840
     191.000       13993.0479
     191.500       13951.2812
     192.000       14054.3633
     192.500       13765.8027
     193.000       13920.9287
     193.500       14113.6660
     194.000       14278.4131
     194.500       14001.0273
     195.000       13964.2227
     195.500       13966.5771
     196.000       13998.8438
     196.500       13920.4590
     197.000       14089.0586
     197.500       14220.3975
     198.000       14016.8740
     198.500       14036.3086
     199.000       13994.1455
     199.500       13979.7314
     200.000       14019.1553
     200.500       14046.4189
     201.000       14036.6992
     201.500       14069.9238
     202.000       13885.3145
     202.500       13990.1982
     203.000       14066.7783
     203.500       13852.2812
     204.000       13868.8594
     204.500       14110.8477
     205.000       13958.2627
     205.500       13921.2168
     206.000       13790.8008
     206.500       14055.6943
     207.000       13981.2588
     207.500       14073.1680
     208.000       13805.7354
     208.500       14064.0264
     209.000       13875.7646
     209.500       13905.8906
     210.000       14006.7539
     210.500       13962.5449
     211.000       14023.6348
     211.500       13867.5000
     212.000       13957.9570
     212.500       13864.3389
     213.000       13871.0576
     213.500       13869.8389
     214.000       13935.2236
     214.500       14041.3379
     215.000       13958.9258
     215.500       13795.0928
     216.000       13961.1582
     216.500       13991.1924
     217.000       13989.4287
     217.500       14029.8867
     218.000       14007.4951
     218.500       13958.7441
     219.000       13861.5361
     219.500       14052.9561
     220.000       14049.6172
     220.500       14041.0293
     221.000       13996.4033
     221.500       14098.6562
     222.000       13885.5889
     222.500       13909.8906
     223.000       13951.1748
     223.500       14020.4746
     224.000       13955.5117
     224.500       13829.1123
     225.000       13965.5059
     225.500       13987.3311
     226.000       13946.6328
     226.500       13881.8057
     227.000       14025.1973
     227.500       14028.0361
     228.000       13907.5928
     228.500       14114.3408
     229.000       13974.5381
     229.500       13874.0117
     230.000       13993.3496
     230.500       13981.0547
     231.000       13960.3955
     231.500       14061.7930
     232.000       14019.5020
     232.500       14003.4043
     233.000       13799.8379
     233.500       13957.2109
     234.000       13920.7656
     234.500       13997.1904
     235.000       14098.9014
     235.500       14088.2461
     236.000       13960.1367
     236.500       13775.3613
     237.000       14039.7490
     237.500       14000.2188
     238.000       13845.6641
     238.500       13909.0518
     239.000       14086.2617
     239.500       14018.5020
     240.000       14013.7012
     240.500       13867.7451
     241.000       13978.6123
     241.500       14015.6455
     242.000       13890.0430
     242.500       13886.3955
     243.000       14075.7539
     243.500       13849.0273
     244.000       13976.5967
     244.500       13928.0381
     245.000       13932.0186
     245.500       13905.9307
     246.000       13854.6885
     246.500       14008.2285
     247.000       13958.2334
     247.500       13950.5732
     248.000       13996.8496
     248.500       13918.1113
     249.000       14001.8975
     249.500       14038.8906
     250.000       13941.8877
     250.500       13876.5029
     251.000       14037.9502
     251.500       14045.0391
     252.000       13974.5488
     252.500       13981.6172
     253.000       14069.9980
     253.500       13968.9102
     254.000       13926.0898
     254.500       13926.3770
     255.000       13885.6309
     255.500       13945.9775
     256.000       13951.4658
     256.500       14013.9473
     257.000       13914.3623
     257.500       13942.8633
     258.000       13994.1328
     258.500       13774.0127
     259.000       14101.5596
     259.500       14024.2344
     260.000       13982.6562
     260.500       13878.0098
     261.000       13875.5957
     261.500       14050.0771
     262.000       13995.2354
     262.500       13993.8740
     263.000       13930.6182
     263.500       13958.2490
     264.000       13940.3125
     264.500       13935.9551
     265.000       13951.4111
     265.500       14097.0811
     266.000       13870.6592
     266.500       14041.6816
     267.000       13904.7793
     267.500       13894.0322
     268.000       13810.1299
     268.500       14037.5469
     269.000       13810.2314
     269.500       13921.3291
     270.000       14042.8350
     270.500       14047.7627
     271.000       14012.9014
     271.500       14027.9014
     272.000       14089.5518
     272.500       14097.9873
     273.000       13916.5820
     273.500       13930.0098
     274.000       13998.4814
     274.500       14026.2871
     275.000       13982.6309
     275.500       14195.0039
     276.000       13879.8438
     276.500       14019.1191
     277.000       14000.2461
     277.500       14028.1738
     278.000       13984.9492
     278.500       13902.8535
     279.000       14045.3633
     279.500       13910.0088
     280.000       13910.7500
     280.500       13800.7178
     281.000       13887.9229
     281.500       13899.9355
     282.000       14048.0068
     282.500       13852.3721
     283.000       13816.7539
     283.500       13867.3447
     284.000       13936.0898
     284.500       13971.4326
     285.000       14020.3721
     285.500       13950.6562
     286.000       13949.2100
     286.500       14117.2236
     287.000       13904.8750
     287.500       13840.5732
     288.000       14079.3818
     288.500       14075.3330
     289.000       14047.9902
     289.500       14004.0518
     290.000       14000.8242
     290.500       14074.4316
     291.000       13807.5459
     291.500       13899.6133
     292.000       13985.5117
     292.500       13856.7021
     293.000       13912.3447
     293.500       14022.6670
     294.000       13930.7588
     294.500       14061.4375
     295.000       14045.8711
     295.500       13963.2227
     296.000       14071.6543
     296.500       14063.7393
     297.000       13994.8223
     297.500       13939.8584
     298.000       14097.7461
     298.500       14004.7539
     299.000       13884.8809
     299.500       13961.8486
     300.000       14164.5000
     300.500       13779.8340
     301.000       14046.9961
     301.500       13988.0703
     302.000       13907.1318
     302.500       14036.4404
     303.000       13931.2393
     303.500       13904.3750
     304.000       13986.9355
     304.500       13963.2676
     305.000       14030.8701
     305.500       13960.3965
     306.000       13890.4287
     306.500       13901.6650
     307.000       13856.3301
     307.500       13990.5625
     308.000       13838.2988
     308.500       14103.3047
     309.000       13885.9775
     309.500       13957.3496
     310.000       14006.6211
     310.500       13934.6250
     311.000       14002.1328
     311.500       13871.0459
     312.000       13934.4766
     312.500       14093.6504
     313.000       14068.1240
     313.500       13814.5049
     314.000       13927.7891
     314.500       13945.3369
     315.000       14042.0781
     315.500       14159.9492
     316.000       13906.3525
     316.500       14025.7148
     317.000       13975.8086
     317.500       13968.0586
     318.000       14014.3271
     318.500       13888.4502
     319.000       14040.1396
     319.500       13802.6758
     320.000       14011.5557
     320.500       13997.3281
     321.000       14134.4492
     321.500       14086.8525
     322.000       13992.4277
     322.500       14005.8633
     323.000       13888.2695
     323.500       13824.3184
     324.000       13971.5303
     324.500       13874.9893
     325.000       13896.4990
     325.500       14023.0781
     326.000       13992.7529
     326.500       14142.4473
     327.000       14033.8662
     327.500       14057.0898
     328.000       13992.1787
     328.500       13843.7803
     329.000       13961.3711
     329.500       13992.0732
     330.000       13942.2109
     330.500       13930.6152
     331.000       14017.1748
     331.500       13908.7080
     332.000       13914.7012
     332.500       13874.1514
     333.000       13931.2842
     333.500       14058.4580
     334.000       13923.4355
     334.500       13858.7197
     335.000       14077.9912
     335.500       13950.3916
     336.000       13932.6787
     336.500       14032.3018
     337.000       13877.2539
     337.500       13969.1387
     338.000       13955.1768
     338.500       14140.9385
     339.000       13877.6885
     339.500       13862.2578
     340.000       14184.1787
     340.500       14129.0703
     341.000       14009.0352
     341.500       13947.3672
     342.000       13966.5791
     342.500       13956.9629
     343.000       14006.6074
     343.500       14020.7734
     344.000       13867.5938
     344.500       14196.8984
     345.000       13992.4795
     345.500       13987.9297
     346.000       13926.7656
     346.500       13980.6094
     347.000       14009.8408
     347.500       14088.7793
     348.000       13992.0674
     348.500       14073.0986
     349.000       14046.6992
     349.500       14028.7422
     350.000       14083.4043
     350.500       13875.4873
     351.000       14027.6670
     351.500       13886.7881
     352.000       14070.0020
     352.500       13890.6201
     353.000       13974.6084
     353.500       13951.8691
     354.000       13896.3467
     354.500       14123.6924
     355.000       14111.7725
     355.500       13961.5801
     356.000       13913.6885
     356.500       13989.8701
     357.000       13927.6875
     357.500       14048.3369
     358.000       13825.5146
     358.500       14015.2910
     359.000       13956.9580
     359.500       13917.8516
     360.000       13954.8213
     360.500       13901.5938
     361.000       13984.2354
     361.500       14007.3252
     362.000       13990.8115
     362.500       14211.0459
     363.000       14067.0947
     363.500       14067.0781
     364.000       14035.8232
     364.500       14078.5352
     365.000       13994.5234
     365.500       13991.0117
     366.000       13704.0947
     366.500       13754.4648
     367.000       13813.4473
     367.500       14167.9219
     368.000       14074.9531
     368.500       13915.5459
     369.000       13972.9561
     369.500       13918.1934
     370.000       13970.0215
     370.500       14219.7939
     371.000       13851.2109
     371.500       13928.9102
     372.000       13832.1123
     372.500       13780.5137
     373.000       13972.8408
     373.500       13973.7471
     374.000       13845.2285
     374.500       14065.0908
     375.000       13916.5518
     375.500       13825.4160
     376.000       14034.2959
     376.500       13999.3096
     377.000       13938.8428
     377.500       14145.0049
     378.000       14067.6426
     378.500       13999.5303
     379.000       13944.9150
     379.500       14016.0293
     380.000       13993.4834
     380.500       13842.6660
     381.000       14077.3438
     381.500       14179.7402
     382.000       14004.3428
     382.500       13932.5566
     383.000       14112.0215
     383.500       14024.9375
     384.000       13945.0771
     384.500       14115.2275
     385.000       13998.8867
     385.500       13843.5312
     386.000       13904.0605
     386.500       13894.5801
     387.000       14095.6377
     387.500       14050.7627
     388.000       13855.3203
     388.500       13979.4990
     389.000       14188.9746
     389.500       14159.9238
     390.000       13892.2881
     390.500       13853.9336
     391.000       13973.8389
     391.500       13870.6738
     392.000       13893.8213
     392.500       13880.8994
     393.000       13914.5439
     393.500       13856.4521
     394.000       13940.8428
     394.500       13881.1289
     395.000       14060.8057
     395.500       14036.0283
     396.000       13934.7158
     396.500       13871.7725
     397.000       13812.3125
     397.500       13872.1006
     398.000       13844.9492
     398.500       14000.2666
     399.000       14012.9199
     399.500       13918.6836
     400.000       14059.7119
