       0.000     -138454.0415
       0.500      -98653.8844
       1.000      -98983.2629
       1.500      -99090.8125
       2.000      -99121.3657
       2.500      -99128.9851
       3.000      -99123.3637
       3.500      -99071.6454
       4.000      -99036.5719
       4.500      -98975.4517
       5.000      -98897.9568
       5.500      -98838.0355
       6.000      -98754.8667
       6.500      -98669.1965
       7.000      -98597.4746
       7.500      -98534.1998
       8.000      -98453.3885
       8.500      -98357.9553
       9.000      -98254.6613
       9.500      -98191.5087
      10.000      -98091.7352
      10.500      -97994.6705
      11.000      -97941.2988
      11.500      -97791.3910
      12.000      -97721.8771
      12.500      -97648.0433
      13.000      -97523.5578
      13.500      -97430.9882
      14.000      -97297.3110
      14.500      -97261.1491
      15.000      -97164.7152
      15.500      -97096.1880
      16.000      -97018.6732
      16.500      -96932.1786
      17.000      -96865.2217
      17.500      -96713.5747
      18.000      -96684.1163
      18.500      -96555.4195
      19.000      -96442.4383
      19.500      -96358.6559
      20.000      -96295.1133
      20.500      -96228.2241
      21.000      -96171.5783
      21.500      -96115.6528
      22.000      -96052.5799
      22.500      -96094.0151
      23.000      -96050.0535
      23.500      -96035.8651
      24.000      -96000.2744
      24.500      -95923.7319
      25.000      -95927.1030
      25.500      -95895.3194
      26.000      -95870.9583
      26.500      -95853.8717
      27.000      -95774.4053
      27.500      -95728.1427
      28.000      -95757.4967
      28.500      -95642.5418
      29.000      -95693.8108
      29.500      -95534.0647
      30.000      -95494.9275
      30.500      -95480.3497
      31.000      -95443.2809
      31.500      -95507.2686
      32.000      -95445.7589
      32.500      -95406.5779
      33.000      -95418.0331
      33.500      -95350.9454
      34.000      -95324.2628
      34.500      -95265.5732
      35.000      -95190.2397
      35.500      -95015.5580
      36.000      -95125.1705
      36.500      -95006.4392
      37.000      -94986.8510
      37.500      -94931.4861
      38.000      -94967.1852
      38.500      -94832.6951
      39.000      -94852.0596
      39.500      -94830.8638
      40.000      -94755.2158
      40.500      -94721.7134
      41.000      -94759.8842
      41.500      -94643.8508
      42.000      -94672.8809
      42.500      -94551.3063
      43.000      -94498.1818
      43.500      -94403.2221
      44.000      -94379.6140
      44.500      -94338.5365
      45.000      -94306.8162
      45.500      -94306.6129
      46.000      -94265.8758
      46.500      -94100.4221
      47.000      -94048.6032
      47.500      -94041.4804
      48.000      -94000.4161
      48.500      -93945.7104
      49.000      -93860.7420
      49.500      -93759.8686
      50.000      -93813.1154
      50.500      -93786.3302
      51.000      -93728.7397
      51.500      -93645.2467
      52.000      -93580.1162
      52.500      -93526.4435
      53.000      -93476.0720
      53.500      -93412.2565
      54.000      -93333.1113
      54.500      -93416.2423
      55.000      -93209.8738
      55.500      -93085.6495
      56.000      -93151.0305
      56.500      -93113.4718
      57.000      -92914.2575
      57.500      -92915.0138
      58.000      -92825.1477
      58.500      -92922.5494
      59.000      -92789.9691
      59.500      -92596.5953
      60.000      -92567.4584
      60.500      -92562.6366
      61.000      -92582.4406
      61.500      -92607.1969
      62.000      -92562.7854
      62.500      -92532.2355
      63.000      -92407.5776
      63.500      -92387.4533
      64.000      -92575.4081
      64.500      -92389.5583
      65.000      -92363.9533
      65.500      -92449.5619
      66.000      -92352.0325
      66.500      -92409.5448
      67.000      -92356.1276
      67.500      -92237.8518
      68.000      -92133.6822
      68.500      -92340.8838
      69.000      -92258.3942
      69.500      -92114.0935
      70.000      -92178.3458
      70.500      -92003.0077
      71.000      -91974.7583
      71.500      -92259.1963
      72.000      -91934.3019
      72.500      -92052.0259
      73.000      -92007.5933
      73.500      -92024.4302
      74.000      -91869.7578
      74.500      -91927.3923
      75.000      -91851.4023
      75.500      -91764.3265
      76.000      -91834.3362
      76.500      -91894.6189
      77.000      -91831.9627
      77.500      -91988.5100
      78.000      -91996.4640
      78.500      -91816.3935
      79.000      -91816.9559
      79.500      -91636.3406
      80.000      -91670.9533
      80.500      -91506.3661
      81.000      -91513.9923
      81.500      -91464.3206
      82.000      -91413.5947
      82.500      -91512.5262
      83.000      -91298.7437
      83.500      -91414.9006
      84.000      -91434.1289
      84.500      -91393.4041
      85.000      -91323.6369
      85.500      -91231.3663
      86.000      -91088.2742
      86.500      -91130.7472
      87.000      -91095.8165
      87.500      -91098.3157
      88.000      -91164.1403
      88.500      -90965.3179
      89.000      -91293.7580
      89.500      -90983.9514
      90.000      -90762.8547
      90.500      -90735.3198
      91.000      -90749.5375
      91.500      -90789.4299
      92.000      -90684.0615
      92.500      -90537.5931
      93.000      -90551.0022
      93.500      -90439.4198
      94.000      -90511.1948
      94.500      -90559.4599
      95.000      -90667.8230
      95.500      -90499.2365
      96.000      -90483.6926
      96.500      -90595.2187
      97.000      -90368.6199
      97.500      -90295.0882
      98.000      -90457.2696
      98.500      -90227.5067
      99.000      -90201.9309
      99.500      -90270.4325
     100.000      -90095.1930
     100.500      -90212.9051
     101.000      -90085.3048
     101.500      -89999.2594
     102.000      -89921.9390
     102.500      -90052.5122
     103.000      -89949.6337
     103.500      -89788.3912
     104.000      -89850.0130
     104.500      -89814.7511
     105.000      -89649.4050
     105.500      -89520.3741
     106.000      -89425.1795
     106.500      -89515.2661
     107.000      -89482.5636
     107.500      -89483.5034
     108.000      -89444.6394
     108.500      -89262.8565
     109.000      -89284.3058
     109.500      -89288.2166
     110.000      -89099.3176
     110.500      -89092.8694
     111.000      -89267.8773
     111.500      -89116.7116
     112.000      -88956.4111
     112.500      -88932.8199
     113.000      -88984.7941
     113.500      -88722.7032
     114.000      -88672.2739
     114.500      -88684.3587
     115.000      -88594.1385
     115.500      -88538.9052
     116.000      -88376.1141
     116.500      -88399.7183
     117.000      -88160.6150
     117.500      -88336.2011
     118.000      -88355.5790
     118.500      -88107.1537
     119.000      -87929.3812
     119.500      -88148.1959
     120.000      -87788.2258
     120.500      -87796.4382
     121.000      -87693.1943
     121.500      -87536.8158
     122.000      -87565.8179
     122.500      -87678.9728
     123.000      -87532.9171
     123.500      -87533.5146
     124.000      -87353.4647
     124.500      -87157.9618
     125.000      -87220.5873
     125.500      -87164.8193
     126.000      -87038.6699
     126.500      -87095.6679
     127.000      -86755.2352
     127.500      -86930.2447
     128.000      -86952.6029
     128.500      -86755.1522
     129.000      -86606.3775
     129.500      -86583.7946
     130.000      -86634.2874
     130.500      -86528.9774
     131.000      -86454.9063
     131.500      -86354.5280
     132.000      -86317.3206
     132.500      -86123.4738
     133.000      -86038.1400
     133.500      -85918.5904
     134.000      -85928.8634
     134.500      -85850.6719
     135.000      -85604.9453
     135.500      -85763.1578
     136.000      -85303.8948
     136.500      -85407.5476
     137.000      -85164.4613
     137.500      -85045.9615
     138.000      -85010.5126
     138.500      -84990.2632
     139.000      -84911.7525
     139.500      -84625.3215
     140.000      -84590.4993
     140.500      -84471.7521
     141.000      -84370.3056
     141.500      -84509.8819
     142.000      -84621.3593
     142.500      -84240.5621
     143.000      -84610.9402
     143.500      -84478.9520
     144.000      -84717.5978
     144.500      -84550.8529
     145.000      -84561.0420
     145.500      -84170.9415
     146.000      -84400.5783
     146.500      -84616.4517
     147.000      -84418.9753
     147.500      -84515.5017
     148.000      -84408.5115
     148.500      -84437.0526
     149.000      -84462.2125
     149.500      -84230.2157
     150.000      -84251.5847
     150.500      -84418.4916
     151.000      -84408.4226
     151.500      -84261.0022
     152.000      -84209.8520
     152.500      -84191.0904
     153.000      -84292.7783
     153.500      -84334.4649
     154.000      -84207.6346
     154.500      -84354.3943
     155.000      -84266.4426
     155.500      -84335.6883
     156.000      -84477.4685
     156.500      -84230.5971
     157.000      -84505.0748
     157.500      -84470.4320
     158.000      -84291.9026
     158.500      -84420.0775
     159.000      -84463.9818
     159.500      -84288.1341
     160.000      -84277.2898
     160.500      -84421.9520
     161.000      -84303.6784
     161.500      -84127.0127
     162.000      -84378.4502
     162.500      -84142.7330
     163.000      -84418.5723
     163.500      -84213.3484
     164.000      -84484.3151
     164.500      -84308.6822
     165.000      -84438.3738
     165.500      -84486.9367
     166.000      -84524.1241
     166.500      -84331.1072
     167.000      -84447.2983
     167.500      -84293.0763
     168.000      -84334.5693
     168.500      -84387.5296
     169.000      -84285.3486
     169.500      -84028.4609
     170.000      -84480.9579
     170.500      -84403.1630
     171.000      -84659.7717
     171.500      -84626.2851
     172.000      -84263.1693
     172.500      -84382.9810
     173.000      -84416.3858
     173.500      -84577.3523
     174.000      -84304.4251
     174.500      -84506.1949
     175.000      -84697.3132
     175.500      -84294.8720
     176.000      -84457.2332
     176.500      -84356.4279
     177.000      -84320.0202
     177.500      -84423.6492
     178.000      -84541.7366
     178.500      -84432.6986
     179.000      -84491.3706
     179.500      -84353.4585
     180.000      -84322.6948
     180.500      -84520.9496
     181.000      -84052.6531
     181.500      -84229.4976
     182.000      -84047.7689
     182.500      -84172.3632
     183.000      -84139.6629
     183.500      -84234.4186
     184.000      -84143.6108
     184.500      -83974.8832
     185.000      -84210.4722
     185.500      -84445.0842
     186.000      -84347.6945
     186.500      -84289.7801
     187.000      -84274.2935
     187.500      -84114.5003
     188.000      -84224.8263
     188.500      -84380.8622
     189.000      -84211.3783
     189.500      -84388.4313
     190.000      -84466.1773
     190.500      -84286.1254
     191.000      -84281.9546
     191.500      -84195.4385
     192.000      -84128.2762
     192.500      -84094.2054
     193.000      -83991.4698
     193.500      -84327.1039
     194.000      -84164.6876
     194.500      -84198.7672
     195.000      -84420.8332
     195.500      -84278.2310
     196.000      -84117.2406
     196.500      -84233.6385
     197.000      -84269.9298
     197.500      -84209.4451
     198.000      -84263.9771
     198.500      -84165.2331
     199.000      -84166.0843
     199.500      -84177.5658
     200.000      -84130.3871
     200.500      -84358.9795
     201.000      -84222.8254
     201.500      -84188.9786
     202.000      -84437.8100
     202.500      -84539.3716
     203.000      -84296.6090
     203.500      -84477.6674
     204.000      -84347.6861
     204.500      -84535.4775
     205.000      -84481.3272
     205.500      -84563.7869
     206.000      -84444.4699
     206.500      -84447.7945
     207.000      -84300.0569
     207.500      -84396.9562
     208.000      -84490.8845
     208.500      -84530.0312
     209.000      -84636.6821
     209.500      -84515.8754
     210.000      -84692.8618
     210.500      -84748.0826
     211.000      -84669.0108
     211.500      -84402.6636
     212.000      -84327.5342
     212.500      -84667.0301
     213.000      -84571.0049
     213.500      -84641.0353
     214.000      -84416.4712
     214.500      -84782.5571
     215.000      -84758.4190
     215.500      -84607.3437
     216.000      -84504.6487
     216.500      -84569.3200
     217.000      -84481.1686
     217.500      -84400.2026
     218.000      -84579.2825
     218.500      -84325.5585
     219.000      -84556.2311
     219.500      -84651.9714
     220.000      -84357.1611
     220.500      -84329.6213
     221.000      -84187.6306
     221.500      -84221.8711
     222.000      -84321.2832
     222.500      -84449.3441
     223.000      -84385.3241
     223.500      -84220.2848
     224.000      -84307.0624
     224.500      -84362.1041
     225.000      -84374.5788
     225.500      -84455.2349
     226.000      -84258.3759
     226.500      -84358.4483
     227.000      -84130.4673
     227.500      -84171.5016
     228.000      -84216.0407
     228.500      -84177.0291
     229.000      -84354.5999
     229.500      -84222.7219
     230.000      -84249.0958
     230.500      -84414.8251
     231.000      -84457.8579
     231.500      -84588.8149
     232.000      -84249.3792
     232.500      -84370.9310
     233.000      -84344.5527
     233.500      -84432.3900
     234.000      -84559.2134
     234.500      -84486.0597
     235.000      -84281.6939
     235.500      -84437.5183
     236.000      -84632.0369
     236.500      -84560.4488
     237.000      -84415.5381
     237.500      -84370.2679
     238.000      -84256.4069
     238.500      -84499.4528
     239.000      -84452.6855
     239.500      -84558.2983
     240.000      -84380.8438
     240.500      -84652.9986
     241.000      -84630.3596
     241.500      -84461.5727
     242.000      -84438.4366
     242.500      -84468.0191
     243.000      -84394.1388
     243.500      -84257.9266
     244.000      -84390.0230
     244.500      -84520.9953
     245.000      -84443.1986
     245.500      -84677.2235
     246.000      -84390.9078
     246.500      -84247.6281
     247.000      -84486.0019
     247.500      -84239.0238
     248.000      -84232.1642
     248.500      -84396.9507
     249.000      -84134.2518
     249.500      -84400.7566
     250.000      -84238.9796
     250.500      -84347.3672
     251.000      -84192.5686
     251.500      -84533.3168
     252.000      -84408.5133
     252.500      -84405.4767
     253.000      -84660.9381
     253.500      -84631.2648
     254.000      -84412.2080
     254.500      -84259.0023
     255.000      -84375.1716
     255.500      -84680.7565
     256.000      -84644.0517
     256.500      -84446.4794
     257.000      -84508.0434
     257.500      -84469.1251
     258.000      -84540.8299
     258.500      -84335.4505
     259.000      -84298.6621
     259.500      -84435.2065
     260.000      -84539.2443
     260.500      -84412.0083
     261.000      -84497.2934
     261.500      -84163.1894
     262.000      -84490.8167
     262.500      -84475.6264
     263.000      -84486.2671
     263.500      -84065.8571
     264.000      -84288.3947
     264.500      -84271.4656
     265.000      -84363.1824
     265.500      -84247.4416
     266.000      -84337.9990
     266.500      -84412.0041
     267.000      -84511.7053
     267.500      -84651.0191
     268.000      -84514.0157
     268.500      -84550.4646
     269.000      -84396.3001
     269.500      -84505.5874
     270.000      -84537.7939
     270.500      -84454.7775
     271.000      -84512.9865
     271.500      -84378.5945
     272.000      -84544.8845
     272.500      -84640.0913
     273.000      -84887.3262
     273.500      -84673.2771
     274.000      -84563.7588
     274.500      -84531.9913
     275.000      -84511.7362
     275.500      -84777.8882
     276.000      -84647.6341
     276.500      -84766.2053
     277.000      -84536.6509
     277.500      -84559.2836
     278.000      -84557.9234
     278.500      -84652.7958
     279.000      -84624.8545
     279.500      -84582.1792
     280.000      -84570.8602
     280.500      -84618.1630
     281.000      -84719.7644
     281.500      -84659.2790
     282.000      -84894.7217
     282.500      -84767.9743
     283.000      -84696.2820
     283.500      -84709.9279
     284.000      -84713.9827
     284.500      -84802.7425
     285.000      -84895.6035
     285.500      -84796.3661
     286.000      -84808.3692
     286.500      -84675.9782
     287.000      -84736.6322
     287.500      -84670.4590
     288.000      -84857.4874
     288.500      -84840.0381
     289.000      -84498.9918
     289.500      -84471.1531
     290.000      -84725.2954
     290.500      -84781.1813
     291.000      -84681.5830
     291.500      -84815.3966
     292.000      -84959.8186
     292.500      -84771.2596
     293.000      -84836.0075
     293.500      -84679.2162
     294.000      -84706.8648
     294.500      -84650.3099
     295.000      -84758.1204
     295.500      -84895.8357
     296.000      -84705.7173
     296.500      -84629.5748
     297.000      -84734.7653
     297.500      -84620.8076
     298.000      -84851.3121
     298.500      -84634.3977
     299.000      -84729.9189
     299.500      -84715.8337
     300.000      -84784.2108
     300.500      -84698.2619
     301.000      -84661.1634
     301.500      -84817.6166
     302.000      -84800.6933
     302.500      -84686.7988
     303.000      -84812.2914
     303.500      -84765.4004
     304.000      -84567.0114
     304.500      -84616.2375
     305.000      -84716.2108
     305.500      -84744.9292
     306.000      -84843.6860
     306.500      -84678.1156
     307.000      -84703.7592
     307.500      -84850.2846
     308.000      -84657.3175
     308.500      -84949.1416
     309.000      -84987.4160
     309.500      -84863.2928
     310.000      -84804.6299
     310.500      -84805.5047
     311.000      -84652.8439
     311.500      -84719.5151
     312.000      -84768.5696
     312.500      -84778.9216
     313.000      -84830.3789
     313.500      -84815.7899
     314.000      -84914.2911
     314.500      -84695.6011
     315.000      -84745.7473
     315.500      -84586.7302
     316.000      -84756.9779
     316.500      -84812.2488
     317.000      -84639.8018
     317.500      -84609.6684
     318.000      -84778.2655
     318.500      -84935.2416
     319.000      -84761.5138
     319.500      -85104.2538
     320.000      -84948.4745
     320.500      -85045.8841
     321.000      -84736.3119
     321.500      -84602.8750
     322.000      -84701.5984
     322.500      -85024.7594
     323.000      -84969.8413
     323.500      -84892.7727
     324.000      -85061.8032
     324.500      -84912.6990
     325.000      -84698.3581
     325.500      -84921.2102
     326.000      -84656.1756
     326.500      -84657.7666
     327.000      -84809.1123
     327.500      -84822.1198
     328.000      -84861.9539
     328.500      -84846.6154
     329.000      -84831.8328
     329.500      -84759.6130
     330.000      -84889.1608
     330.500      -84807.0287
     331.000      -84759.5505
     331.500      -84630.7420
     332.000      -84754.9378
     332.500      -84943.2243
     333.000      -84883.2818
     333.500      -85099.7584
     334.000      -85059.7434
     334.500      -84901.4894
     335.000      -84960.9262
     335.500      -84868.3392
     336.000      -85025.6330
     336.500      -85010.9331
     337.000      -85000.4838
     337.500      -85164.7450
     338.000      -85023.6302
     338.500      -85181.5068
     339.000      -85104.5196
     339.500      -84871.7756
     340.000      -84982.8579
     340.500      -85006.7512
     341.000      -84885.4089
     341.500      -84764.0258
     342.000      -84893.5015
     342.500      -85048.7167
     343.000      -85107.3204
     343.500      -85122.9728
     344.000      -85320.8358
     344.500      -84841.1243
     345.000      -84900.6217
     345.500      -84919.9224
     346.000      -84879.9862
     346.500      -84939.8317
     347.000      -85124.8337
     347.500      -84956.1351
     348.000      -84764.1461
     348.500      -85061.7634
     349.000      -85068.0722
     349.500      -84897.4484
     350.000      -84937.1916
     350.500      -85064.6890
     351.000      -84915.9468
     351.500      -85131.2772
     352.000      -85003.0285
     352.500      -84839.1028
     353.000      -85031.9052
     353.500      -85020.2773
     354.000      -85133.2262
     354.500      -85126.6114
     355.000      -84810.7250
     355.500      -84968.5140
     356.000      -84743.9123
     356.500      -84846.7065
     357.000      -84846.2008
     357.500      -84949.3249
     358.000      -84701.9244
     358.500      -84835.3581
     359.000      -85255.7428
     359.500      -85252.7087
     360.000      -85180.3213
     360.500      -85255.2887
     361.000      -85218.5304
     361.500      -85304.1451
     362.000      -85072.7738
     362.500      -84839.7845
     363.000      -84731.0612
     363.500      -84723.8526
     364.000      -85023.5259
     364.500      -85035.5338
     365.000      -85133.9468
     365.500      -85055.1486
     366.000      -84864.8469
     366.500      -85084.0201
     367.000      -84948.7800
     367.500      -84879.6448
     368.000      -85168.5591
     368.500      -85099.8349
     369.000      -85261.8029
     369.500      -85035.5805
     370.000      -85104.2944
     370.500      -85042.7205
     371.000      -85097.5922
     371.500      -85065.9734
     372.000      -84769.2023
     372.500      -85072.4698
     373.000      -84961.1439
     373.500      -85073.7132
     374.000      -85240.4470
     374.500      -85262.3340
     375.000      -84933.8812
     375.500      -84830.7161
     376.000      -84886.6984
     376.500      -85017.6227
     377.000      -85030.1628
     377.500      -84816.2290
     378.000      -85009.4255
     378.500      -85007.1013
     379.000      -85022.8566
     379.500      -85137.1274
     380.000      -84959.9264
     380.500      -84787.8004
     381.000      -84722.3500
     381.500      -84747.7203
     382.000      -84788.4416
     382.500      -84938.6000
     383.000      -84943.7209
     383.500      -85076.0642
     384.000      -85177.3403
     384.500      -84960.7701
     385.000      -84982.6028
     385.500      -85255.5411
     386.000      -85024.7600
     386.500      -85074.5688
     387.000      -85188.0999
     387.500      -84909.6010
     388.000      -85189.2113
     388.500      -84825.9857
     389.000      -84933.3056
     389.500      -84725.0579
     390.000      -84899.8572
     390.500      -84846.1870
     391.000      -84761.4815
     391.500      -84796.9518
     392.000      -84915.0793
     392.500      -85331.3601
     393.000      -85087.0103
     393.500      -85159.9559
     394.000      -84977.2525
     394.500      -84894.7599
     395.000      -84878.7136
     395.500      -84773.7238
     396.000      -85029.5612
     396.500      -84842.5950
     397.000      -85174.9855
     397.500      -85077.1575
     398.000      -84855.3788
     398.500      -85056.5653
     399.000      -84966.0451
     399.500      -85176.5336
     400.000      -85141.2267
