       0.000     -138454.0415
       0.500      -98486.9550
       1.000      -98736.1038
       1.500      -98751.4168
       2.000      -98669.0533
       2.500      -98562.7304
       3.000      -98440.7052
       3.500      -98267.6811
       4.000      -98125.5445
       4.500      -97947.4509
       5.000      -97759.3111
       5.500      -97585.8374
       6.000      -97383.6207
       6.500      -97175.3617
       7.000      -96985.9110
       7.500      -96822.2088
       8.000      -96607.7140
       8.500      -96422.2012
       9.000      -96184.6447
       9.500      -96017.3297
      10.000      -95777.7335
      10.500      -95546.3455
      11.000      -95390.5574
      11.500      -95112.7909
      12.000      -94939.8209
      12.500      -94758.0204
      13.000      -94514.9841
      13.500      -94293.5666
      14.000      -94062.4975
      14.500      -93879.5986
      15.000      -93674.4388
      15.500      -93491.3491
      16.000      -93249.6500
      16.500      -93132.5162
      17.000      -92914.1406
      17.500      -92635.9704
      18.000      -92544.0187
      18.500      -92261.8873
      19.000      -92063.5843
      19.500      -91848.7345
      20.000      -91669.1938
      20.500      -91566.5673
      21.000      -91471.3074
      21.500      -91286.6845
      22.000      -91149.9847
      22.500      -91120.2021
      23.000      -91058.8938
      23.500      -90946.3661
      24.000      -90919.7373
      24.500      -90701.9277
      25.000      -90682.2241
      25.500      -90611.7555
      26.000      -90488.4422
      26.500      -90469.0519
      27.000      -90286.1783
      27.500      -90252.6764
      28.000      -90201.8087
      28.500      -89980.9759
      29.000      -89941.9075
      29.500      -89758.9641
      30.000      -89650.3215
      30.500      -89605.6700
      31.000      -89515.5290
      31.500      -89548.8604
      32.000      -89422.0499
      32.500      -89261.8928
      33.000      -89303.6889
      33.500      -89103.8521
      34.000      -89056.5109
      34.500      -88941.3867
      35.000      -88750.2202
      35.500      -88605.4062
      36.000      -88671.3492
      36.500      -88469.0237
      37.000      -88363.8524
      37.500      -88279.4490
      38.000      -88224.7589
      38.500      -87995.2620
      39.000      -87962.0967
      39.500      -87971.5415
      40.000      -87814.5385
      40.500      -87675.8038
      41.000      -87741.8159
      41.500      -87523.5866
      42.000      -87483.8975
      42.500      -87334.7243
      43.000      -87250.7160
      43.500      -87045.4834
      44.000      -86912.7390
      44.500      -86830.9525
      45.000      -86728.2126
      45.500      -86549.5245
      46.000      -86590.4383
      46.500      -86391.2170
      47.000      -86167.6892
      47.500      -86160.5097
      48.000      -86017.7364
      48.500      -85963.0878
      49.000      -85762.3460
      49.500      -85566.6342
      50.000      -85690.1144
      50.500      -85611.5558
      51.000      -85475.6381
      51.500      -85323.5651
      52.000      -85244.2207
      52.500      -85128.4386
      53.000      -85065.3571
      53.500      -84853.5397
      54.000      -84699.0225
      54.500      -84722.2199
      55.000      -84511.2937
      55.500      -84183.8195
      56.000      -84247.6428
      56.500      -84143.9923
      57.000      -83867.8512
      57.500      -83811.5304
      58.000      -83710.8176
      58.500      -83818.9214
      59.000      -83637.5472
      59.500      -83375.9449
      60.000      -83280.6088
      60.500      -83285.5760
      61.000      -83236.8947
      61.500      -83192.0173
      62.000      -83151.4397
      62.500      -83065.7229
      63.000      -82911.4028
      63.500      -82796.3127
      64.000      -83057.5849
      64.500      -82898.6413
      65.000      -82780.4103
      65.500      -82835.9134
      66.000      -82727.1995
      66.500      -82670.3817
      67.000      -82608.0309
      67.500      -82388.5335
      68.000      -82452.9195
      68.500      -82455.7461
      69.000      -82404.6130
      69.500      -82284.9079
      70.000      -82323.3204
      70.500      -82021.0761
      71.000      -82044.7778
      71.500      -82214.0069
      72.000      -81932.3038
      72.500      -82154.7144
      73.000      -81853.3296
      73.500      -81931.0649
      74.000      -81811.7432
      74.500      -81829.4977
      75.000      -81630.3212
      75.500      -81638.1067
      76.000      -81697.5930
      76.500      -81719.7136
      77.000      -81509.2225
      77.500      -81710.0383
      78.000      -81679.0666
      78.500      -81533.9004
      79.000      -81485.2479
      79.500      -81174.2165
      80.000      -81274.0968
      80.500      -81082.7030
      81.000      -80946.7803
      81.500      -80865.4163
      82.000      -80763.7665
      82.500      -80940.3514
      83.000      -80670.3257
      83.500      -80684.2669
      84.000      -80716.4502
      84.500      -80707.3142
      85.000      -80653.0276
      85.500      -80393.3702
      86.000      -80376.7312
      86.500      -80400.3917
      87.000      -80255.3887
      87.500      -80313.0979
      88.000      -80182.4499
      88.500      -80028.9107
      89.000      -80287.6545
      89.500      -79922.2414
      90.000      -79629.5471
      90.500      -79743.7544
      91.000      -79679.3754
      91.500      -79823.9748
      92.000      -79518.4805
      92.500      -79398.5707
      93.000      -79273.7034
      93.500      -79151.9188
      94.000      -79215.3979
      94.500      -79340.9082
      95.000      -79280.2566
      95.500      -79004.9270
      96.000      -79091.0589
      96.500      -79186.6035
      97.000      -78898.2693
      97.500      -78718.0599
      98.000      -79061.5382
      98.500      -78656.3602
      99.000      -78772.6838
      99.500      -78651.6347
     100.000      -78459.3277
     100.500      -78504.0399
     101.000      -78464.2570
     101.500      -78202.5260
     102.000      -78195.0855
     102.500      -78095.9341
     103.000      -78235.7675
     103.500      -77865.8434
     104.000      -77983.6253
     104.500      -77882.8516
     105.000      -77690.0104
     105.500      -77549.5167
     106.000      -77418.4031
     106.500      -77428.5903
     107.000      -77447.7462
     107.500      -77347.9975
     108.000      -77310.3054
     108.500      -77269.7042
     109.000      -77257.0880
     109.500      -77083.8680
     110.000      -76952.7610
     110.500      -76826.6262
     111.000      -76965.3519
     111.500      -76815.8883
     112.000      -76645.4785
     112.500      -76540.1656
     113.000      -76645.3928
     113.500      -76179.9835
     114.000      -76315.5347
     114.500      -76270.8275
     115.000      -76170.9266
     115.500      -76076.0097
     116.000      -75775.3084
     116.500      -75805.2984
     117.000      -75419.0027
     117.500      -75666.1308
     118.000      -75760.0751
     118.500      -75401.7758
     119.000      -75226.9867
     119.500      -75537.0319
     120.000      -74996.2922
     120.500      -74955.5358
     121.000      -74849.9951
     121.500      -74800.6722
     122.000      -74703.8315
     122.500      -74735.7071
     123.000      -74722.4796
     123.500      -74544.8329
     124.000      -74271.8153
     124.500      -74006.2851
     125.000      -74136.5346
     125.500      -74088.1504
     126.000      -73937.9580
     126.500      -73904.3280
     127.000      -73619.4578
     127.500      -73666.4224
     128.000      -73623.6527
     128.500      -73505.7450
     129.000      -73323.3950
     129.500      -73219.8015
     130.000      -73189.4730
     130.500      -73092.8700
     131.000      -73048.2315
     131.500      -72785.7780
     132.000      -72815.0784
     132.500      -72628.7736
     133.000      -72526.0990
     133.500      -72275.1617
     134.000      -72451.7853
     134.500      -72329.9385
     135.000      -71985.8007
     135.500      -71967.6080
     136.000      -71461.8694
     136.500      -71694.2762
     137.000      -71434.6956
     137.500      -71262.4517
     138.000      -71174.8457
     138.500      -71059.9682
     139.000      -71072.7623
     139.500      -70756.2004
     140.000      -70568.1175
     140.500      -70342.2707
     141.000      -70452.4482
     141.500      -70651.5909
     142.000      -70791.0770
     142.500      -70261.9791
     143.000      -70648.8406
     143.500      -70658.6747
     144.000      -70762.1252
     144.500      -70695.6098
     145.000      -70636.4951
     145.500      -70282.2198
     146.000      -70465.5813
     146.500      -70443.7007
     147.000      -70455.4255
     147.500      -70359.2839
     148.000      -70594.7898
     148.500      -70577.0526
     149.000      -70549.6842
     149.500      -70408.3397
     150.000      -70305.4373
     150.500      -70455.8842
     151.000      -70387.6843
     151.500      -70251.0197
     152.000      -70208.1567
     152.500      -70303.4488
     153.000      -70205.5039
     153.500      -70335.0294
     154.000      -70302.8407
     154.500      -70315.5964
     155.000      -70356.8664
     155.500      -70319.0506
     156.000      -70562.1746
     156.500      -70280.3979
     157.000      -70599.9263
     157.500      -70434.7826
     158.000      -70235.8528
     158.500      -70546.7308
     159.000      -70333.4828
     159.500      -70483.6126
     160.000      -70410.2868
     160.500      -70277.5018
     161.000      -70249.2116
     161.500      -70280.9180
     162.000      -70306.6660
     162.500      -70302.0201
     163.000      -70419.0674
     163.500      -70301.7810
     164.000      -70523.1442
     164.500      -70442.6910
     165.000      -70483.9324
     165.500      -70677.2580
     166.000      -70507.4962
     166.500      -70189.2019
     167.000      -70479.5688
     167.500      -70397.2160
     168.000      -70376.5049
     168.500      -70302.2102
     169.000      -70364.8037
     169.500      -69853.1367
     170.000      -70566.4217
     170.500      -70456.0712
     171.000      -70740.1936
     171.500      -70579.9609
     172.000      -70259.3803
     172.500      -70461.6294
     173.000      -70246.9356
     173.500      -70529.0290
     174.000      -70493.5344
     174.500      -70443.3561
     175.000      -70712.7897
     175.500      -70428.9834
     176.000      -70490.3904
     176.500      -70360.6672
     177.000      -70483.8796
     177.500      -70521.8914
     178.000      -70491.1731
     178.500      -70388.6869
     179.000      -70613.1264
     179.500      -70337.4956
     180.000      -70470.8091
     180.500      -70521.2679
     181.000      -70189.1238
     181.500      -70241.8414
     182.000      -70100.0306
     182.500      -69942.0653
     183.000      -70155.2605
     183.500      -70298.5417
     184.000      -70139.1781
     184.500      -70072.9701
     185.000      -70459.5571
     185.500      -70429.8899
     186.000      -70334.6046
     186.500      -70387.8739
     187.000      -70409.3658
     187.500      -70244.2347
     188.000      -70214.3625
     188.500      -70366.8573
     189.000      -70246.3285
     189.500      -70285.7604
     190.000      -70577.4204
     190.500      -70533.5414
     191.000      -70288.9068
     191.500      -70244.1572
     192.000      -70073.9129
     192.500      -70328.4027
     193.000      -70070.5411
     193.500      -70213.4379
     194.000      -69886.2745
     194.500      -70197.7398
     195.000      -70456.6106
     195.500      -70311.6539
     196.000      -70118.3969
     196.500      -70313.1795
     197.000      -70180.8712
     197.500      -69989.0477
     198.000      -70247.1031
     198.500      -70128.9245
     199.000      -70171.9388
     199.500      -70197.8343
     200.000      -70111.2319
     200.500      -70312.5606
     201.000      -70186.1262
     201.500      -70119.0547
     202.000      -70552.4955
     202.500      -70549.1733
     203.000      -70229.8307
     203.500      -70625.3862
     204.000      -70478.8268
     204.500      -70424.6298
     205.000      -70523.0645
     205.500      -70642.5701
     206.000      -70653.6691
     206.500      -70392.1002
     207.000      -70318.7981
     207.500      -70323.7882
     208.000      -70685.1491
     208.500      -70466.0049
     209.000      -70760.9175
     209.500      -70609.9848
     210.000      -70686.1079
     210.500      -70785.5377
     211.000      -70645.3760
     211.500      -70535.1636
     212.000      -70369.5772
     212.500      -70802.6912
     213.000      -70699.9473
     213.500      -70771.1964
     214.000      -70481.2475
     214.500      -70741.2192
     215.000      -70799.4932
     215.500      -70812.2510
     216.000      -70543.4905
     216.500      -70578.1276
     217.000      -70491.7399
     217.500      -70370.3159
     218.000      -70571.7873
     218.500      -70366.8144
     219.000      -70694.6949
     219.500      -70599.0153
     220.000      -70307.5439
     220.500      -70288.5920
     221.000      -70191.2273
     221.500      -70123.2149
     222.000      -70435.6943
     222.500      -70539.4535
     223.000      -70434.1493
     223.500      -70199.8102
     224.000      -70351.5506
     224.500      -70532.9918
     225.000      -70409.0730
     225.500      -70467.9038
     226.000      -70311.7430
     226.500      -70476.6427
     227.000      -70105.2701
     227.500      -70143.4655
     228.000      -70308.4479
     228.500      -70062.6883
     229.000      -70380.0618
     229.500      -70348.7102
     230.000      -70255.7462
     230.500      -70433.7704
     231.000      -70497.4624
     231.500      -70527.0219
     232.000      -70229.8773
     232.500      -70367.5267
     233.000      -70544.7148
     233.500      -70475.1791
     234.000      -70638.4478
     234.500      -70488.8692
     235.000      -70182.7925
     235.500      -70349.2722
     236.000      -70671.9002
     236.500      -70785.0875
     237.000      -70375.7891
     237.500      -70370.0491
     238.000      -70410.7429
     238.500      -70590.4011
     239.000      -70366.4238
     239.500      -70539.7964
     240.000      -70367.1426
     240.500      -70785.2535
     241.000      -70651.7473
     241.500      -70445.9272
     242.000      -70548.3936
     242.500      -70581.6236
     243.000      -70318.3849
     243.500      -70408.8992
     244.000      -70413.4264
     244.500      -70592.9573
     245.000      -70511.1801
     245.500      -70771.2928
     246.000      -70536.2193
     246.500      -70239.3995
     247.000      -70527.7685
     247.500      -70288.4506
     248.000      -70235.3146
     248.500      -70478.8394
     249.000      -70132.3543
     249.500      -70361.8660
     250.000      -70297.0919
     250.500      -70470.8643
     251.000      -70154.6184
     251.500      -70488.2778
     252.000      -70433.9645
     252.500      -70423.8595
     253.000      -70590.9401
     253.500      -70662.3546
     254.000      -70486.1182
     254.500      -70332.6254
     255.000      -70489.5407
     255.500      -70734.7790
     256.000      -70692.5859
     256.500      -70432.5321
     257.000      -70593.6811
     257.500      -70526.2618
     258.000      -70546.6970
     258.500      -70561.4378
     259.000      -70197.1026
     259.500      -70410.9721
     260.000      -70556.5880
     260.500      -70533.9985
     261.000      -70621.6977
     261.500      -70113.1122
     262.000      -70495.5814
     262.500      -70481.7524
     263.000      -70555.6489
     263.500      -70107.6080
     264.000      -70348.0822
     264.500      -70335.5105
     265.000      -70411.7713
     265.500      -70150.3605
     266.000      -70467.3398
     266.500      -70370.3225
     267.000      -70606.9260
     267.500      -70756.9869
     268.000      -70703.8858
     268.500      -70512.9177
     269.000      -70586.0686
     269.500      -70584.2583
     270.000      -70494.9589
     270.500      -70407.0148
     271.000      -70500.0852
     271.500      -70350.6931
     272.000      -70455.3327
     272.500      -70542.1040
     273.000      -70970.7441
     273.500      -70743.2673
     274.000      -70565.2774
     274.500      -70505.7042
     275.000      -70529.1053
     275.500      -70582.8843
     276.000      -70767.7903
     276.500      -70747.0861
     277.000      -70536.4048
     277.500      -70531.1098
     278.000      -70572.9742
     278.500      -70749.9423
     279.000      -70579.4912
     279.500      -70672.1704
     280.000      -70660.1102
     280.500      -70817.4453
     281.000      -70831.8415
     281.500      -70759.3434
     282.000      -70846.7148
     282.500      -70915.6022
     283.000      -70879.5281
     283.500      -70842.5831
     284.000      -70777.8929
     284.500      -70831.3098
     285.000      -70875.2314
     285.500      -70845.7099
     286.000      -70859.1592
     286.500      -70558.7546
     287.000      -70831.7572
     287.500      -70829.8858
     288.000      -70778.1056
     288.500      -70764.7051
     289.000      -70451.0015
     289.500      -70467.1014
     290.000      -70724.4712
     290.500      -70706.7497
     291.000      -70874.0371
     291.500      -70915.7833
     292.000      -70974.3068
     292.500      -70914.5575
     293.000      -70923.6628
     293.500      -70656.5492
     294.000      -70776.1060
     294.500      -70588.8724
     295.000      -70712.2494
     295.500      -70932.6130
     296.000      -70634.0630
     296.500      -70565.8355
     297.000      -70739.9430
     297.500      -70680.9492
     298.000      -70753.5660
     298.500      -70629.6438
     299.000      -70845.0380
     299.500      -70753.9851
     300.000      -70619.7108
     300.500      -70918.4279
     301.000      -70614.1674
     301.500      -70829.5463
     302.000      -70893.5615
     302.500      -70650.3584
     303.000      -70881.0521
     303.500      -70861.0254
     304.000      -70580.0759
     304.500      -70652.9699
     305.000      -70685.3407
     305.500      -70784.5327
     306.000      -70953.2572
     306.500      -70776.4506
     307.000      -70847.4291
     307.500      -70859.7221
     308.000      -70819.0186
     308.500      -70845.8369
     309.000      -71101.4384
     309.500      -70905.9432
     310.000      -70798.0088
     310.500      -70870.8797
     311.000      -70650.7111
     311.500      -70848.4692
     312.000      -70834.0931
     312.500      -70685.2712
     313.000      -70762.2549
     313.500      -71001.2850
     314.000      -70986.5020
     314.500      -70750.2642
     315.000      -70703.6691
     315.500      -70426.7810
     316.000      -70850.6253
     316.500      -70786.5339
     317.000      -70663.9933
     317.500      -70641.6098
     318.000      -70763.9383
     318.500      -71046.7914
     319.000      -70721.3741
     319.500      -71301.5780
     320.000      -70936.9189
     320.500      -71048.5560
     321.000      -70601.8627
     321.500      -70516.0224
     322.000      -70709.1707
     322.500      -71018.8961
     323.000      -71081.5718
     323.500      -71068.4543
     324.000      -71090.2729
     324.500      -71037.7097
     325.000      -70801.8591
     325.500      -70898.1321
     326.000      -70663.4227
     326.500      -70515.3193
     327.000      -70775.2461
     327.500      -70765.0300
     328.000      -70869.7752
     328.500      -71002.8351
     329.000      -70870.4617
     329.500      -70767.5398
     330.000      -70946.9499
     330.500      -70876.4135
     331.000      -70742.3757
     331.500      -70722.0340
     332.000      -70840.2367
     332.500      -71069.0729
     333.000      -70951.9977
     333.500      -71041.3004
     334.000      -71136.3079
     334.500      -71042.7696
     335.000      -70882.9350
     335.500      -70917.9476
     336.000      -71092.9543
     336.500      -70978.6314
     337.000      -71123.2299
     337.500      -71195.6063
     338.000      -71068.4534
     338.500      -71040.5683
     339.000      -71226.8311
     339.500      -71009.5178
     340.000      -70798.6792
     340.500      -70877.6809
     341.000      -70876.3738
     341.500      -70816.6586
     342.000      -70926.9224
     342.500      -71091.7538
     343.000      -71100.7129
     343.500      -71102.1994
     344.000      -71453.2420
     344.500      -70644.2258
     345.000      -70908.1422
     345.500      -70931.9927
     346.000      -70953.2205
     346.500      -70959.2223
     347.000      -71114.9929
     347.500      -70867.3558
     348.000      -70772.0787
     348.500      -70988.6648
     349.000      -71021.3729
     349.500      -70868.7062
     350.000      -70853.7873
     350.500      -71189.2017
     351.000      -70888.2798
     351.500      -71244.4891
     352.000      -70933.0265
     352.500      -70948.4827
     353.000      -71057.2968
     353.500      -71068.4082
     354.000      -71236.8795
     354.500      -71002.9190
     355.000      -70698.9525
     355.500      -71006.9339
     356.000      -70830.2238
     356.500      -70856.8364
     357.000      -70918.5133
     357.500      -70900.9880
     358.000      -70876.4098
     358.500      -70820.0671
     359.000      -71298.7848
     359.500      -71334.8571
     360.000      -71225.5000
     360.500      -71353.6950
     361.000      -71234.2950
     361.500      -71296.8199
     362.000      -71081.9623
     362.500      -70628.7386
     363.000      -70663.9665
     363.500      -70656.7745
     364.000      -70987.7026
     364.500      -70956.9986
     365.000      -71139.4234
     365.500      -71064.1369
     366.000      -71160.7521
     366.500      -71329.5553
     367.000      -71135.3327
     367.500      -70711.7229
     368.000      -71093.6060
     368.500      -71184.2890
     369.000      -71288.8469
     369.500      -71117.3871
     370.000      -71134.2729
     370.500      -70822.9266
     371.000      -71246.3813
     371.500      -71137.0633
     372.000      -70937.0900
     372.500      -71291.9562
     373.000      -70988.3031
     373.500      -71099.9662
     374.000      -71395.2185
     374.500      -71197.2432
     375.000      -71017.3295
     375.500      -71005.3001
     376.000      -70852.4025
     376.500      -71018.3131
     377.000      -71091.3201
     377.500      -70671.2241
     378.000      -70941.7829
     378.500      -71007.5710
     379.000      -71077.9416
     379.500      -71121.0981
     380.000      -70966.4431
     380.500      -70945.1344
     381.000      -70645.0062
     381.500      -70567.9800
     382.000      -70784.0988
     382.500      -71006.0433
     383.000      -70831.6994
     383.500      -71051.1267
     384.000      -71232.2632
     384.500      -70845.5425
     385.000      -70983.7161
     385.500      -71412.0098
     386.000      -71120.6994
     386.500      -71179.9887
     387.000      -71092.4622
     387.500      -70858.8383
     388.000      -71333.8910
     388.500      -70846.4866
     389.000      -70744.3310
     389.500      -70565.1340
     390.000      -71007.5691
     390.500      -70992.2534
     391.000      -70787.6427
     391.500      -70926.2780
     392.000      -71021.2580
     392.500      -71450.4606
     393.000      -71172.4663
     393.500      -71303.5037
     394.000      -71036.4097
     394.500      -71013.6310
     395.000      -70817.9079
     395.500      -70737.6955
     396.000      -71094.8454
     396.500      -70970.8225
     397.000      -71362.6730
     397.500      -71205.0569
     398.000      -71010.4295
     398.500      -71056.2987
     399.000      -70953.1252
     399.500      -71257.8500
     400.000      -71081.5148
