       0.000       0.00
       0.500       3.59
       1.000       5.31
       1.500       7.29
       2.000       9.72
       2.500      12.16
       3.000      14.66
       3.500      17.27
       4.000      19.57
       4.500      22.08
       5.000      24.46
       5.500      26.90
       6.000      29.46
       6.500      32.09
       7.000      34.62
       7.500      36.78
       8.000      39.65
       8.500      41.58
       9.000      44.47
       9.500      46.70
      10.000      49.71
      10.500      52.59
      11.000      54.79
      11.500      57.54
      12.000      59.76
      12.500      62.08
      13.000      64.63
      13.500      67.40
      14.000      69.49
      14.500      72.64
      15.000      74.98
      15.500      77.44
      16.000      80.96
      16.500      81.62
      17.000      84.87
      17.500      87.59
      18.000      88.93
      18.500      92.23
      19.000      94.06
      19.500      96.88
      20.000      99.37
      20.500     100.14
      21.000     100.97
      21.500     103.73
      22.000     105.31
      22.500     106.84
      23.000     107.22
      23.500     109.33
      24.000     109.14
      24.500     112.17
      25.000     112.67
      25.500     113.50
      26.000     115.62
      26.500     115.67
      27.000     117.89
      27.500     117.62
      28.000     119.34
      28.500     121.62
      29.000     123.56
      29.500     124.06
      30.000     125.55
      30.500     126.20
      31.000     127.34
      31.500     127.99
      32.000     129.40
      32.500     132.00
      33.000     131.34
      33.500     134.20
      34.000     134.64
      34.500     135.85
      35.000     138.34
      35.500     137.70
      36.000     138.64
      36.500     140.43
      37.000     142.27
      37.500     142.89
      38.000     144.84
      38.500     146.88
      39.000     148.01
      39.500     147.35
      40.000     149.10
      40.500     151.36
      41.000     150.76
      41.500     152.95
      42.000     154.43
      42.500     155.02
      43.000     155.69
      43.500     158.05
      44.000     160.40
      44.500     161.27
      45.000     162.80
      45.500     166.63
      46.000     164.88
      46.500     165.60
      47.000     169.29
      47.500     169.29
      48.000     171.48
      48.500     171.48
      49.000     173.96
      49.500     176.00
      50.000     174.49
      50.500     175.61
      51.000     177.29
      51.500     178.76
      52.000     179.07
      52.500     180.40
      53.000     180.67
      53.500     183.85
      54.000     185.47
      54.500     186.76
      55.000     186.86
      55.500     191.22
      56.000     191.26
      56.500     192.68
      57.000     194.33
      57.500     195.56
      58.000     195.79
      58.500     195.56
      59.000     196.61
      59.500     198.07
      60.000     199.49
      60.500     199.28
      61.000     200.76
      61.500     202.25
      62.000     202.17
      62.500     203.35
      63.000     203.99
      63.500     206.03
      64.000     204.46
      64.500     203.88
      65.000     205.87
      65.500     206.51
      66.000     206.75
      66.500     209.21
      67.000     209.40
      67.500     211.58
      68.000     207.96
      68.500     212.35
      69.000     211.67
      69.500     211.14
      70.000     211.70
      70.500     214.43
      71.000     213.31
      71.500     215.78
      72.000     214.86
      72.500     212.61
      73.000     218.13
      73.500     216.82
      74.000     216.06
      74.500     216.92
      75.000     219.56
      75.500     217.53
      76.000     217.75
      76.500     218.57
      77.000     221.75
      77.500     220.80
      78.000     221.63
      78.500     220.88
      79.000     221.94
      79.500     224.74
      80.000     223.34
      80.500     223.91
      81.000     227.00
      81.500     227.68
      82.000     228.77
      82.500     227.10
      83.000     228.31
      83.500     230.51
      84.000     230.23
      84.500     229.55
      85.000     229.22
      85.500     232.82
      86.000     230.10
      86.500     230.50
      87.000     232.87
      87.500     231.68
      88.000     235.90
      88.500     234.93
      89.000     236.43
      89.500     237.62
      90.000     239.16
      90.500     236.11
      91.000     237.80
      91.500     235.55
      92.000     239.85
      92.500     239.28
      93.000     242.25
      93.500     242.47
      94.000     242.65
      94.500     240.99
      95.000     244.62
      95.500     246.91
      96.000     244.73
      96.500     245.07
      97.000     246.40
      97.500     248.69
      98.000     244.80
      98.500     248.56
      99.000     245.52
      99.500     249.59
     100.000     249.95
     100.500     251.52
     101.000     249.64
     101.500     253.41
     102.000     251.91
     102.500     256.84
     103.000     251.63
     103.500     256.11
     104.000     254.91
     104.500     256.31
     105.000     256.90
     105.500     257.15
     106.000     257.92
     106.500     259.64
     107.000     258.52
     107.500     260.69
     108.000     260.66
     108.500     257.63
     109.000     258.36
     109.500     262.17
     110.000     260.92
     110.500     263.50
     111.000     264.28
     111.500     264.24
     112.000     264.46
     112.500     266.21
     113.000     265.07
     113.500     269.43
     114.000     265.44
     114.500     266.66
     115.000     266.87
     115.500     267.72
     116.000     270.68
     116.500     270.55
     117.000     273.71
     117.500     272.17
     118.000     270.57
     118.500     272.93
     119.000     272.86
     119.500     270.91
     120.000     274.79
     120.500     275.84
     121.000     275.89
     121.500     273.59
     122.000     276.29
     122.500     278.04
     123.000     275.19
     123.500     279.01
     124.000     281.01
     124.500     282.52
     125.000     281.06
     125.500     280.90
     126.000     281.42
     126.500     283.37
     127.000     282.17
     127.500     284.93
     128.000     286.32
     128.500     284.62
     129.000     285.34
     129.500     287.08
     130.000     288.81
     130.500     288.63
     131.000     287.99
     131.500     291.48
     132.000     290.05
     132.500     289.88
     133.000     290.26
     133.500     293.08
     134.000     289.51
     134.500     290.44
     135.000     292.56
     135.500     296.35
     136.000     297.35
     136.500     294.58
     137.000     294.93
     137.500     296.09
     138.000     297.21
     138.500     299.24
     139.000     297.28
     139.500     297.93
     140.000     301.22
     140.500     303.52
     141.000     298.97
     141.500     297.70
     142.000     297.09
     142.500     300.28
     143.000     299.93
     143.500     296.88
     144.000     299.78
     144.500     297.63
     145.000     299.12
     145.500     298.35
     146.000     299.34
     146.500     304.45
     147.000     299.96
     147.500     304.10
     148.000     296.74
     148.500     297.73
     149.000     298.86
     149.500     296.91
     150.000     299.58
     150.500     299.94
     151.000     301.18
     151.500     300.95
     152.000     300.78
     152.500     298.33
     153.000     302.61
     153.500     300.73
     154.000     298.69
     154.500     301.57
     155.000     298.80
     155.500     301.10
     156.000     298.92
     156.500     299.67
     157.000     298.70
     157.500     301.51
     158.000     301.94
     158.500     298.02
     159.000     303.54
     159.500     296.54
     160.000     297.88
     160.500     303.84
     161.000     301.91
     161.500     297.43
     162.000     302.28
     162.500     297.32
     163.000     300.73
     163.500     298.84
     164.000     299.91
     164.500     297.86
     165.000     299.76
     165.500     296.65
     166.000     301.10
     166.500     303.79
     167.000     300.05
     167.500     298.50
     168.000     299.84
     168.500     302.57
     169.000     299.03
     169.500     304.51
     170.000     298.90
     170.500     299.60
     171.000     299.01
     171.500     301.73
     172.000     300.82
     172.500     299.05
     173.000     304.38
     173.500     301.78
     174.000     296.68
     174.500     302.09
     175.000     300.41
     175.500     297.86
     176.000     300.03
     176.500     300.65
     177.000     297.22
     177.500     298.63
     178.000     301.83
     178.500     301.68
     179.000     298.12
     179.500     301.08
     180.000     297.56
     180.500     300.73
     181.000     297.81
     181.500     300.47
     182.000     299.62
     182.500     305.69
     183.000     300.40
     183.500     299.36
     184.000     300.83
     184.500     298.63
     185.000     295.39
     185.500     301.07
     186.000     301.02
     186.500     298.63
     187.000     297.84
     187.500     297.95
     188.000     300.96
     188.500     301.04
     189.000     299.99
     189.500     302.94
     190.000     298.35
     190.500     295.42
     191.000     300.59
     191.500     299.69
     192.000     301.91
     192.500     295.71
     193.000     299.04
     193.500     303.18
     194.000     306.72
     194.500     300.76
     195.000     299.97
     195.500     300.02
     196.000     300.71
     196.500     299.03
     197.000     302.65
     197.500     305.47
     198.000     301.10
     198.500     301.52
     199.000     300.61
     199.500     300.30
     200.000     301.15
     200.500     301.74
     201.000     301.53
     201.500     302.24
     202.000     298.28
     202.500     300.53
     203.000     302.17
     203.500     297.57
     204.000     297.92
     204.500     303.12
     205.000     299.84
     205.500     299.05
     206.000     296.25
     206.500     301.94
     207.000     300.34
     207.500     302.31
     208.000     296.57
     208.500     302.11
     209.000     298.07
     209.500     298.72
     210.000     300.88
     210.500     299.93
     211.000     301.25
     211.500     297.89
     212.000     299.84
     212.500     297.83
     213.000     297.97
     213.500     297.94
     214.000     299.35
     214.500     301.63
     215.000     299.86
     215.500     296.34
     216.000     299.90
     216.500     300.55
     217.000     300.51
     217.500     301.38
     218.000     300.90
     218.500     299.85
     219.000     297.76
     219.500     301.88
     220.000     301.81
     220.500     301.62
     221.000     300.66
     221.500     302.86
     222.000     298.28
     222.500     298.80
     223.000     299.69
     223.500     301.18
     224.000     299.78
     224.500     297.07
     225.000     300.00
     225.500     300.47
     226.000     299.59
     226.500     298.20
     227.000     301.28
     227.500     301.34
     228.000     298.75
     228.500     303.20
     229.000     300.19
     229.500     298.03
     230.000     300.60
     230.500     300.33
     231.000     299.89
     231.500     302.07
     232.000     301.16
     232.500     300.81
     233.000     296.44
     233.500     299.82
     234.000     299.04
     234.500     300.68
     235.000     302.86
     235.500     302.63
     236.000     299.88
     236.500     295.91
     237.000     301.59
     237.500     300.74
     238.000     297.42
     238.500     298.79
     239.000     302.59
     239.500     301.14
     240.000     301.03
     240.500     297.90
     241.000     300.28
     241.500     301.08
     242.000     298.38
     242.500     298.30
     243.000     302.37
     243.500     297.50
     244.000     300.24
     244.500     299.19
     245.000     299.28
     245.500     298.72
     246.000     297.62
     246.500     300.92
     247.000     299.84
     247.500     299.68
     248.000     300.67
     248.500     298.98
     249.000     300.78
     249.500     301.57
     250.000     299.49
     250.500     298.09
     251.000     301.55
     251.500     301.71
     252.000     300.19
     252.500     300.34
     253.000     302.24
     253.500     300.07
     254.000     299.15
     254.500     299.16
     255.000     298.28
     255.500     299.58
     256.000     299.70
     256.500     301.04
     257.000     298.90
     257.500     299.51
     258.000     300.61
     258.500     295.88
     259.000     302.92
     259.500     301.26
     260.000     300.37
     260.500     298.12
     261.000     298.07
     261.500     301.81
     262.000     300.64
     262.500     300.61
     263.000     299.25
     263.500     299.84
     264.000     299.46
     264.500     299.36
     265.000     299.70
     265.500     302.82
     266.000     297.96
     266.500     301.63
     267.000     298.69
     267.500     298.46
     268.000     296.66
     268.500     301.55
     269.000     296.66
     269.500     299.05
     270.000     301.66
     270.500     301.77
     271.000     301.02
     271.500     301.34
     272.000     302.66
     272.500     302.84
     273.000     298.95
     273.500     299.24
     274.000     300.71
     274.500     301.30
     275.000     300.37
     275.500     304.93
     276.000     298.16
     276.500     301.15
     277.000     300.74
     277.500     301.34
     278.000     300.42
     278.500     298.65
     279.000     301.71
     279.500     298.81
     280.000     298.82
     280.500     296.46
     281.000     298.33
     281.500     298.59
     282.000     301.77
     282.500     297.57
     283.000     296.80
     283.500     297.89
     284.000     299.37
     284.500     300.13
     285.000     301.18
     285.500     299.68
     286.000     299.65
     286.500     303.26
     287.000     298.70
     287.500     297.31
     288.000     302.44
     288.500     302.36
     289.000     301.77
     289.500     300.83
     290.000     300.76
     290.500     302.34
     291.000     296.61
     291.500     298.58
     292.000     300.43
     292.500     297.66
     293.000     298.86
     293.500     301.23
     294.000     299.25
     294.500     302.06
     295.000     301.72
     295.500     299.95
     296.000     302.28
     296.500     302.11
     297.000     300.63
     297.500     299.45
     298.000     302.84
     298.500     300.84
     299.000     298.27
     299.500     299.92
     300.000     304.27
     300.500     296.01
     301.000     301.75
     301.500     300.48
     302.000     298.74
     302.500     301.52
     303.000     299.26
     303.500     298.69
     304.000     300.46
     304.500     299.95
     305.000     301.40
     305.500     299.89
     306.000     298.39
     306.500     298.63
     307.000     297.65
     307.500     300.54
     308.000     297.27
     308.500     302.96
     309.000     298.29
     309.500     299.82
     310.000     300.88
     310.500     299.33
     311.000     300.79
     311.500     297.97
     312.000     299.33
     312.500     302.75
     313.000     302.20
     313.500     296.75
     314.000     299.19
     314.500     299.57
     315.000     301.64
     315.500     304.18
     316.000     298.73
     316.500     301.29
     317.000     300.22
     317.500     300.05
     318.000     301.05
     318.500     298.34
     319.000     301.60
     319.500     296.50
     320.000     300.99
     320.500     300.68
     321.000     303.63
     321.500     302.60
     322.000     300.58
     322.500     300.87
     323.000     298.34
     323.500     296.97
     324.000     300.13
     324.500     298.05
     325.000     298.52
     325.500     301.24
     326.000     300.58
     326.500     303.80
     327.000     301.47
     327.500     301.97
     328.000     300.57
     328.500     297.38
     329.000     299.91
     329.500     300.57
     330.000     299.50
     330.500     299.25
     331.000     301.11
     331.500     298.78
     332.000     298.91
     332.500     298.04
     333.000     299.26
     333.500     302.00
     334.000     299.09
     334.500     297.70
     335.000     302.41
     335.500     299.67
     336.000     299.29
     336.500     301.43
     337.000     298.10
     337.500     300.08
     338.000     299.78
     338.500     303.77
     339.000     298.11
     339.500     297.78
     340.000     304.70
     340.500     303.51
     341.000     300.93
     341.500     299.61
     342.000     300.02
     342.500     299.81
     343.000     300.88
     343.500     301.19
     344.000     297.89
     344.500     304.97
     345.000     300.58
     345.500     300.48
     346.000     299.17
     346.500     300.32
     347.000     300.95
     347.500     302.65
     348.000     300.57
     348.500     302.31
     349.000     301.74
     349.500     301.36
     350.000     302.53
     350.500     298.06
     351.000     301.33
     351.500     298.31
     352.000     302.24
     352.500     298.39
     353.000     300.19
     353.500     299.71
     354.000     298.51
     354.500     303.40
     355.000     303.14
     355.500     299.91
     356.000     298.89
     356.500     300.52
     357.000     299.19
     357.500     301.78
     358.000     296.99
     358.500     301.07
     359.000     299.81
     359.500     298.97
     360.000     299.77
     360.500     298.63
     361.000     300.40
     361.500     300.90
     362.000     300.54
     362.500     305.27
     363.000     302.18
     363.500     302.18
     364.000     301.51
     364.500     302.43
     365.000     300.62
     365.500     300.55
     366.000     294.38
     366.500     295.46
     367.000     296.73
     367.500     304.35
     368.000     302.35
     368.500     298.93
     369.000     300.16
     369.500     298.98
     370.000     300.10
     370.500     305.46
     371.000     297.54
     371.500     299.21
     372.000     297.13
     372.500     296.02
     373.000     300.16
     373.500     300.18
     374.000     297.41
     374.500     302.14
     375.000     298.95
     375.500     296.99
     376.000     301.48
     376.500     300.72
     377.000     299.43
     377.500     303.85
     378.000     302.19
     378.500     300.73
     379.000     299.56
     379.500     301.08
     380.000     300.60
     380.500     297.36
     381.000     302.40
     381.500     304.60
     382.000     300.83
     382.500     299.29
     383.000     303.15
     383.500     301.27
     384.000     299.56
     384.500     303.21
     385.000     300.72
     385.500     297.38
     386.000     298.68
     386.500     298.47
     387.000     302.79
     387.500     301.83
     388.000     297.63
     388.500     300.30
     389.000     304.80
     389.500     304.17
     390.000     298.43
     390.500     297.60
     391.000     300.18
     391.500     297.96
     392.000     298.46
     392.500     298.18
     393.000     298.90
     393.500     297.66
     394.000     299.47
     394.500     298.19
     395.000     302.05
     395.500     301.51
     396.000     299.34
     396.500     297.98
     397.000     296.71
     397.500     297.99
     398.000     297.41
     398.500     300.74
     399.000     301.02
     399.500     298.99
     400.000     302.02
