1			-1.1336E+05
5			-1.1337E+05
10			-1.1340E+05
15			-1.1345E+05
20			-1.1349E+05
25			-1.1359E+05
30			-1.1362E+05
35			-1.1365E+05
40			-1.1368E+05
45			-1.1371E+05
50			-1.1374E+05
55			-1.1375E+05
60			-1.1378E+05
65			-1.1380E+05
70			-1.1384E+05
75			-1.1386E+05
80			-1.1388E+05
85			-1.1390E+05
90			-1.1392E+05
95			-1.1394E+05
100			-1.1396E+05
105			-1.1397E+05
110			-1.1399E+05
115			-1.1401E+05
120			-1.1402E+05
125			-1.1404E+05
130			-1.1406E+05
135			-1.1407E+05
140			-1.1409E+05
145			-1.1410E+05
150			-1.1411E+05
155			-1.1414E+05
160			-1.1415E+05
165			-1.1416E+05
170			-1.1418E+05
175			-1.1419E+05
180			-1.1420E+05
185			-1.1422E+05
190			-1.1423E+05
195			-1.1424E+05
200			-1.1425E+05
205			-1.1426E+05
210			-1.1444E+05
215			-1.1460E+05
220			-1.1471E+05
225			-1.1476E+05
230			-1.1476E+05
235			-1.1482E+05
240			-1.1486E+05
245			-1.1492E+05
250			-1.1494E+05
255			-1.1495E+05
260			-1.1496E+05
265			-1.1499E+05
270			-1.1503E+05
275			-1.1508E+05
280			-1.1508E+05
285			-1.1511E+05
290			-1.1513E+05
295			-1.1516E+05
300			-1.1517E+05
305			-1.1518E+05
310			-1.1519E+05
315			-1.1520E+05
320			-1.1524E+05
325			-1.1526E+05
330			-1.1526E+05
335			-1.1529E+05
340			-1.1531E+05
345			-1.1532E+05
350			-1.1534E+05
355			-1.1534E+05
360			-1.1535E+05
365			-1.1536E+05
370			-1.1544E+05
375			-1.1548E+05
380			-1.1548E+05
385			-1.1552E+05
390			-1.1554E+05
395			-1.1555E+05
400			-1.1556E+05
405			-1.1556E+05
410			-1.1557E+05
415			-1.1558E+05
420			-1.1560E+05
425			-1.1563E+05
430			-1.1563E+05
435			-1.1565E+05
440			-1.1567E+05
445			-1.1568E+05
450			-1.1569E+05
455			-1.1569E+05
460			-1.1571E+05
465			-1.1572E+05
470			-1.1573E+05
475			-1.1574E+05
480			-1.1574E+05
485			-1.1576E+05
490			-1.1577E+05
495			-1.1578E+05
500			-1.1579E+05
505			-1.1579E+05
510			-1.1580E+05
515			-1.1581E+05
520			-1.1582E+05
525			-1.1583E+05
530			-1.1583E+05
535			-1.1584E+05
540			-1.1586E+05
545			-1.1587E+05
550			-1.1588E+05
555			-1.1588E+05
560			-1.1589E+05
565			-1.1590E+05
570			-1.1591E+05
575			-1.1594E+05
580			-1.1594E+05
585			-1.1596E+05
590			-1.1597E+05
595			-1.1598E+05
600			-1.1598E+05
605			-1.1599E+05
610			-1.1599E+05
615			-1.1601E+05
620			-1.1602E+05
625			-1.1604E+05
630			-1.1604E+05
635			-1.1605E+05
640			-1.1606E+05
645			-1.1607E+05
650			-1.1608E+05
655			-1.1608E+05
660			-1.1609E+05
665			-1.1609E+05
670			-1.1610E+05
675			-1.1612E+05
680			-1.1612E+05
685			-1.1613E+05
690			-1.1614E+05
695			-1.1614E+05
700			-1.1616E+05
705			-1.1616E+05
710			-1.1616E+05
715			-1.1617E+05
720			-1.1618E+05
725			-1.1619E+05
730			-1.1619E+05
735			-1.1621E+05
740			-1.1622E+05
745			-1.1622E+05
750			-1.1623E+05
755			-1.1623E+05
760			-1.1624E+05
765			-1.1624E+05
770			-1.1625E+05
775			-1.1627E+05
780			-1.1627E+05
785			-1.1628E+05
790			-1.1628E+05
795			-1.1629E+05
800			-1.1630E+05
805			-1.1630E+05
810			-1.1631E+05
815			-1.1632E+05
820			-1.1632E+05
825			-1.1633E+05
830			-1.1633E+05
835			-1.1634E+05
840			-1.1634E+05
845			-1.1636E+05
850			-1.1638E+05
855			-1.1638E+05
860			-1.1639E+05
865			-1.1641E+05
870			-1.1641E+05
875			-1.1642E+05
880			-1.1642E+05
885			-1.1642E+05
890			-1.1643E+05
895			-1.1644E+05
900			-1.1645E+05
905			-1.1645E+05
910			-1.1646E+05
915			-1.1647E+05
920			-1.1647E+05
925			-1.1648E+05
930			-1.1648E+05
935			-1.1649E+05
940			-1.1649E+05
945			-1.1650E+05
950			-1.1651E+05
955			-1.1651E+05
960			-1.1652E+05
965			-1.1652E+05
970			-1.1653E+05
975			-1.1654E+05
980			-1.1654E+05
985			-1.1654E+05
990			-1.1655E+05
995			-1.1656E+05
1000			-1.1656E+05
