1			-6.3806E+04
5			-6.6605E+04
10			-6.9357E+04
15			-7.2763E+04
20			-7.8030E+04
25			-8.5138E+04
30			-9.1609E+04
35			-9.3255E+04
40			-9.4226E+04
45			-9.5031E+04
50			-9.5731E+04
55			-9.6751E+04
60			-9.7228E+04
65			-9.7732E+04
70			-9.8177E+04
75			-9.8498E+04
80			-9.8839E+04
85			-9.9141E+04
90			-9.9431E+04
95			-9.9796E+04
100			-9.9909E+04
105			-1.0014E+05
110			-1.0052E+05
115			-1.0070E+05
120			-1.0092E+05
125			-1.0111E+05
130			-1.0130E+05
135			-1.0149E+05
140			-1.0162E+05
145			-1.0179E+05
150			-1.0194E+05
155			-1.0208E+05
160			-1.0222E+05
165			-1.0236E+05
170			-1.0254E+05
175			-1.0259E+05
180			-1.0272E+05
185			-1.0292E+05
190			-1.0302E+05
195			-1.0314E+05
200			-1.0326E+05
205			-1.0333E+05
210			-1.0479E+05
215			-1.0532E+05
220			-1.0582E+05
225			-1.0628E+05
230			-1.0628E+05
235			-1.0658E+05
240			-1.0675E+05
245			-1.0695E+05
250			-1.0708E+05
255			-1.0708E+05
260			-1.0719E+05
265			-1.0725E+05
270			-1.0763E+05
275			-1.0790E+05
280			-1.0791E+05
285			-1.0815E+05
290			-1.0829E+05
295			-1.0838E+05
300			-1.0846E+05
305			-1.0846E+05
310			-1.0853E+05
315			-1.0858E+05
320			-1.0872E+05
325			-1.0884E+05
330			-1.0884E+05
335			-1.0897E+05
340			-1.0902E+05
345			-1.0912E+05
350			-1.0916E+05
355			-1.0917E+05
360			-1.0923E+05
365			-1.0928E+05
370			-1.0937E+05
375			-1.0946E+05
380			-1.0946E+05
385			-1.0958E+05
390			-1.0962E+05
395			-1.0969E+05
400			-1.0973E+05
405			-1.0973E+05
410			-1.0978E+05
415			-1.0982E+05
420			-1.0991E+05
425			-1.0999E+05
430			-1.0999E+05
435			-1.1009E+05
440			-1.1013E+05
445			-1.1019E+05
450			-1.1022E+05
455			-1.1022E+05
460			-1.1026E+05
465			-1.1030E+05
470			-1.1038E+05
475			-1.1044E+05
480			-1.1044E+05
485			-1.1054E+05
490			-1.1058E+05
495			-1.1062E+05
500			-1.1065E+05
505			-1.1065E+05
510			-1.1069E+05
515			-1.1072E+05
520			-1.1079E+05
525			-1.1085E+05
530			-1.1085E+05
535			-1.1093E+05
540			-1.1096E+05
545			-1.1100E+05
550			-1.1102E+05
555			-1.1103E+05
560			-1.1106E+05
565			-1.1108E+05
570			-1.1114E+05
575			-1.1120E+05
580			-1.1120E+05
585			-1.1128E+05
590			-1.1131E+05
595			-1.1134E+05
600			-1.1136E+05
605			-1.1137E+05
610			-1.1139E+05
615			-1.1142E+05
620			-1.1147E+05
625			-1.1152E+05
630			-1.1152E+05
635			-1.1159E+05
640			-1.1162E+05
645			-1.1165E+05
650			-1.1167E+05
655			-1.1167E+05
660			-1.1170E+05
665			-1.1172E+05
670			-1.1176E+05
675			-1.1180E+05
680			-1.1180E+05
685			-1.1186E+05
690			-1.1188E+05
695			-1.1190E+05
700			-1.1193E+05
705			-1.1193E+05
710			-1.1195E+05
715			-1.1197E+05
720			-1.1201E+05
725			-1.1204E+05
730			-1.1204E+05
735			-1.1208E+05
740			-1.1210E+05
745			-1.1212E+05
750			-1.1214E+05
755			-1.1215E+05
760			-1.1217E+05
765			-1.1218E+05
770			-1.1222E+05
775			-1.1224E+05
780			-1.1224E+05
785			-1.1227E+05
790			-1.1229E+05
795			-1.1231E+05
800			-1.1233E+05
805			-1.1233E+05
810			-1.1235E+05
815			-1.1237E+05
820			-1.1240E+05
825			-1.1241E+05
830			-1.1242E+05
835			-1.1244E+05
840			-1.1246E+05
845			-1.1248E+05
850			-1.1249E+05
855			-1.1250E+05
860			-1.1251E+05
865			-1.1254E+05
870			-1.1255E+05
875			-1.1258E+05
880			-1.1258E+05
885			-1.1259E+05
890			-1.1261E+05
895			-1.1263E+05
900			-1.1266E+05
905			-1.1266E+05
910			-1.1268E+05
915			-1.1270E+05
920			-1.1272E+05
925			-1.1273E+05
930			-1.1273E+05
935			-1.1275E+05
940			-1.1276E+05
945			-1.1278E+05
950			-1.1279E+05
955			-1.1279E+05
960			-1.1281E+05
965			-1.1282E+05
970			-1.1284E+05
975			-1.1285E+05
980			-1.1285E+05
985			-1.1287E+05
990			-1.1288E+05
995			-1.1290E+05
1000			-1.1291E+05
