1			-6.3975E+04
5			-6.4718E+04
10			-6.6120E+04
15			-6.8565E+04
20			-7.2912E+04
25			-7.8708E+04
30			-8.4275E+04
35			-8.5703E+04
40			-8.6455E+04
45			-8.7464E+04
50			-8.7704E+04
55			-8.8654E+04
60			-8.9070E+04
65			-8.9506E+04
70			-8.9923E+04
75			-9.0199E+04
80			-9.0502E+04
85			-9.0766E+04
90			-9.1124E+04
95			-9.1240E+04
100			-9.1458E+04
105			-9.1808E+04
110			-9.1981E+04
115			-9.2181E+04
120			-9.2362E+04
125			-9.2541E+04
130			-9.2710E+04
135			-9.2835E+04
140			-9.2984E+04
145			-9.3121E+04
150			-9.3248E+04
155			-9.3379E+04
160			-9.3550E+04
165			-9.3611E+04
170			-9.3727E+04
175			-9.3838E+04
180			-9.4019E+04
185			-9.4111E+04
190			-9.4220E+04
195			-9.4326E+04
200			-9.4424E+04
205			-9.4475E+04
210			-9.5758E+04
215			-9.6327E+04
220			-9.6749E+04
225			-9.7146E+04
230			-9.7150E+04
235			-9.7456E+04
240			-9.7582E+04
245			-9.7792E+04
250			-9.7937E+04
255			-9.7942E+04
260			-9.8053E+04
265			-9.8170E+04
270			-9.8276E+04
275			-9.8492E+04
280			-9.8495E+04
285			-9.8695E+04
290			-9.8806E+04
295			-9.8892E+04
300			-9.8954E+04
305			-9.8956E+04
310			-9.9013E+04
315			-9.9053E+04
320			-9.9297E+04
325			-9.9538E+04
330			-9.9541E+04
335			-9.9755E+04
340			-9.9839E+04
345			-9.9900E+04
350			-9.9950E+04
355			-9.9952E+04
360			-9.9996E+04
365			-1.0003E+05
370			-1.0014E+05
375			-1.0026E+05
380			-1.0026E+05
385			-1.0039E+05
390			-1.0045E+05
395			-1.0050E+05
400			-1.0053E+05
405			-1.0053E+05
410			-1.0056E+05
415			-1.0059E+05
420			-1.0070E+05
425			-1.0078E+05
430			-1.0078E+05
435			-1.0089E+05
440			-1.0094E+05
445			-1.0098E+05
450			-1.0100E+05
455			-1.0100E+05
460			-1.0103E+05
465			-1.0105E+05
470			-1.0116E+05
475			-1.0123E+05
480			-1.0123E+05
485			-1.0133E+05
490			-1.0138E+05
495			-1.0140E+05
500			-1.0143E+05
505			-1.0143E+05
510			-1.0146E+05
515			-1.0147E+05
520			-1.0157E+05
525			-1.0164E+05
530			-1.0164E+05
535			-1.0173E+05
540			-1.0177E+05
545			-1.0180E+05
550			-1.0182E+05
555			-1.0182E+05
560			-1.0184E+05
565			-1.0186E+05
570			-1.0194E+05
575			-1.0200E+05
580			-1.0200E+05
585			-1.0208E+05
590			-1.0211E+05
595			-1.0213E+05
600			-1.0215E+05
605			-1.0216E+05
610			-1.0217E+05
615			-1.0219E+05
620			-1.0223E+05
625			-1.0228E+05
630			-1.0229E+05
635			-1.0233E+05
640			-1.0235E+05
645			-1.0237E+05
650			-1.0239E+05
655			-1.0239E+05
660			-1.0240E+05
665			-1.0242E+05
670			-1.0245E+05
675			-1.0248E+05
680			-1.0248E+05
685			-1.0252E+05
690			-1.0254E+05
695			-1.0256E+05
700			-1.0257E+05
705			-1.0257E+05
710			-1.0259E+05
715			-1.0260E+05
720			-1.0263E+05
725			-1.0266E+05
730			-1.0266E+05
735			-1.0269E+05
740			-1.0271E+05
745			-1.0273E+05
750			-1.0274E+05
755			-1.0274E+05
760			-1.0276E+05
765			-1.0278E+05
770			-1.0280E+05
775			-1.0283E+05
780			-1.0283E+05
785			-1.0285E+05
790			-1.0287E+05
795			-1.0288E+05
800			-1.0292E+05
805			-1.0292E+05
810			-1.0294E+05
815			-1.0295E+05
820			-1.0298E+05
825			-1.0302E+05
830			-1.0303E+05
835			-1.0307E+05
840			-1.0309E+05
845			-1.0310E+05
850			-1.0311E+05
855			-1.0311E+05
860			-1.0311E+05
865			-1.0312E+05
870			-1.0315E+05
875			-1.0318E+05
880			-1.0318E+05
885			-1.0321E+05
890			-1.0323E+05
895			-1.0324E+05
900			-1.0325E+05
905			-1.0325E+05
910			-1.0325E+05
915			-1.0326E+05
920			-1.0331E+05
925			-1.0339E+05
930			-1.0339E+05
935			-1.0343E+05
940			-1.0344E+05
945			-1.0345E+05
950			-1.0346E+05
955			-1.0346E+05
960			-1.0346E+05
965			-1.0347E+05
970			-1.0348E+05
975			-1.0350E+05
980			-1.0350E+05
985			-1.0352E+05
990			-1.0353E+05
995			-1.0353E+05
1000			-1.0354E+05
