1			-1.0399E+05
5			-1.0400E+05
10			-1.0403E+05
15			-1.0408E+05
20			-1.0410E+05
25			-1.0420E+05
30			-1.0423E+05
35			-1.0426E+05
40			-1.0429E+05
45			-1.0431E+05
50			-1.0435E+05
55			-1.0436E+05
60			-1.0438E+05
65			-1.0441E+05
70			-1.0443E+05
75			-1.0445E+05
80			-1.0447E+05
85			-1.0449E+05
90			-1.0450E+05
95			-1.0452E+05
100			-1.0453E+05
105			-1.0455E+05
110			-1.0456E+05
115			-1.0458E+05
120			-1.0459E+05
125			-1.0461E+05
130			-1.0463E+05
135			-1.0463E+05
140			-1.0465E+05
145			-1.0466E+05
150			-1.0468E+05
155			-1.0469E+05
160			-1.0470E+05
165			-1.0471E+05
170			-1.0473E+05
175			-1.0474E+05
180			-1.0475E+05
185			-1.0476E+05
190			-1.0477E+05
195			-1.0478E+05
200			-1.0479E+05
205			-1.0480E+05
210			-1.0490E+05
215			-1.0501E+05
220			-1.0505E+05
225			-1.0507E+05
230			-1.0508E+05
235			-1.0509E+05
240			-1.0512E+05
245			-1.0515E+05
250			-1.0523E+05
255			-1.0523E+05
260			-1.0527E+05
265			-1.0529E+05
270			-1.0531E+05
275			-1.0532E+05
280			-1.0533E+05
285			-1.0534E+05
290			-1.0535E+05
295			-1.0537E+05
300			-1.0541E+05
305			-1.0542E+05
310			-1.0543E+05
315			-1.0544E+05
320			-1.0546E+05
325			-1.0548E+05
330			-1.0548E+05
335			-1.0550E+05
340			-1.0551E+05
345			-1.0552E+05
350			-1.0555E+05
355			-1.0555E+05
360			-1.0556E+05
365			-1.0557E+05
370			-1.0559E+05
375			-1.0562E+05
380			-1.0562E+05
385			-1.0564E+05
390			-1.0566E+05
395			-1.0567E+05
400			-1.0569E+05
405			-1.0569E+05
410			-1.0570E+05
415			-1.0570E+05
420			-1.0573E+05
425			-1.0575E+05
430			-1.0575E+05
435			-1.0578E+05
440			-1.0579E+05
445			-1.0580E+05
450			-1.0581E+05
455			-1.0581E+05
460			-1.0581E+05
465			-1.0582E+05
470			-1.0585E+05
475			-1.0589E+05
480			-1.0589E+05
485			-1.0593E+05
490			-1.0594E+05
495			-1.0595E+05
500			-1.0596E+05
505			-1.0596E+05
510			-1.0596E+05
515			-1.0597E+05
520			-1.0600E+05
525			-1.0604E+05
530			-1.0605E+05
535			-1.0607E+05
540			-1.0608E+05
545			-1.0609E+05
550			-1.0609E+05
555			-1.0610E+05
560			-1.0610E+05
565			-1.0611E+05
570			-1.0612E+05
575			-1.0614E+05
580			-1.0614E+05
585			-1.0616E+05
590			-1.0616E+05
595			-1.0617E+05
600			-1.0618E+05
605			-1.0618E+05
610			-1.0618E+05
615			-1.0619E+05
620			-1.0622E+05
625			-1.0626E+05
630			-1.0626E+05
635			-1.0628E+05
640			-1.0629E+05
645			-1.0630E+05
650			-1.0631E+05
655			-1.0631E+05
660			-1.0631E+05
665			-1.0632E+05
670			-1.0633E+05
675			-1.0634E+05
680			-1.0634E+05
685			-1.0635E+05
690			-1.0636E+05
695			-1.0636E+05
700			-1.0637E+05
705			-1.0637E+05
710			-1.0638E+05
715			-1.0638E+05
720			-1.0639E+05
725			-1.0640E+05
730			-1.0640E+05
735			-1.0641E+05
740			-1.0642E+05
745			-1.0642E+05
750			-1.0643E+05
755			-1.0643E+05
760			-1.0644E+05
765			-1.0644E+05
770			-1.0645E+05
775			-1.0645E+05
780			-1.0646E+05
785			-1.0646E+05
790			-1.0647E+05
795			-1.0647E+05
800			-1.0648E+05
805			-1.0648E+05
810			-1.0648E+05
815			-1.0649E+05
820			-1.0649E+05
825			-1.0650E+05
830			-1.0650E+05
835			-1.0650E+05
840			-1.0651E+05
845			-1.0651E+05
850			-1.0652E+05
855			-1.0652E+05
860			-1.0652E+05
865			-1.0653E+05
870			-1.0653E+05
875			-1.0654E+05
880			-1.0654E+05
885			-1.0654E+05
890			-1.0655E+05
895			-1.0655E+05
900			-1.0656E+05
905			-1.0656E+05
910			-1.0656E+05
915			-1.0657E+05
920			-1.0657E+05
925			-1.0658E+05
930			-1.0658E+05
935			-1.0659E+05
940			-1.0659E+05
945			-1.0659E+05
950			-1.0660E+05
955			-1.0660E+05
960			-1.0660E+05
965			-1.0661E+05
970			-1.0661E+05
975			-1.0662E+05
980			-1.0662E+05
985			-1.0663E+05
990			-1.0663E+05
995			-1.0663E+05
1000			-1.0664E+05
