1			1.1350E+04
5			-1.5861E+04
10			-4.6238E+04
15			-6.2022E+04
20			-7.0220E+04
25			-7.6383E+04
30			-8.4010E+04
35			-9.0169E+04
40			-9.1866E+04
45			-9.2877E+04
50			-9.3646E+04
55			-9.4355E+04
60			-9.5395E+04
65			-9.5861E+04
70			-9.6352E+04
75			-9.6807E+04
80			-9.7112E+04
85			-9.7446E+04
90			-9.7738E+04
95			-9.8126E+04
100			-9.8258E+04
105			-9.8499E+04
110			-9.8881E+04
115			-9.9073E+04
120			-9.9291E+04
125			-9.9494E+04
130			-9.9688E+04
135			-9.9873E+04
140			-1.0001E+05
145			-1.0018E+05
150			-1.0033E+05
155			-1.0047E+05
160			-1.0061E+05
165			-1.0075E+05
170			-1.0093E+05
175			-1.0099E+05
180			-1.0111E+05
185			-1.0131E+05
190			-1.0141E+05
195			-1.0153E+05
200			-1.0164E+05
205			-1.0171E+05
210			-1.0320E+05
215			-1.0371E+05
220			-1.0417E+05
225			-1.0463E+05
230			-1.0464E+05
235			-1.0491E+05
240			-1.0513E+05
245			-1.0537E+05
250			-1.0550E+05
255			-1.0551E+05
260			-1.0563E+05
265			-1.0571E+05
270			-1.0598E+05
275			-1.0618E+05
280			-1.0619E+05
285			-1.0636E+05
290			-1.0644E+05
295			-1.0656E+05
300			-1.0665E+05
305			-1.0665E+05
310			-1.0674E+05
315			-1.0679E+05
320			-1.0695E+05
325			-1.0707E+05
330			-1.0708E+05
335			-1.0719E+05
340			-1.0726E+05
345			-1.0735E+05
350			-1.0743E+05
355			-1.0743E+05
360			-1.0752E+05
365			-1.0756E+05
370			-1.0766E+05
375			-1.0773E+05
380			-1.0774E+05
385			-1.0782E+05
390			-1.0786E+05
395			-1.0795E+05
400			-1.0800E+05
405			-1.0800E+05
410			-1.0807E+05
415			-1.0812E+05
420			-1.0819E+05
425			-1.0825E+05
430			-1.0825E+05
435			-1.0832E+05
440			-1.0836E+05
445			-1.0843E+05
450			-1.0847E+05
455			-1.0847E+05
460			-1.0854E+05
465			-1.0858E+05
470			-1.0864E+05
475			-1.0868E+05
480			-1.0868E+05
485			-1.0874E+05
490			-1.0878E+05
495			-1.0884E+05
500			-1.0887E+05
505			-1.0888E+05
510			-1.0893E+05
515			-1.0896E+05
520			-1.0902E+05
525			-1.0905E+05
530			-1.0905E+05
535			-1.0911E+05
540			-1.0914E+05
545			-1.0919E+05
550			-1.0922E+05
555			-1.0922E+05
560			-1.0926E+05
565			-1.0929E+05
570			-1.0934E+05
575			-1.0937E+05
580			-1.0938E+05
585			-1.0942E+05
590			-1.0945E+05
595			-1.0949E+05
600			-1.0951E+05
605			-1.0952E+05
610			-1.0955E+05
615			-1.0958E+05
620			-1.0962E+05
625			-1.0965E+05
630			-1.0965E+05
635			-1.0969E+05
640			-1.0971E+05
645			-1.0975E+05
650			-1.0977E+05
655			-1.0977E+05
660			-1.0980E+05
665			-1.0983E+05
670			-1.0986E+05
675			-1.0988E+05
680			-1.0989E+05
685			-1.0992E+05
690			-1.0994E+05
695			-1.0998E+05
700			-1.1000E+05
705			-1.1000E+05
710			-1.1003E+05
715			-1.1005E+05
720			-1.1008E+05
725			-1.1011E+05
730			-1.1011E+05
735			-1.1014E+05
740			-1.1016E+05
745			-1.1019E+05
750			-1.1021E+05
755			-1.1021E+05
760			-1.1024E+05
765			-1.1026E+05
770			-1.1028E+05
775			-1.1032E+05
780			-1.1032E+05
785			-1.1034E+05
790			-1.1036E+05
795			-1.1040E+05
800			-1.1044E+05
805			-1.1044E+05
810			-1.1048E+05
815			-1.1051E+05
820			-1.1052E+05
825			-1.1054E+05
830			-1.1055E+05
835			-1.1056E+05
840			-1.1057E+05
845			-1.1063E+05
850			-1.1071E+05
855			-1.1071E+05
860			-1.1075E+05
865			-1.1076E+05
870			-1.1078E+05
875			-1.1079E+05
880			-1.1080E+05
885			-1.1081E+05
890			-1.1082E+05
895			-1.1084E+05
900			-1.1086E+05
905			-1.1086E+05
910			-1.1088E+05
915			-1.1090E+05
920			-1.1091E+05
925			-1.1092E+05
930			-1.1092E+05
935			-1.1093E+05
940			-1.1095E+05
945			-1.1097E+05
950			-1.1100E+05
955			-1.1100E+05
960			-1.1102E+05
965			-1.1103E+05
970			-1.1104E+05
975			-1.1106E+05
980			-1.1106E+05
985			-1.1107E+05
990			-1.1108E+05
995			-1.1110E+05
1000			-1.1112E+05
