1			1.4414E+05
5			6.4704E+04
10			-1.8153E+04
15			-5.3095E+04
20			-6.3246E+04
25			-6.9449E+04
30			-7.6751E+04
35			-8.2420E+04
40			-8.4012E+04
45			-8.4967E+04
50			-8.5719E+04
55			-8.6358E+04
60			-8.7339E+04
65			-8.7824E+04
70			-8.8280E+04
75			-8.8684E+04
80			-8.8947E+04
85			-8.9249E+04
90			-8.9507E+04
95			-8.9758E+04
100			-8.9999E+04
105			-9.0219E+04
110			-9.0579E+04
115			-9.0753E+04
120			-9.0955E+04
125			-9.1126E+04
130			-9.1309E+04
135			-9.1448E+04
140			-9.1598E+04
145			-9.1736E+04
150			-9.1865E+04
155			-9.1998E+04
160			-9.2131E+04
165			-9.2297E+04
170			-9.2348E+04
175			-9.2462E+04
180			-9.2645E+04
185			-9.2739E+04
190			-9.2848E+04
195			-9.2954E+04
200			-9.3052E+04
205			-9.3103E+04
210			-9.4703E+04
215			-9.4907E+04
220			-9.5616E+04
225			-9.5815E+04
230			-9.5820E+04
235			-9.6000E+04
240			-9.6212E+04
245			-9.6485E+04
250			-9.6602E+04
255			-9.6607E+04
260			-9.6713E+04
265			-9.6783E+04
270			-9.7148E+04
275			-9.7363E+04
280			-9.7367E+04
285			-9.7551E+04
290			-9.7638E+04
295			-9.7734E+04
300			-9.7831E+04
305			-9.7835E+04
310			-9.7896E+04
315			-9.7945E+04
320			-9.8183E+04
325			-9.8342E+04
330			-9.8344E+04
335			-9.8519E+04
340			-9.8602E+04
345			-9.8682E+04
350			-9.8734E+04
355			-9.8738E+04
360			-9.8786E+04
365			-9.8827E+04
370			-9.8989E+04
375			-9.9139E+04
380			-9.9142E+04
385			-9.9301E+04
390			-9.9356E+04
395			-9.9405E+04
400			-9.9439E+04
405			-9.9442E+04
410			-9.9483E+04
415			-9.9536E+04
420			-9.9600E+04
425			-9.9673E+04
430			-9.9678E+04
435			-9.9753E+04
440			-9.9781E+04
445			-9.9843E+04
450			-9.9874E+04
455			-9.9876E+04
460			-9.9916E+04
465			-9.9949E+04
470			-1.0001E+05
475			-1.0006E+05
480			-1.0006E+05
485			-1.0012E+05
490			-1.0015E+05
495			-1.0020E+05
500			-1.0023E+05
505			-1.0023E+05
510			-1.0027E+05
515			-1.0030E+05
520			-1.0035E+05
525			-1.0039E+05
530			-1.0040E+05
535			-1.0044E+05
540			-1.0047E+05
545			-1.0052E+05
550			-1.0055E+05
555			-1.0055E+05
560			-1.0058E+05
565			-1.0061E+05
570			-1.0066E+05
575			-1.0069E+05
580			-1.0069E+05
585			-1.0073E+05
590			-1.0076E+05
595			-1.0080E+05
600			-1.0082E+05
605			-1.0083E+05
610			-1.0086E+05
615			-1.0089E+05
620			-1.0092E+05
625			-1.0096E+05
630			-1.0096E+05
635			-1.0100E+05
640			-1.0102E+05
645			-1.0106E+05
650			-1.0108E+05
655			-1.0108E+05
660			-1.0111E+05
665			-1.0114E+05
670			-1.0116E+05
675			-1.0123E+05
680			-1.0123E+05
685			-1.0125E+05
690			-1.0127E+05
695			-1.0133E+05
700			-1.0138E+05
705			-1.0138E+05
710			-1.0144E+05
715			-1.0147E+05
720			-1.0149E+05
725			-1.0151E+05
730			-1.0151E+05
735			-1.0153E+05
740			-1.0154E+05
745			-1.0160E+05
750			-1.0164E+05
755			-1.0164E+05
760			-1.0170E+05
765			-1.0173E+05
770			-1.0174E+05
775			-1.0176E+05
780			-1.0176E+05
785			-1.0177E+05
790			-1.0179E+05
795			-1.0182E+05
800			-1.0184E+05
805			-1.0184E+05
810			-1.0187E+05
815			-1.0189E+05
820			-1.0191E+05
825			-1.0192E+05
830			-1.0192E+05
835			-1.0193E+05
840			-1.0195E+05
845			-1.0197E+05
850			-1.0201E+05
855			-1.0201E+05
860			-1.0204E+05
865			-1.0205E+05
870			-1.0207E+05
875			-1.0207E+05
880			-1.0208E+05
885			-1.0209E+05
890			-1.0210E+05
895			-1.0212E+05
900			-1.0214E+05
905			-1.0214E+05
910			-1.0217E+05
915			-1.0219E+05
920			-1.0219E+05
925			-1.0221E+05
930			-1.0221E+05
935			-1.0222E+05
940			-1.0223E+05
945			-1.0226E+05
950			-1.0229E+05
955			-1.0230E+05
960			-1.0232E+05
965			-1.0234E+05
970			-1.0235E+05
975			-1.0237E+05
980			-1.0237E+05
985			-1.0238E+05
990			-1.0239E+05
995			-1.0243E+05
1000			-1.0248E+05
1000			-1.0248E+05
