       0.000           0.0000
       0.500         159.3801
       1.000         230.0313
       1.500         330.5187
       2.000         438.7141
       2.500         541.3346
       3.000         662.4235
       3.500         747.3649
       4.000         869.6627
       4.500         981.9481
       5.000        1096.2015
       5.500        1208.7953
       6.000        1336.5409
       6.500        1445.7008
       7.000        1540.1243
       7.500        1661.1216
       8.000        1768.4043
       8.500        1866.9670
       9.000        1970.8218
       9.500        2081.5972
      10.000        2222.2373
      10.500        2325.4316
      11.000        2411.7009
      11.500        2567.9976
      12.000        2691.1716
      12.500        2776.3093
      13.000        2842.6038
      13.500        2993.8701
      14.000        3076.5823
      14.500        3215.3259
      15.000        3309.8494
      15.500        3417.6316
      16.000        3560.8140
      16.500        3653.6970
      17.000        3793.9287
      17.500        3910.3647
      18.000        3913.0339
      18.500        4101.2354
      19.000        4208.6108
      19.500        4315.1035
      20.000        4465.2188
      20.500        4511.5181
      21.000        4574.6030
      21.500        4621.0854
      22.000        4672.8833
      22.500        4681.5049
      23.000        4758.3062
      23.500        4894.1206
      24.000        4902.5161
      24.500        4974.0039
      25.000        4977.2700
      25.500        5058.0444
      26.000        5198.0981
      26.500        5128.2217
      27.000        5200.4072
      27.500        5308.5132
      28.000        5346.9697
      28.500        5417.8403
      29.000        5475.7959
      29.500        5501.9888
      30.000        5579.4771
      30.500        5685.8330
      31.000        5722.6860
      31.500        5707.6587
      32.000        5769.8247
      32.500        5844.2651
      33.000        5903.4771
      33.500        6019.0562
      34.000        6080.7051
      34.500        6132.2939
      35.000        6172.4961
      35.500        6209.2544
      36.000        6217.8594
      36.500        6343.3252
      37.000        6366.7075
      37.500        6370.5801
      38.000        6340.7803
      38.500        6519.1484
      39.000        6571.5054
      39.500        6590.2354
      40.000        6651.0776
      40.500        6714.4370
      41.000        6740.7642
      41.500        6863.4219
      42.000        6931.8242
      42.500        6998.7251
      43.000        7016.1816
      43.500        6945.8677
      44.000        7156.6274
      44.500        7215.2544
      45.000        7130.4761
      45.500        7294.0698
      46.000        7376.6699
      46.500        7358.0649
      47.000        7407.3218
      47.500        7500.8687
      48.000        7567.6304
      48.500        7665.8237
      49.000        7747.5044
      49.500        7783.8501
      50.000        7782.9634
      50.500        7866.7207
      51.000        7903.7393
      51.500        8022.6909
      52.000        8081.6621
      52.500        8075.5547
      53.000        8094.1343
      53.500        8157.1489
      54.000        8306.9717
      54.500        8341.2988
      55.000        8441.5527
      55.500        8406.9785
      56.000        8392.5625
      56.500        8569.6729
      57.000        8630.0273
      57.500        8614.6240
      58.000        8700.6182
      58.500        8760.5244
      59.000        8764.1641
      59.500        8860.4727
      60.000        8900.0576
      60.500        9036.3701
      61.000        9107.3838
      61.500        9038.2607
      62.000        8869.2578
      62.500        9065.6484
      63.000        9101.8574
      63.500        9066.0527
      64.000        9136.7441
      64.500        9204.2021
      65.000        9280.9941
      65.500        9290.7803
      66.000        9142.3252
      66.500        9210.5547
      67.000        9250.3701
      67.500        9335.3945
      68.000        9436.2051
      68.500        9527.4795
      69.000        9435.6543
      69.500        9568.0430
      70.000        9464.8389
      70.500        9604.0811
      71.000        9481.5068
      71.500        9550.8613
      72.000        9627.2773
      72.500        9649.0869
      73.000        9643.7979
      73.500        9655.6602
      74.000        9670.0791
      74.500        9657.8154
      75.000        9729.2822
      75.500        9760.4014
      76.000        9800.5059
      76.500        9862.8223
      77.000        9817.4062
      77.500        9792.5674
      78.000        9941.3213
      78.500        9946.6562
      79.000       10032.8545
      79.500       10054.7861
      80.000       10096.3027
      80.500       10062.8516
      81.000       10236.8242
      81.500       10168.9336
      82.000       10229.9023
      82.500       10069.8760
      83.000       10238.3008
      83.500       10145.3916
      84.000       10292.9365
      84.500       10210.3066
      85.000       10327.1523
      85.500       10459.8477
      86.000       10362.5732
      86.500       10306.6211
      87.000       10334.6299
      87.500       10355.5234
      88.000       10538.1650
      88.500       10506.4951
      89.000       10422.6934
      89.500       10560.4521
      90.000       10678.6172
      90.500       10645.2314
      91.000       10608.3105
      91.500       10617.6621
      92.000       10714.2578
      92.500       10642.6221
      93.000       10821.7051
      93.500       10805.2715
      94.000       10781.3838
      94.500       10891.1533
      95.000       10894.3760
      95.500       10831.7520
      96.000       10904.5859
      96.500       10941.1963
      97.000       10980.2051
      97.500       10982.4580
      98.000       11100.4922
      98.500       10984.1250
      99.000       11066.7363
      99.500       11178.5596
     100.000       11128.0850
     100.500       11136.5791
     101.000       11279.3662
     101.500       11127.6426
     102.000       11335.6855
     102.500       11274.3848
     103.000       11410.6602
     103.500       11423.2412
     104.000       11443.2773
     104.500       11451.8037
     105.000       11439.7363
     105.500       11466.9326
     106.000       11413.4043
     106.500       11461.2021
     107.000       11539.4492
     107.500       11580.7324
     108.000       11636.0859
     108.500       11660.4766
     109.000       11695.4492
     109.500       11700.9365
     110.000       11699.4111
     110.500       11758.9668
     111.000       11551.0000
     111.500       11708.1699
     112.000       11733.9521
     112.500       11832.6758
     113.000       11895.3750
     113.500       11868.1367
     114.000       11995.1377
     114.500       11815.2383
     115.000       12045.8623
     115.500       12023.8682
     116.000       12027.2754
     116.500       12109.1318
     117.000       12059.1631
     117.500       11993.0352
     118.000       12288.4170
     118.500       12147.6162
     119.000       12095.7500
     119.500       12327.1064
     120.000       12218.8975
     120.500       12233.2031
     121.000       12298.6191
     121.500       12352.3652
     122.000       12235.7949
     122.500       12430.9473
     123.000       12362.0098
     123.500       12484.4668
     124.000       12619.1699
     124.500       12481.3838
     125.000       12367.8799
     125.500       12440.7227
     126.000       12676.3584
     126.500       12754.2441
     127.000       12714.3750
     127.500       12737.6602
     128.000       12860.9004
     128.500       12606.3809
     129.000       12792.6328
     129.500       12905.6055
     130.000       12570.5186
     130.500       12762.3564
     131.000       12937.8398
     131.500       12829.2939
     132.000       12973.8750
     132.500       12853.8535
     133.000       13051.8975
     133.500       13008.3184
     134.000       13041.1572
     134.500       13040.1279
     135.000       13215.7168
     135.500       13032.1455
     136.000       13071.3701
     136.500       13256.1934
     137.000       13311.4209
     137.500       13406.7832
     138.000       13277.9580
     138.500       13319.0283
     139.000       13326.6836
     139.500       13304.1533
     140.000       13451.3428
     140.500       13485.1875
     141.000       13396.5938
     141.500       13348.4395
     142.000       13422.5625
     142.500       13328.6758
     143.000       13337.8398
     143.500       13403.1494
     144.000       13403.0596
     144.500       13559.6367
     145.000       13501.4775
     145.500       13489.8281
     146.000       13308.3408
     146.500       13452.5947
     147.000       13325.4561
     147.500       13503.6494
     148.000       13472.5215
     148.500       13373.5830
     149.000       13589.6064
     149.500       13410.5762
     150.000       13429.4707
     150.500       13366.4775
     151.000       13428.4629
     151.500       13360.8027
     152.000       13462.2148
     152.500       13498.9072
     153.000       13262.2275
     153.500       13271.3750
     154.000       13451.9922
     154.500       13332.2451
     155.000       13386.4043
     155.500       13336.1152
     156.000       13418.1562
     156.500       13356.6016
     157.000       13234.7676
     157.500       13342.4990
     158.000       13474.9072
     158.500       13438.0693
     159.000       13539.0127
     159.500       13323.8350
     160.000       13414.7178
     160.500       13465.3115
     161.000       13374.7900
     161.500       13515.6816
     162.000       13457.4395
     162.500       13274.5518
     163.000       13431.0273
     163.500       13370.3496
     164.000       13388.2939
     164.500       13382.1602
     165.000       13413.7930
     165.500       13333.7109
     166.000       13429.8496
     166.500       13242.5527
     167.000       13456.2959
     167.500       13547.6035
     168.000       13338.0215
     168.500       13429.2432
     169.000       13526.7705
     169.500       13480.0498
     170.000       13393.4580
     170.500       13186.9424
     171.000       13530.7246
     171.500       13272.9658
     172.000       13333.4092
     172.500       13354.6484
     173.000       13485.5361
     173.500       13448.9043
     174.000       13253.2500
     174.500       13220.3174
     175.000       13401.1719
     175.500       13254.9541
     176.000       13433.7803
     176.500       13442.8047
     177.000       13344.0420
     177.500       13529.0898
     178.000       13427.4561
     178.500       13362.0293
     179.000       13372.1865
     179.500       13172.7285
     180.000       13408.4746
     180.500       13370.6250
     181.000       13535.8984
     181.500       13458.1895
     182.000       13308.5479
     182.500       13465.4268
     183.000       13311.8271
     183.500       13564.0605
     184.000       13330.5312
     184.500       13487.6963
     185.000       13422.9287
     185.500       13218.7812
     186.000       13441.6309
     186.500       13335.4268
     187.000       13477.7744
     187.500       13380.8398
     188.000       13472.3652
     188.500       13335.0020
     189.000       13343.9863
     189.500       13466.1357
     190.000       13394.7588
     190.500       13349.5586
     191.000       13521.5215
     191.500       13500.4854
     192.000       13412.4834
     192.500       13284.0742
     193.000       13401.6104
     193.500       13346.0947
     194.000       13393.7432
     194.500       13324.3672
     195.000       13398.4209
     195.500       13463.3516
     196.000       13404.6572
     196.500       13321.2754
     197.000       13418.4951
     197.500       13533.0664
     198.000       13416.4727
     198.500       13367.5283
     199.000       13399.6396
     199.500       13293.0303
     200.000       13500.8721
     200.500       13487.3125
     201.000       13317.7480
     201.500       13461.0059
     202.000       13378.1787
     202.500       13372.6143
     203.000       13477.2139
     203.500       13479.1621
     204.000       13404.1182
     204.500       13421.2881
     205.000       13281.0576
     205.500       13452.6416
     206.000       13240.6289
     206.500       13258.2363
     207.000       13312.6006
     207.500       13356.8506
     208.000       13354.6484
     208.500       13369.8594
     209.000       13427.1484
     209.500       13370.4814
     210.000       13486.9219
     210.500       13334.2910
     211.000       13454.9443
     211.500       13223.8994
     212.000       13359.9111
     212.500       13458.9062
     213.000       13294.9346
     213.500       13446.7520
     214.000       13731.1680
     214.500       13524.3574
     215.000       13405.6016
     215.500       13477.7158
     216.000       13465.6504
     216.500       13298.0908
     217.000       13388.2461
     217.500       13323.3379
     218.000       13359.9971
     218.500       13339.2275
     219.000       13323.7822
     219.500       13323.6172
     220.000       13517.3428
     220.500       13230.5400
     221.000       13372.3779
     221.500       13354.8350
     222.000       13415.3975
     222.500       13438.0908
     223.000       13260.0039
     223.500       13299.7402
     224.000       13244.6748
     224.500       13379.1748
     225.000       13450.3389
     225.500       13428.9521
     226.000       13404.0430
     226.500       13501.6006
     227.000       13336.1621
     227.500       13506.6660
     228.000       13310.0957
     228.500       13370.6455
     229.000       13246.8516
     229.500       13421.4590
     230.000       13355.8828
     230.500       13182.5508
     231.000       13394.9912
     231.500       13461.1680
     232.000       13538.9512
     232.500       13380.0205
     233.000       13425.8799
     233.500       13354.9375
     234.000       13305.6260
     234.500       13328.2031
     235.000       13371.7930
     235.500       13255.5596
     236.000       13560.6250
     236.500       13521.0654
     237.000       13444.9092
     237.500       13306.5811
     238.000       13484.4580
     238.500       13405.9199
     239.000       13416.5000
     239.500       13287.9961
     240.000       13429.8760
     240.500       13383.9658
     241.000       13423.2754
     241.500       13424.4365
     242.000       13549.7637
     242.500       13227.1152
     243.000       13351.2480
     243.500       13448.5713
     244.000       13383.0791
     244.500       13432.7119
     245.000       13354.4014
     245.500       13426.1768
     246.000       13244.8408
     246.500       13388.1885
     247.000       13406.6816
     247.500       13402.0586
     248.000       13389.5986
     248.500       13134.1836
     249.000       13405.3779
     249.500       13287.6553
     250.000       13419.6250
     250.500       13494.2646
     251.000       13336.0342
     251.500       13395.8271
     252.000       13299.9424
     252.500       13464.1133
     253.000       13280.4248
     253.500       13458.7588
     254.000       13321.4814
     254.500       13383.0195
     255.000       13380.3252
     255.500       13439.4668
     256.000       13447.4502
     256.500       13313.1084
     257.000       13309.1094
     257.500       13414.6240
     258.000       13390.0195
     258.500       13334.8594
     259.000       13347.1250
     259.500       13497.4521
     260.000       13326.7920
     260.500       13443.8818
     261.000       13498.9043
     261.500       13416.8828
     262.000       13331.5596
     262.500       13523.2129
     263.000       13498.4629
     263.500       13359.5352
     264.000       13452.2646
     264.500       13555.8418
     265.000       13335.0674
     265.500       13436.3887
     266.000       13393.6670
     266.500       13506.1152
     267.000       13457.2617
     267.500       13644.3877
     268.000       13345.3359
     268.500       13412.9941
     269.000       13432.6602
     269.500       13314.2764
     270.000       13554.3916
     270.500       13594.6250
     271.000       13410.6631
     271.500       13434.1914
     272.000       13208.9863
     272.500       13241.4893
     273.000       13401.8740
     273.500       13333.3076
     274.000       13453.1016
     274.500       13316.0898
     275.000       13345.5693
     275.500       13408.7764
     276.000       13476.4619
     276.500       13497.5410
     277.000       13421.4375
     277.500       13468.6318
     278.000       13334.8193
     278.500       13540.7568
     279.000       13391.5938
     279.500       13221.5752
     280.000       13477.9980
     280.500       13374.0225
     281.000       13423.9512
     281.500       13448.1152
     282.000       13338.5332
     282.500       13227.5947
     283.000       13240.4805
     283.500       13495.6191
     284.000       13298.0869
     284.500       13426.2246
     285.000       13575.4971
     285.500       13330.9648
     286.000       13285.9707
     286.500       13531.6289
     287.000       13261.8574
     287.500       13506.4385
     288.000       13440.2695
     288.500       13348.5801
     289.000       13338.0215
     289.500       13418.2422
     290.000       13415.1562
     290.500       13293.2422
     291.000       13333.6279
     291.500       13508.4092
     292.000       13471.6924
     292.500       13311.6465
     293.000       13305.4092
     293.500       13366.1191
     294.000       13467.0889
     294.500       13320.4922
     295.000       13449.4668
     295.500       13340.4053
     296.000       13466.5869
     296.500       13315.1270
     297.000       13406.4639
     297.500       13243.9600
     298.000       13470.4941
     298.500       13571.4424
     299.000       13519.7207
     299.500       13368.4062
     300.000       13494.5107
     300.500       13234.7764
     301.000       13437.9727
     301.500       13531.9746
     302.000       13480.3281
     302.500       13334.2021
     303.000       13376.2568
     303.500       13518.8545
     304.000       13302.6768
     304.500       13528.9189
     305.000       13335.0020
     305.500       13290.3740
     306.000       13358.9697
     306.500       13300.0967
     307.000       13520.0615
     307.500       13473.2344
     308.000       13348.8525
     308.500       13372.5352
     309.000       13485.7490
     309.500       13383.5645
     310.000       13424.1504
     310.500       13274.4727
     311.000       13498.6426
     311.500       13292.7725
     312.000       13457.9697
     312.500       13145.1553
     313.000       13467.8652
     313.500       13432.8018
     314.000       13319.4004
     314.500       13371.6260
     315.000       13410.9717
     315.500       13337.9893
     316.000       13380.4668
     316.500       13533.0117
     317.000       13448.4258
     317.500       13456.8115
     318.000       13526.8438
     318.500       13403.3691
     319.000       13280.3008
     319.500       13353.5664
     320.000       13501.4844
     320.500       13448.0352
     321.000       13347.9375
     321.500       13407.4053
     322.000       13337.2979
     322.500       13364.6250
     323.000       13427.4521
     323.500       13357.3584
     324.000       13318.3027
     324.500       13509.5049
     325.000       13346.8379
     325.500       13377.0137
     326.000       13257.7070
     326.500       13464.2021
     327.000       13274.6523
     327.500       13314.5137
     328.000       13356.6230
     328.500       13597.9033
     329.000       13331.6963
     329.500       13342.2070
     330.000       13423.7393
     330.500       13216.6816
     331.000       13455.9014
     331.500       13380.7988
     332.000       13402.4150
     332.500       13447.4531
     333.000       13400.3662
     333.500       13276.2822
     334.000       13175.3223
     334.500       13261.8750
     335.000       13329.4131
     335.500       13431.7041
     336.000       13372.5889
     336.500       13480.1113
     337.000       13329.3789
     337.500       13428.2002
     338.000       13271.8232
     338.500       13409.5176
     339.000       13429.6299
     339.500       13409.6201
     340.000       13328.1904
     340.500       13292.0059
     341.000       13367.6436
     341.500       13293.4102
     342.000       13370.3447
     342.500       13280.0508
     343.000       13424.4648
     343.500       13432.2383
     344.000       13521.6484
     344.500       13418.2207
     345.000       13559.7441
     345.500       13397.6670
     346.000       13302.9473
     346.500       13374.1152
     347.000       13367.6445
     347.500       13429.4746
     348.000       13391.9639
     348.500       13350.1680
     349.000       13407.8389
     349.500       13441.3633
     350.000       13572.7676
     350.500       13307.8438
     351.000       13267.9121
     351.500       13327.9424
     352.000       13437.7832
     352.500       13383.5557
     353.000       13287.7578
     353.500       13475.1748
     354.000       13375.4521
     354.500       13362.2227
     355.000       13455.4502
     355.500       13477.1777
     356.000       13394.9941
     356.500       13341.7295
     357.000       13364.2852
     357.500       13558.7295
     358.000       13441.0986
     358.500       13325.8604
     359.000       13499.7373
     359.500       13414.4619
     360.000       13538.5205
     360.500       13474.9004
     361.000       13409.9443
     361.500       13253.6729
     362.000       13421.5605
     362.500       13506.4922
     363.000       13551.7988
     363.500       13433.4697
     364.000       13490.8066
     364.500       13404.7090
     365.000       13420.6318
     365.500       13497.1455
     366.000       13580.0303
     366.500       13424.3271
     367.000       13599.6680
     367.500       13436.9971
     368.000       13310.0010
     368.500       13425.7461
     369.000       13444.7217
     369.500       13301.6230
     370.000       13327.1719
     370.500       13314.7764
     371.000       13463.2100
     371.500       13432.8955
     372.000       13336.3301
     372.500       13281.0303
     373.000       13399.5283
     373.500       13530.2490
     374.000       13369.2881
     374.500       13284.0332
     375.000       13389.6914
     375.500       13307.3711
     376.000       13451.9639
     376.500       13488.3086
     377.000       13287.2256
     377.500       13470.2559
     378.000       13409.6250
     378.500       13507.2217
     379.000       13443.4043
     379.500       13433.8398
     380.000       13431.9785
     380.500       13336.4688
     381.000       13376.4316
     381.500       13522.4502
     382.000       13535.3525
     382.500       13469.9648
     383.000       13528.0986
     383.500       13161.9238
     384.000       13433.7617
     384.500       13655.5459
     385.000       13420.3867
     385.500       13279.3545
     386.000       13396.2822
     386.500       13522.7178
     387.000       13403.7979
     387.500       13337.6006
     388.000       13368.5879
     388.500       13252.0869
     389.000       13324.5117
     389.500       13247.2158
     390.000       13281.0967
     390.500       13482.4258
     391.000       13283.8867
     391.500       13343.6387
     392.000       13370.9902
     392.500       13383.0117
     393.000       13536.9561
     393.500       13469.9346
     394.000       13552.1201
     394.500       13418.7871
     395.000       13293.3154
     395.500       13365.0664
     396.000       13492.7100
     396.500       13558.5508
     397.000       13508.5596
     397.500       13448.4785
     398.000       13256.0459
     398.500       13418.0176
     399.000       13461.9473
     399.500       13550.1045
     400.000       13495.2549
