       0.000     -132151.9214
       0.500      -94665.0677
       1.000      -94944.8748
       1.500      -95047.1200
       2.000      -95079.3496
       2.500      -95088.3098
       3.000      -95072.4129
       3.500      -95036.3961
       4.000      -94962.0172
       4.500      -94903.0953
       5.000      -94816.8441
       5.500      -94754.8291
       6.000      -94665.5568
       6.500      -94603.4218
       7.000      -94540.6557
       7.500      -94469.3857
       8.000      -94389.4800
       8.500      -94333.1830
       9.000      -94243.1154
       9.500      -94163.8633
      10.000      -94078.9098
      10.500      -93985.8677
      11.000      -93895.3223
      11.500      -93794.9219
      12.000      -93726.2247
      12.500      -93668.6869
      13.000      -93581.1753
      13.500      -93516.2055
      14.000      -93443.5490
      14.500      -93287.2052
      15.000      -93250.3724
      15.500      -93180.6853
      16.000      -93123.8018
      16.500      -92967.4182
      17.000      -92955.3809
      17.500      -92804.1920
      18.000      -92717.1064
      18.500      -92620.3217
      19.000      -92531.0383
      19.500      -92470.0386
      20.000      -92322.4004
      20.500      -92214.8424
      21.000      -92228.0347
      21.500      -92174.7760
      22.000      -92160.4106
      22.500      -92133.4558
      23.000      -92168.1179
      23.500      -92108.6279
      24.000      -92168.8189
      24.500      -92064.3480
      25.000      -91999.7601
      25.500      -92014.5053
      26.000      -91964.5533
      26.500      -91912.6745
      27.000      -91909.6254
      27.500      -91897.0454
      28.000      -91811.5538
      28.500      -91756.0193
      29.000      -91760.6081
      29.500      -91701.6255
      30.000      -91712.7196
      30.500      -91678.9835
      31.000      -91635.9449
      31.500      -91550.2418
      32.000      -91492.5424
      32.500      -91486.7271
      33.000      -91397.6963
      33.500      -91390.1989
      34.000      -91410.4006
      34.500      -91395.1209
      35.000      -91286.8273
      35.500      -91252.5826
      36.000      -91199.3331
      36.500      -91105.0719
      37.000      -91034.6682
      37.500      -91070.9235
      38.000      -91025.1329
      38.500      -91039.9210
      39.000      -90932.9991
      39.500      -90961.0947
      40.000      -90763.6646
      40.500      -90803.8518
      41.000      -90729.4597
      41.500      -90685.9938
      42.000      -90716.5588
      42.500      -90634.8869
      43.000      -90537.8979
      43.500      -90449.1386
      44.000      -90362.0962
      44.500      -90371.4890
      45.000      -90282.7944
      45.500      -90247.5533
      46.000      -90315.5242
      46.500      -90155.0075
      47.000      -90185.7257
      47.500      -90025.3651
      48.000      -90048.1471
      48.500      -89952.0673
      49.000      -89817.6287
      49.500      -89950.3880
      50.000      -89787.5167
      50.500      -89724.6675
      51.000      -89671.7723
      51.500      -89618.2692
      52.000      -89526.2951
      52.500      -89630.9022
      53.000      -89481.0423
      53.500      -89561.2576
      54.000      -89383.5651
      54.500      -89252.1375
      55.000      -89224.9694
      55.500      -89263.0833
      56.000      -89177.9278
      56.500      -89171.8164
      57.000      -89187.5490
      57.500      -89046.2358
      58.000      -89046.8057
      58.500      -88899.5215
      59.000      -88955.8773
      59.500      -88878.8962
      60.000      -88821.3562
      60.500      -88734.1807
      61.000      -88821.9225
      61.500      -88860.2567
      62.000      -88666.3303
      62.500      -88753.4851
      63.000      -88681.7671
      63.500      -88679.4417
      64.000      -88468.7302
      64.500      -88595.0566
      65.000      -88616.7332
      65.500      -88539.7113
      66.000      -88595.3143
      66.500      -88541.8147
      67.000      -88483.6581
      67.500      -88346.8881
      68.000      -88556.5820
      68.500      -88478.2920
      69.000      -88515.6695
      69.500      -88467.3612
      70.000      -88366.3735
      70.500      -88501.4903
      71.000      -88334.4541
      71.500      -88340.8058
      72.000      -88182.9460
      72.500      -88115.9936
      73.000      -88219.5151
      73.500      -88197.7999
      74.000      -88204.7367
      74.500      -88207.4541
      75.000      -88121.7408
      75.500      -88106.3056
      76.000      -88055.8990
      76.500      -88061.3846
      77.000      -87944.6688
      77.500      -87997.8373
      78.000      -87890.4965
      78.500      -87833.6427
      79.000      -87964.2031
      79.500      -87806.1720
      80.000      -87725.7667
      80.500      -87702.3882
      81.000      -87916.3963
      81.500      -87711.0333
      82.000      -87623.9127
      82.500      -87714.7561
      83.000      -87670.7778
      83.500      -87537.4571
      84.000      -87674.9420
      84.500      -87639.9110
      85.000      -87527.1250
      85.500      -87460.4317
      86.000      -87484.7490
      86.500      -87459.3613
      87.000      -87408.6730
      87.500      -87390.1997
      88.000      -87388.0010
      88.500      -87396.0279
      89.000      -87336.1849
      89.500      -87304.6820
      90.000      -87377.5039
      90.500      -87177.3341
      91.000      -87177.2405
      91.500      -87052.8952
      92.000      -86916.8320
      92.500      -87158.5935
      93.000      -86963.0254
      93.500      -86851.5903
      94.000      -86713.2590
      94.500      -86984.3164
      95.000      -86760.2250
      95.500      -86676.5607
      96.000      -86635.5394
      96.500      -86704.2451
      97.000      -86631.8274
      97.500      -86584.5175
      98.000      -86544.4558
      98.500      -86443.7366
      99.000      -86538.7807
      99.500      -86416.2565
     100.000      -86273.5059
     100.500      -86357.6789
     101.000      -86381.4362
     101.500      -86172.9450
     102.000      -86154.7283
     102.500      -86225.9565
     103.000      -86126.9234
     103.500      -86132.0546
     104.000      -86081.5283
     104.500      -86021.5230
     105.000      -86039.8130
     105.500      -85924.4049
     106.000      -85879.5768
     106.500      -85688.3513
     107.000      -85816.0669
     107.500      -85653.6782
     108.000      -85684.6878
     108.500      -85546.7549
     109.000      -85497.0133
     109.500      -85393.0325
     110.000      -85437.8386
     110.500      -85341.6219
     111.000      -85409.4698
     111.500      -85282.9589
     112.000      -85255.5516
     112.500      -85209.1019
     113.000      -85246.3440
     113.500      -85188.3926
     114.000      -85199.2160
     114.500      -85115.7615
     115.000      -85089.0141
     115.500      -85021.6724
     116.000      -84880.7574
     116.500      -85100.5355
     117.000      -84631.1755
     117.500      -84727.3756
     118.000      -84653.7957
     118.500      -84602.7030
     119.000      -84474.4501
     119.500      -84524.0797
     120.000      -84345.8179
     120.500      -84467.9837
     121.000      -84254.0340
     121.500      -84123.7321
     122.000      -83951.6184
     122.500      -83841.2364
     123.000      -83977.0263
     123.500      -83863.4362
     124.000      -83954.4177
     124.500      -83761.0939
     125.000      -83700.9749
     125.500      -83879.1247
     126.000      -83765.0205
     126.500      -83647.9731
     127.000      -83572.3901
     127.500      -83542.9581
     128.000      -83432.8830
     128.500      -83490.5668
     129.000      -83382.6962
     129.500      -83185.6910
     130.000      -83046.8352
     130.500      -83113.0507
     131.000      -82978.5057
     131.500      -82930.0437
     132.000      -82770.7159
     132.500      -82730.0037
     133.000      -82646.3869
     133.500      -82490.9204
     134.000      -82562.1746
     134.500      -82274.9466
     135.000      -82105.3582
     135.500      -82173.3549
     136.000      -82103.0129
     136.500      -81972.7628
     137.000      -81790.0227
     137.500      -81597.2339
     138.000      -81704.6940
     138.500      -81589.2504
     139.000      -81213.6875
     139.500      -81304.7564
     140.000      -81272.3276
     140.500      -81386.0465
     141.000      -81333.1872
     141.500      -81158.6551
     142.000      -81429.0935
     142.500      -81304.1934
     143.000      -81256.4735
     143.500      -81223.2440
     144.000      -81228.7149
     144.500      -81204.3740
     145.000      -81276.2189
     145.500      -81165.5755
     146.000      -80933.2613
     146.500      -80949.7814
     147.000      -81167.8033
     147.500      -80805.9339
     148.000      -80698.7677
     148.500      -80578.6199
     149.000      -80953.5913
     149.500      -80730.0061
     150.000      -80956.7717
     150.500      -80859.6290
     151.000      -81057.4264
     151.500      -80910.9543
     152.000      -80902.4095
     152.500      -81109.8837
     153.000      -80961.6686
     153.500      -81251.0090
     154.000      -81246.9106
     154.500      -80905.1238
     155.000      -80963.9660
     155.500      -80958.2086
     156.000      -80864.7456
     156.500      -80920.7343
     157.000      -81034.7751
     157.500      -81060.9508
     158.000      -81152.2736
     158.500      -80917.5844
     159.000      -80953.0386
     159.500      -80839.4208
     160.000      -80922.3635
     160.500      -80887.8687
     161.000      -81046.9926
     161.500      -80973.9563
     162.000      -81130.0135
     162.500      -80976.1486
     163.000      -80918.3761
     163.500      -81015.1505
     164.000      -81152.5176
     164.500      -80928.1958
     165.000      -81034.0842
     165.500      -81012.8234
     166.000      -80916.4869
     166.500      -81059.2625
     167.000      -80979.7812
     167.500      -80845.6645
     168.000      -81249.0845
     168.500      -81274.7804
     169.000      -81142.1463
     169.500      -81113.1740
     170.000      -81227.9629
     170.500      -81143.2552
     171.000      -81154.4904
     171.500      -81085.0506
     172.000      -81292.6073
     172.500      -81101.7776
     173.000      -81208.3627
     173.500      -81036.2238
     174.000      -81019.0174
     174.500      -80986.9169
     175.000      -80972.0107
     175.500      -81197.6182
     176.000      -81014.0848
     176.500      -80880.4534
     177.000      -80832.7639
     177.500      -81095.5430
     178.000      -81013.9836
     178.500      -81304.7404
     179.000      -81084.7987
     179.500      -81007.0546
     180.000      -81278.0504
     180.500      -80965.6741
     181.000      -80987.5752
     181.500      -81042.3886
     182.000      -80959.7722
     182.500      -81014.3649
     183.000      -80963.4459
     183.500      -81171.1174
     184.000      -81217.7863
     184.500      -80939.3966
     185.000      -81235.0827
     185.500      -81010.5014
     186.000      -80961.0806
     186.500      -81227.8819
     187.000      -81275.5820
     187.500      -81244.5924
     188.000      -80947.4964
     188.500      -81064.0740
     189.000      -81222.5485
     189.500      -81185.1068
     190.000      -81259.4837
     190.500      -81408.3302
     191.000      -81153.8545
     191.500      -81180.1815
     192.000      -81120.1614
     192.500      -81256.8311
     193.000      -81268.9923
     193.500      -81223.6780
     194.000      -81428.4375
     194.500      -81353.3555
     195.000      -81390.8430
     195.500      -81366.7914
     196.000      -81453.8182
     196.500      -81439.7771
     197.000      -81495.7766
     197.500      -81340.7205
     198.000      -81406.4483
     198.500      -81218.9443
     199.000      -81118.6540
     199.500      -81361.3778
     200.000      -81160.3009
     200.500      -81163.6892
     201.000      -81312.5174
     201.500      -81246.4551
     202.000      -81211.7948
     202.500      -81452.6357
     203.000      -81304.0012
     203.500      -81414.8776
     204.000      -81437.6579
     204.500      -81308.6587
     205.000      -81174.6255
     205.500      -81469.0313
     206.000      -81567.0290
     206.500      -81269.6271
     207.000      -81222.8801
     207.500      -81274.8267
     208.000      -81185.0102
     208.500      -81337.1287
     209.000      -81299.1310
     209.500      -81231.1831
     210.000      -81535.6047
     210.500      -81253.5677
     211.000      -81266.4681
     211.500      -81382.5662
     212.000      -81431.3913
     212.500      -81336.8383
     213.000      -81254.4576
     213.500      -81338.3606
     214.000      -81301.4178
     214.500      -81013.3037
     215.000      -81023.1111
     215.500      -81312.0537
     216.000      -81216.4806
     216.500      -81413.1765
     217.000      -81247.2906
     217.500      -81373.8393
     218.000      -81481.2427
     218.500      -81294.2670
     219.000      -81375.7814
     219.500      -81320.6209
     220.000      -81399.0921
     220.500      -81498.8545
     221.000      -81424.6860
     221.500      -81650.2500
     222.000      -81231.6257
     222.500      -81539.0663
     223.000      -81192.7107
     223.500      -81398.9130
     224.000      -81474.7821
     224.500      -81394.9407
     225.000      -81508.5150
     225.500      -81312.5135
     226.000      -81325.2496
     226.500      -81511.2142
     227.000      -81317.1680
     227.500      -81373.8739
     228.000      -81320.6030
     228.500      -81199.3248
     229.000      -81586.1682
     229.500      -81553.9924
     230.000      -81467.9391
     230.500      -81221.0302
     231.000      -81500.6748
     231.500      -81390.0785
     232.000      -81443.2066
     232.500      -81459.4021
     233.000      -81529.6919
     233.500      -81551.8089
     234.000      -81467.8921
     234.500      -81696.4353
     235.000      -81493.5700
     235.500      -81574.7262
     236.000      -81560.1018
     236.500      -81415.7314
     237.000      -81341.3504
     237.500      -81603.7331
     238.000      -81477.7816
     238.500      -81604.4021
     239.000      -81641.2106
     239.500      -81526.4283
     240.000      -81705.7801
     240.500      -81677.4165
     241.000      -81370.0460
     241.500      -81585.3962
     242.000      -81705.5241
     242.500      -81579.2647
     243.000      -81763.3959
     243.500      -81429.5757
     244.000      -81318.3344
     244.500      -81564.9640
     245.000      -81657.2824
     245.500      -81634.0482
     246.000      -81619.0222
     246.500      -81483.1780
     247.000      -81646.3028
     247.500      -81389.3818
     248.000      -81450.7963
     248.500      -81438.6141
     249.000      -81359.7955
     249.500      -81336.7755
     250.000      -81603.9023
     250.500      -81766.6378
     251.000      -81590.7297
     251.500      -81673.6334
     252.000      -81563.2897
     252.500      -81688.6329
     253.000      -81430.7746
     253.500      -81443.2431
     254.000      -81524.3007
     254.500      -81567.8418
     255.000      -81471.2160
     255.500      -81468.8311
     256.000      -81583.4407
     256.500      -81361.0503
     257.000      -81650.0121
     257.500      -81668.0889
     258.000      -81691.5671
     258.500      -81666.2882
     259.000      -81569.5211
     259.500      -81584.3841
     260.000      -81568.7295
     260.500      -81490.2297
     261.000      -81632.4143
     261.500      -81692.0885
     262.000      -81622.0876
     262.500      -81320.9668
     263.000      -81615.3727
     263.500      -81518.8877
     264.000      -81510.7235
     264.500      -81538.9894
     265.000      -81384.1093
     265.500      -81580.9375
     266.000      -81760.4225
     266.500      -81811.6556
     267.000      -81696.4857
     267.500      -81604.7904
     268.000      -81395.3356
     268.500      -81508.3850
     269.000      -81660.0662
     269.500      -81483.3229
     270.000      -81646.7560
     270.500      -81618.9272
     271.000      -81732.8651
     271.500      -81517.2666
     272.000      -81162.0247
     272.500      -81508.7180
     273.000      -81535.1662
     273.500      -81551.7083
     274.000      -81768.2657
     274.500      -81782.0611
     275.000      -81712.5258
     275.500      -81682.8876
     276.000      -81485.6036
     276.500      -81526.4077
     277.000      -81609.9035
     277.500      -81540.4118
     278.000      -81334.5700
     278.500      -81335.4480
     279.000      -81334.8806
     279.500      -81406.2118
     280.000      -81582.6939
     280.500      -81532.2793
     281.000      -81425.4058
     281.500      -81467.3250
     282.000      -81604.5099
     282.500      -81864.3115
     283.000      -81678.8094
     283.500      -81599.2370
     284.000      -81618.0925
     284.500      -81577.3905
     285.000      -81591.3226
     285.500      -81778.1463
     286.000      -81747.4974
     286.500      -81710.7307
     287.000      -81681.3919
     287.500      -81393.2458
     288.000      -81722.6931
     288.500      -81811.0733
     289.000      -81619.6275
     289.500      -81793.7731
     290.000      -81879.1095
     290.500      -81924.3201
     291.000      -81779.9375
     291.500      -81940.8152
     292.000      -81880.2187
     292.500      -81938.3542
     293.000      -81934.6828
     293.500      -81685.4745
     294.000      -81635.9430
     294.500      -81556.9940
     295.000      -81633.9571
     295.500      -81698.9360
     296.000      -81524.6249
     296.500      -81537.9023
     297.000      -81375.9176
     297.500      -81646.7489
     298.000      -81600.1663
     298.500      -81687.0634
     299.000      -81608.6158
     299.500      -81842.1038
     300.000      -81640.4507
     300.500      -81657.5082
     301.000      -81688.8404
     301.500      -81616.6591
     302.000      -81525.2784
     302.500      -81779.8498
     303.000      -81566.4233
     303.500      -81662.6711
     304.000      -81883.1747
     304.500      -81683.3775
     305.000      -81662.5684
     305.500      -81582.9607
     306.000      -81619.6875
     306.500      -81634.9336
     307.000      -81722.7338
     307.500      -81491.3170
     308.000      -81749.3596
     308.500      -81705.1037
     309.000      -81755.3930
     309.500      -81784.8306
     310.000      -81449.1813
     310.500      -81516.1741
     311.000      -81507.7605
     311.500      -81574.0557
     312.000      -81747.3333
     312.500      -81713.7384
     313.000      -81525.2859
     313.500      -81793.5979
     314.000      -81806.8226
     314.500      -81772.2461
     315.000      -81781.2506
     315.500      -81941.0613
     316.000      -81732.6419
     316.500      -81821.8124
     317.000      -81570.8205
     317.500      -81585.5668
     318.000      -81649.5116
     318.500      -81622.3574
     319.000      -81724.9838
     319.500      -81669.7643
     320.000      -81529.4451
     320.500      -81837.7432
     321.000      -81754.2759
     321.500      -81592.5000
     322.000      -81878.1441
     322.500      -81699.2180
     323.000      -81639.2145
     323.500      -81530.5224
     324.000      -81832.7299
     324.500      -81781.5372
     325.000      -81934.5430
     325.500      -81697.0952
     326.000      -81622.8402
     326.500      -81841.7615
     327.000      -81736.9145
     327.500      -81825.0033
     328.000      -81854.5993
     328.500      -81783.9517
     329.000      -81976.6217
     329.500      -81940.2808
     330.000      -82034.1722
     330.500      -81752.6073
     331.000      -81852.4628
     331.500      -81974.9751
     332.000      -81875.8541
     332.500      -81947.0700
     333.000      -81745.2276
     333.500      -81801.8934
     334.000      -81853.2540
     334.500      -81849.5330
     335.000      -81899.6465
     335.500      -81908.5192
     336.000      -81711.6539
     336.500      -81896.9354
     337.000      -81886.0708
     337.500      -81807.7415
     338.000      -81794.9566
     338.500      -81731.6105
     339.000      -81772.5719
     339.500      -81716.9280
     340.000      -81798.2723
     340.500      -81785.5194
     341.000      -81772.4618
     341.500      -82004.5803
     342.000      -81718.8242
     342.500      -81907.9659
     343.000      -82002.0961
     343.500      -81787.9541
     344.000      -81637.3961
     344.500      -81779.9675
     345.000      -81873.5612
     345.500      -81753.0288
     346.000      -81822.1635
     346.500      -81805.7103
     347.000      -81731.3543
     347.500      -81509.0537
     348.000      -81738.4947
     348.500      -81598.4664
     349.000      -81596.1106
     349.500      -81742.3267
     350.000      -81883.3101
     350.500      -81708.3276
     351.000      -81692.1763
     351.500      -81710.0134
     352.000      -81742.9569
     352.500      -81742.8703
     353.000      -81882.4809
     353.500      -81849.1882
     354.000      -81720.9012
     354.500      -81819.7013
     355.000      -81802.1465
     355.500      -81796.6593
     356.000      -81797.9632
     356.500      -81917.8096
     357.000      -81915.2439
     357.500      -82007.4487
     358.000      -81868.8528
     358.500      -81817.9158
     359.000      -81845.1067
     359.500      -81930.5210
     360.000      -81792.6838
     360.500      -82003.4618
     361.000      -81674.7435
     361.500      -81797.6206
     362.000      -81849.8145
     362.500      -81722.2212
     363.000      -81734.2861
     363.500      -81927.4549
     364.000      -81717.8043
     364.500      -81781.5379
     365.000      -81755.0694
     365.500      -81635.1922
     366.000      -81707.0106
     366.500      -81774.8792
     367.000      -81777.5105
     367.500      -81676.8930
     368.000      -81710.1917
     368.500      -81995.8661
     369.000      -81870.7971
     369.500      -81832.8690
     370.000      -81858.6149
     370.500      -81716.1286
     371.000      -81886.6061
     371.500      -82117.9400
     372.000      -81758.6014
     372.500      -82039.7181
     373.000      -81802.5217
     373.500      -81754.1818
     374.000      -81585.9375
     374.500      -81557.2389
     375.000      -81624.8559
     375.500      -81593.0559
     376.000      -81771.5270
     376.500      -81893.7672
     377.000      -81955.3125
     377.500      -81991.1288
     378.000      -81706.1838
     378.500      -81810.3746
     379.000      -81747.3177
     379.500      -81884.4265
     380.000      -81721.2234
     380.500      -81875.6208
     381.000      -81807.5974
     381.500      -81897.0750
     382.000      -81828.5015
     382.500      -81872.2986
     383.000      -81926.7915
     383.500      -81852.4342
     384.000      -81942.1226
     384.500      -82039.0998
     385.000      -82049.3301
     385.500      -82175.5378
     386.000      -82085.1559
     386.500      -81824.5661
     387.000      -81906.7019
     387.500      -81867.5255
     388.000      -81821.6299
     388.500      -81952.2667
     389.000      -81880.5179
     389.500      -81914.5433
     390.000      -82056.0141
     390.500      -81947.7433
     391.000      -81780.8352
     391.500      -81703.0871
     392.000      -81888.4679
     392.500      -81742.2938
     393.000      -81693.2203
     393.500      -81834.4121
     394.000      -81680.2252
     394.500      -81796.0842
     395.000      -81854.3640
     395.500      -81607.7520
     396.000      -81672.0152
     396.500      -81847.8894
     397.000      -81965.9596
     397.500      -81851.4670
     398.000      -81917.7476
     398.500      -81899.2915
     399.000      -81920.4807
     399.500      -81718.5495
     400.000      -81929.4997
