       0.000     -132151.9214
       0.500      -94505.6876
       1.000      -94714.8435
       1.500      -94716.6012
       2.000      -94640.6356
       2.500      -94546.9752
       3.000      -94409.9893
       3.500      -94289.0313
       4.000      -94092.3545
       4.500      -93921.1473
       5.000      -93720.6425
       5.500      -93546.0339
       6.000      -93329.0159
       6.500      -93157.7210
       7.000      -93000.5314
       7.500      -92808.2641
       8.000      -92621.0757
       8.500      -92466.2159
       9.000      -92272.2937
       9.500      -92082.2661
      10.000      -91856.6725
      10.500      -91660.4360
      11.000      -91483.6213
      11.500      -91226.9243
      12.000      -91035.0530
      12.500      -90892.3776
      13.000      -90738.5715
      13.500      -90522.3353
      14.000      -90366.9667
      14.500      -90071.8793
      15.000      -89940.5230
      15.500      -89763.0537
      16.000      -89562.9879
      16.500      -89313.7212
      17.000      -89161.4522
      17.500      -88893.8272
      18.000      -88804.0725
      18.500      -88519.0863
      19.000      -88322.4275
      19.500      -88154.9351
      20.000      -87857.1817
      20.500      -87703.3243
      21.000      -87653.4317
      21.500      -87553.6906
      22.000      -87487.5273
      22.500      -87451.9509
      23.000      -87409.8117
      23.500      -87214.5073
      24.000      -87266.3028
      24.500      -87090.3441
      25.000      -87022.4901
      25.500      -86956.4609
      26.000      -86766.4552
      26.500      -86784.4528
      27.000      -86709.2182
      27.500      -86588.5323
      28.000      -86464.5841
      28.500      -86338.1790
      29.000      -86284.8122
      29.500      -86199.6367
      30.000      -86133.2426
      30.500      -85993.1505
      31.000      -85913.2589
      31.500      -85842.5831
      32.000      -85722.7177
      32.500      -85642.4619
      33.000      -85494.2193
      33.500      -85371.1428
      34.000      -85329.6956
      34.500      -85262.8270
      35.000      -85114.3312
      35.500      -85043.3283
      36.000      -84981.4737
      36.500      -84761.7467
      37.000      -84667.9607
      37.500      -84700.3434
      38.000      -84684.3526
      38.500      -84520.7725
      39.000      -84361.4938
      39.500      -84370.8593
      40.000      -84112.5870
      40.500      -84089.4148
      41.000      -83988.6955
      41.500      -83822.5720
      42.000      -83784.7346
      42.500      -83636.1618
      43.000      -83521.7163
      43.500      -83503.2709
      44.000      -83205.4688
      44.500      -83156.2346
      45.000      -83152.3184
      45.500      -82953.4835
      46.000      -82938.8543
      46.500      -82796.9426
      47.000      -82778.4039
      47.500      -82524.4964
      48.000      -82480.5168
      48.500      -82286.2436
      49.000      -82070.1243
      49.500      -82166.5379
      50.000      -82004.5533
      50.500      -81857.9468
      51.000      -81768.0331
      51.500      -81595.5783
      52.000      -81444.6329
      52.500      -81555.3475
      53.000      -81386.9080
      53.500      -81404.1087
      54.000      -81076.5934
      54.500      -80910.8387
      55.000      -80783.4167
      55.500      -80856.1048
      56.000      -80785.3653
      56.500      -80602.1436
      57.000      -80557.5217
      57.500      -80431.6118
      58.000      -80346.1875
      58.500      -80138.9971
      59.000      -80191.7132
      59.500      -80018.4235
      60.000      -79921.2986
      60.500      -79697.8105
      61.000      -79714.5387
      61.500      -79821.9960
      62.000      -79797.0725
      62.500      -79687.8366
      63.000      -79579.9096
      63.500      -79613.3890
      64.000      -79331.9861
      64.500      -79390.8545
      65.000      -79335.7391
      65.500      -79248.9310
      66.000      -79452.9891
      66.500      -79331.2601
      67.000      -79233.2879
      67.500      -79011.4936
      68.000      -79120.3769
      68.500      -78950.8125
      69.000      -79080.0152
      69.500      -78899.3183
      70.000      -78901.5347
      70.500      -78897.4092
      71.000      -78852.9472
      71.500      -78789.9444
      72.000      -78555.6687
      72.500      -78466.9067
      73.000      -78575.7173
      73.500      -78542.1398
      74.000      -78534.6576
      74.500      -78549.6387
      75.000      -78392.4585
      75.500      -78345.9042
      76.000      -78255.3931
      76.500      -78198.5623
      77.000      -78127.2626
      77.500      -78205.2699
      78.000      -77949.1752
      78.500      -77886.9865
      79.000      -77931.3486
      79.500      -77751.3859
      80.000      -77629.4640
      80.500      -77639.5367
      81.000      -77679.5720
      81.500      -77542.0997
      82.000      -77394.0103
      82.500      -77644.8802
      83.000      -77432.4770
      83.500      -77392.0655
      84.000      -77382.0054
      84.500      -77429.6044
      85.000      -77199.9726
      85.500      -77000.5840
      86.000      -77122.1757
      86.500      -77152.7402
      87.000      -77074.0431
      87.500      -77034.6762
      88.000      -76849.8359
      88.500      -76889.5328
      89.000      -76913.4915
      89.500      -76744.2299
      90.000      -76698.8867
      90.500      -76532.1026
      91.000      -76568.9300
      91.500      -76435.2331
      92.000      -76202.5742
      92.500      -76515.9714
      93.000      -76141.3203
      93.500      -76046.3188
      94.000      -75931.8752
      94.500      -76093.1631
      95.000      -75865.8490
      95.500      -75844.8088
      96.000      -75730.9535
      96.500      -75763.0488
      97.000      -75651.6223
      97.500      -75602.0595
      98.000      -75443.9636
      98.500      -75459.6116
      99.000      -75472.0443
      99.500      -75237.6969
     100.000      -75145.4209
     100.500      -75221.0998
     101.000      -75102.0700
     101.500      -75045.3025
     102.000      -74819.0428
     102.500      -74951.5717
     103.000      -74716.2633
     103.500      -74708.8134
     104.000      -74638.2510
     104.500      -74569.7193
     105.000      -74600.0767
     105.500      -74457.4723
     106.000      -74466.1725
     106.500      -74227.1492
     107.000      -74276.6177
     107.500      -74072.9458
     108.000      -74048.6018
     108.500      -73886.2783
     109.000      -73801.5640
     109.500      -73692.0960
     110.000      -73738.4275
     110.500      -73582.6551
     111.000      -73858.4698
     111.500      -73574.7890
     112.000      -73521.5995
     112.500      -73376.4261
     113.000      -73350.9690
     113.500      -73320.2559
     114.000      -73204.0783
     114.500      -73300.5233
     115.000      -73043.1518
     115.500      -72997.8042
     116.000      -72853.4820
     116.500      -72991.4036
     117.000      -72572.0124
     117.500      -72734.3404
     118.000      -72365.3787
     118.500      -72455.0868
     119.000      -72378.7001
     119.500      -72196.9732
     120.000      -72126.9205
     120.500      -72234.7806
     121.000      -71955.4149
     121.500      -71771.3668
     122.000      -71715.8234
     122.500      -71410.2891
     123.000      -71615.0165
     123.500      -71378.9694
     124.000      -71335.2478
     124.500      -71279.7101
     125.000      -71333.0950
     125.500      -71438.4020
     126.000      -71088.6621
     126.500      -70893.7289
     127.000      -70858.0151
     127.500      -70805.2979
     128.000      -70571.9826
     128.500      -70884.1859
     129.000      -70590.0634
     129.500      -70280.0855
     130.000      -70476.3166
     130.500      -70350.6942
     131.000      -70040.6658
     131.500      -70100.7498
     132.000      -69796.8409
     132.500      -69876.1502
     133.000      -69594.4894
     133.500      -69482.6021
     134.000      -69521.0174
     134.500      -69234.8186
     135.000      -68889.6414
     135.500      -69141.2094
     136.000      -69031.6428
     136.500      -68716.5694
     137.000      -68478.6018
     137.500      -68190.4507
     138.000      -68426.7360
     138.500      -68270.2221
     139.000      -67887.0040
     139.500      -68000.6031
     140.000      -67820.9848
     140.500      -67900.8590
     141.000      -67936.5935
     141.500      -67810.2157
     142.000      -68006.5310
     142.500      -67975.5176
     143.000      -67918.6337
     143.500      -67820.0946
     144.000      -67825.6553
     144.500      -67644.7372
     145.000      -67774.7414
     145.500      -67675.7474
     146.000      -67624.9204
     146.500      -67497.1866
     147.000      -67842.3472
     147.500      -67302.2845
     148.000      -67226.2462
     148.500      -67205.0369
     149.000      -67363.9849
     149.500      -67319.4299
     150.000      -67527.3010
     150.500      -67493.1514
     151.000      -67628.9635
     151.500      -67550.1516
     152.000      -67440.1946
     152.500      -67610.9764
     153.000      -67699.4410
     153.500      -67979.6340
     154.000      -67794.9184
     154.500      -67572.8786
     155.000      -67577.5617
     155.500      -67622.0934
     156.000      -67446.5894
     156.500      -67564.1328
     157.000      -67800.0076
     157.500      -67718.4518
     158.000      -67677.3664
     158.500      -67479.5151
     159.000      -67414.0259
     159.500      -67515.5858
     160.000      -67507.6458
     160.500      -67422.5571
     161.000      -67672.2025
     161.500      -67458.2747
     162.000      -67672.5740
     162.500      -67701.5968
     163.000      -67487.3487
     163.500      -67644.8009
     164.000      -67764.2237
     164.500      -67546.0356
     165.000      -67620.2913
     165.500      -67679.1125
     166.000      -67486.6372
     166.500      -67816.7098
     167.000      -67523.4853
     167.500      -67298.0609
     168.000      -67911.0630
     168.500      -67845.5372
     169.000      -67615.3758
     169.500      -67633.1242
     170.000      -67834.5048
     170.500      -67956.3128
     171.000      -67623.7658
     171.500      -67812.0848
     172.000      -67959.1981
     172.500      -67747.1292
     173.000      -67722.8266
     173.500      -67587.3195
     174.000      -67765.7674
     174.500      -67766.5996
     175.000      -67570.8389
     175.500      -67942.6640
     176.000      -67580.3045
     176.500      -67437.6487
     177.000      -67488.7219
     177.500      -67566.4532
     178.000      -67586.5275
     178.500      -67942.7111
     179.000      -67712.6122
     179.500      -67834.3261
     180.000      -67869.5758
     180.500      -67595.0491
     181.000      -67451.6768
     181.500      -67584.1991
     182.000      -67651.2243
     182.500      -67548.9382
     183.000      -67651.6187
     183.500      -67607.0568
     184.000      -67887.2550
     184.500      -67451.7003
     185.000      -67812.1540
     185.500      -67791.7201
     186.000      -67519.4498
     186.500      -67892.4552
     187.000      -67797.8076
     187.500      -67863.7526
     188.000      -67475.1312
     188.500      -67729.0721
     189.000      -67878.5622
     189.500      -67718.9711
     190.000      -67864.7250
     190.500      -68058.7716
     191.000      -67632.3330
     191.500      -67679.6961
     192.000      -67707.6780
     192.500      -67972.7569
     193.000      -67867.3819
     193.500      -67877.5833
     194.000      -68034.6944
     194.500      -68028.9883
     195.000      -67992.4221
     195.500      -67903.4398
     196.000      -68049.1610
     196.500      -68118.5017
     197.000      -68077.2815
     197.500      -67807.6541
     198.000      -67989.9756
     198.500      -67851.4160
     199.000      -67719.0144
     199.500      -68068.3475
     200.000      -67659.4288
     200.500      -67676.3767
     201.000      -67994.7693
     201.500      -67785.4493
     202.000      -67833.6161
     202.500      -68080.0214
     203.000      -67826.7873
     203.500      -67935.7155
     204.000      -68033.5397
     204.500      -67887.3706
     205.000      -67893.5679
     205.500      -68016.3897
     206.000      -68326.4001
     206.500      -68011.3908
     207.000      -67910.2795
     207.500      -67917.9761
     208.000      -67830.3618
     208.500      -67967.2693
     209.000      -67871.9826
     209.500      -67860.7017
     210.000      -68048.6828
     210.500      -67919.2767
     211.000      -67811.5237
     211.500      -68158.6667
     212.000      -68071.4801
     212.500      -67877.9321
     213.000      -67959.5230
     213.500      -67891.6087
     214.000      -67570.2499
     214.500      -67488.9462
     215.000      -67617.5095
     215.500      -67834.3379
     216.000      -67750.8302
     216.500      -68115.0856
     217.000      -67859.0445
     217.500      -68050.5015
     218.000      -68121.2457
     218.500      -67955.0395
     219.000      -68051.9992
     219.500      -67997.0037
     220.000      -67881.7493
     220.500      -68268.3144
     221.000      -68052.3080
     221.500      -68295.4150
     222.000      -67816.2282
     222.500      -68100.9755
     223.000      -67932.7068
     223.500      -68099.1727
     224.000      -68230.1073
     224.500      -68015.7659
     225.000      -68058.1761
     225.500      -67883.5613
     226.000      -67921.2066
     226.500      -68009.6136
     227.000      -67981.0059
     227.500      -67867.2079
     228.000      -68010.5073
     228.500      -67828.6793
     229.000      -68339.3166
     229.500      -68132.5334
     230.000      -68112.0563
     230.500      -68038.4795
     231.000      -68105.6836
     231.500      -67928.9105
     232.000      -67904.2554
     232.500      -68079.3816
     233.000      -68103.8120
     233.500      -68196.8714
     234.000      -68162.2661
     234.500      -68368.2322
     235.000      -68121.7770
     235.500      -68319.1667
     236.000      -67999.4768
     236.500      -67894.6660
     237.000      -67896.4412
     237.500      -68297.1520
     238.000      -67993.3236
     238.500      -68198.4822
     239.000      -68224.7106
     239.500      -68238.4322
     240.000      -68275.9042
     240.500      -68293.4507
     241.000      -67946.7707
     241.500      -68160.9597
     242.000      -68155.7605
     242.500      -68352.1494
     243.000      -68412.1478
     243.500      -67981.0044
     244.000      -67935.2553
     244.500      -68132.2521
     245.000      -68302.8810
     245.500      -68207.8715
     246.000      -68374.1814
     246.500      -68094.9895
     247.000      -68239.6212
     247.500      -67987.3232
     248.000      -68061.1976
     248.500      -68304.4306
     249.000      -67954.4176
     249.500      -68049.1202
     250.000      -68184.2773
     250.500      -68272.3731
     251.000      -68254.6955
     251.500      -68277.8062
     252.000      -68263.3474
     252.500      -68224.5196
     253.000      -68150.3498
     253.500      -67984.4843
     254.000      -68202.8193
     254.500      -68184.8222
     255.000      -68090.8909
     255.500      -68029.3643
     256.000      -68135.9905
     256.500      -68047.9419
     257.000      -68340.9028
     257.500      -68253.4649
     258.000      -68301.5476
     258.500      -68331.4288
     259.000      -68222.3961
     259.500      -68086.9319
     260.000      -68241.9375
     260.500      -68046.3478
     261.000      -68133.5101
     261.500      -68275.2057
     262.000      -68290.5280
     262.500      -67797.7539
     263.000      -68116.9098
     263.500      -68159.3525
     264.000      -68058.4589
     264.500      -67983.1476
     265.000      -68049.0419
     265.500      -68144.5488
     266.000      -68366.7555
     266.500      -68305.5404
     267.000      -68239.2240
     267.500      -67960.4027
     268.000      -68049.9997
     268.500      -68095.3909
     269.000      -68227.4061
     269.500      -68169.0465
     270.000      -68092.3644
     270.500      -68024.3022
     271.000      -68322.2020
     271.500      -68083.0752
     272.000      -67953.0384
     272.500      -68267.2287
     273.000      -68133.2922
     273.500      -68218.4007
     274.000      -68315.1641
     274.500      -68465.9713
     275.000      -68366.9564
     275.500      -68274.1112
     276.000      -68009.1417
     276.500      -68028.8667
     277.000      -68188.4660
     277.500      -68071.7800
     278.000      -67999.7506
     278.500      -67794.6912
     279.000      -67943.2868
     279.500      -68184.6366
     280.000      -68104.6958
     280.500      -68158.2568
     281.000      -68001.4546
     281.500      -68019.2098
     282.000      -68265.9767
     282.500      -68636.7168
     283.000      -68438.3289
     283.500      -68103.6179
     284.000      -68320.0056
     284.500      -68151.1658
     285.000      -68015.8255
     285.500      -68447.1814
     286.000      -68461.5267
     286.500      -68179.1018
     287.000      -68419.5345
     287.500      -67886.8073
     288.000      -68282.4236
     288.500      -68462.4932
     289.000      -68281.6060
     289.500      -68375.5309
     290.000      -68463.9533
     290.500      -68631.0780
     291.000      -68446.3095
     291.500      -68432.4060
     292.000      -68408.5263
     292.500      -68626.7077
     293.000      -68629.2736
     293.500      -68319.3553
     294.000      -68168.8542
     294.500      -68236.5018
     295.000      -68184.4903
     295.500      -68358.5307
     296.000      -68058.0380
     296.500      -68222.7753
     297.000      -67969.4538
     297.500      -68402.7890
     298.000      -68129.6722
     298.500      -68115.6210
     299.000      -68088.8951
     299.500      -68473.6975
     300.000      -68145.9399
     300.500      -68422.7318
     301.000      -68250.8677
     301.500      -68084.6844
     302.000      -68044.9503
     302.500      -68445.6476
     303.000      -68190.1664
     303.500      -68143.8166
     304.000      -68580.4979
     304.500      -68154.4586
     305.000      -68327.5665
     305.500      -68292.5867
     306.000      -68260.7178
     306.500      -68334.8369
     307.000      -68202.6723
     307.500      -68018.0827
     308.000      -68400.5071
     308.500      -68332.5686
     309.000      -68269.6440
     309.500      -68401.2662
     310.000      -68025.0309
     310.500      -68241.7014
     311.000      -68009.1180
     311.500      -68281.2833
     312.000      -68289.3635
     312.500      -68568.5831
     313.000      -68057.4207
     313.500      -68360.7961
     314.000      -68487.4222
     314.500      -68400.6201
     315.000      -68370.2790
     315.500      -68603.0720
     316.000      -68352.1751
     316.500      -68288.8007
     317.000      -68122.3947
     317.500      -68128.7553
     318.000      -68122.6678
     318.500      -68218.9883
     319.000      -68444.6830
     319.500      -68316.1979
     320.000      -68027.9608
     320.500      -68389.7081
     321.000      -68406.3384
     321.500      -68185.0948
     322.000      -68540.8462
     322.500      -68334.5930
     323.000      -68211.7623
     323.500      -68173.1640
     324.000      -68514.4271
     324.500      -68272.0323
     325.000      -68587.7051
     325.500      -68320.0815
     326.000      -68365.1332
     326.500      -68377.5593
     327.000      -68462.2622
     327.500      -68510.4896
     328.000      -68497.9763
     328.500      -68186.0483
     329.000      -68644.9254
     329.500      -68598.0738
     330.000      -68610.4329
     330.500      -68535.9256
     331.000      -68396.5615
     331.500      -68594.1763
     332.000      -68473.4391
     332.500      -68499.6169
     333.000      -68344.8613
     333.500      -68525.6111
     334.000      -68677.9318
     334.500      -68587.6580
     335.000      -68570.2334
     335.500      -68476.8151
     336.000      -68339.0650
     336.500      -68416.8241
     337.000      -68556.6919
     337.500      -68379.5413
     338.000      -68523.1333
     338.500      -68322.0929
     339.000      -68342.9420
     339.500      -68307.3078
     340.000      -68470.0819
     340.500      -68493.5136
     341.000      -68404.8183
     341.500      -68711.1701
     342.000      -68348.4795
     342.500      -68627.9151
     343.000      -68577.6312
     343.500      -68355.7158
     344.000      -68115.7476
     344.500      -68361.7468
     345.000      -68313.8171
     345.500      -68355.3618
     346.000      -68519.2163
     346.500      -68431.5950
     347.000      -68363.7097
     347.500      -68079.5791
     348.000      -68346.5309
     348.500      -68248.2984
     349.000      -68188.2718
     349.500      -68300.9634
     350.000      -68310.5425
     350.500      -68400.4839
     351.000      -68424.2642
     351.500      -68382.0710
     352.000      -68305.1737
     352.500      -68359.3147
     353.000      -68594.7231
     353.500      -68374.0134
     354.000      -68345.4491
     354.500      -68457.4787
     355.000      -68346.6963
     355.500      -68319.4816
     356.000      -68402.9691
     356.500      -68576.0801
     357.000      -68550.9588
     357.500      -68448.7192
     358.000      -68427.7541
     358.500      -68492.0554
     359.000      -68345.3694
     359.500      -68516.0591
     360.000      -68254.1633
     360.500      -68528.5614
     361.000      -68264.7992
     361.500      -68543.9478
     362.000      -68428.2540
     362.500      -68215.7290
     363.000      -68182.4873
     363.500      -68493.9851
     364.000      -68226.9977
     364.500      -68376.8290
     365.000      -68334.4376
     365.500      -68138.0467
     366.000      -68126.9804
     366.500      -68350.5521
     367.000      -68177.8425
     367.500      -68239.8959
     368.000      -68400.1907
     368.500      -68570.1200
     369.000      -68426.0754
     369.500      -68531.2460
     370.000      -68531.4431
     370.500      -68401.3522
     371.000      -68423.3961
     371.500      -68685.0445
     372.000      -68422.2713
     372.500      -68758.6879
     373.000      -68402.9934
     373.500      -68223.9328
     374.000      -68216.6494
     374.500      -68273.2057
     375.000      -68235.1645
     375.500      -68285.6848
     376.000      -68319.5632
     376.500      -68405.4586
     377.000      -68668.0869
     377.500      -68520.8729
     378.000      -68296.5588
     378.500      -68303.1529
     379.000      -68303.9134
     379.500      -68450.5866
     380.000      -68289.2449
     380.500      -68539.1520
     381.000      -68431.1657
     381.500      -68374.6248
     382.000      -68293.1490
     382.500      -68402.3337
     383.000      -68398.6928
     383.500      -68690.5103
     384.000      -68508.3609
     384.500      -68383.5539
     385.000      -68628.9434
     385.500      -68896.1833
     386.000      -68688.8736
     386.500      -68301.8483
     387.000      -68502.9040
     387.500      -68529.9249
     388.000      -68453.0420
     388.500      -68700.1798
     389.000      -68556.0061
     389.500      -68667.3275
     390.000      -68774.9174
     390.500      -68465.3175
     391.000      -68496.9485
     391.500      -68359.4484
     392.000      -68517.4777
     392.500      -68359.2820
     393.000      -68156.2642
     393.500      -68364.4775
     394.000      -68128.1051
     394.500      -68377.2971
     395.000      -68561.0485
     395.500      -68242.6856
     396.000      -68179.3052
     396.500      -68289.3386
     397.000      -68457.4000
     397.500      -68402.9885
     398.000      -68661.7017
     398.500      -68481.2739
     399.000      -68458.5334
     399.500      -68168.4450
     400.000      -68434.2449
