       0.000       0.00
       0.500       3.57
       1.000       5.15
       1.500       7.40
       2.000       9.83
       2.500      12.12
       3.000      14.84
       3.500      16.74
       4.000      19.48
       4.500      21.99
       5.000      24.55
       5.500      27.07
       6.000      29.93
       6.500      32.38
       7.000      34.49
       7.500      37.20
       8.000      39.61
       8.500      41.81
       9.000      44.14
       9.500      46.62
      10.000      49.77
      10.500      52.08
      11.000      54.01
      11.500      57.51
      12.000      60.27
      12.500      62.18
      13.000      63.66
      13.500      67.05
      14.000      68.90
      14.500      72.01
      15.000      74.13
      15.500      76.54
      16.000      79.75
      16.500      81.83
      17.000      84.97
      17.500      87.58
      18.000      87.64
      18.500      91.85
      19.000      94.26
      19.500      96.64
      20.000     100.00
      20.500     101.04
      21.000     102.45
      21.500     103.50
      22.000     104.66
      22.500     104.85
      23.000     106.57
      23.500     109.61
      24.000     109.80
      24.500     111.40
      25.000     111.47
      25.500     113.28
      26.000     116.42
      26.500     114.85
      27.000     116.47
      27.500     118.89
      28.000     119.75
      28.500     121.34
      29.000     122.64
      29.500     123.22
      30.000     124.96
      30.500     127.34
      31.000     128.17
      31.500     127.83
      32.000     129.22
      32.500     130.89
      33.000     132.22
      33.500     134.80
      34.000     136.19
      34.500     137.34
      35.000     138.24
      35.500     139.06
      36.000     139.26
      36.500     142.07
      37.000     142.59
      37.500     142.68
      38.000     142.01
      38.500     146.00
      39.000     147.18
      39.500     147.60
      40.000     148.96
      40.500     150.38
      41.000     150.97
      41.500     153.72
      42.000     155.25
      42.500     156.75
      43.000     157.14
      43.500     155.56
      44.000     160.28
      44.500     161.60
      45.000     159.70
      45.500     163.36
      46.000     165.21
      46.500     164.79
      47.000     165.90
      47.500     167.99
      48.000     169.49
      48.500     171.69
      49.000     173.52
      49.500     174.33
      50.000     174.31
      50.500     176.19
      51.000     177.01
      51.500     179.68
      52.000     181.00
      52.500     180.86
      53.000     181.28
      53.500     182.69
      54.000     186.05
      54.500     186.81
      55.000     189.06
      55.500     188.29
      56.000     187.96
      56.500     191.93
      57.000     193.28
      57.500     192.94
      58.000     194.86
      58.500     196.20
      59.000     196.28
      59.500     198.44
      60.000     199.33
      60.500     202.38
      61.000     203.97
      61.500     202.42
      62.000     198.64
      62.500     203.04
      63.000     203.85
      63.500     203.05
      64.000     204.63
      64.500     206.14
      65.000     207.86
      65.500     208.08
      66.000     204.75
      66.500     206.28
      67.000     207.17
      67.500     209.08
      68.000     211.34
      68.500     213.38
      69.000     211.32
      69.500     214.29
      70.000     211.98
      70.500     215.10
      71.000     212.35
      71.500     213.90
      72.000     215.62
      72.500     216.10
      73.000     215.99
      73.500     216.25
      74.000     216.57
      74.500     216.30
      75.000     217.90
      75.500     218.60
      76.000     219.50
      76.500     220.89
      77.000     219.87
      77.500     219.32
      78.000     222.65
      78.500     222.77
      79.000     224.70
      79.500     225.19
      80.000     226.12
      80.500     225.37
      81.000     229.27
      81.500     227.75
      82.000     229.11
      82.500     225.53
      83.000     229.30
      83.500     227.22
      84.000     230.52
      84.500     228.67
      85.000     231.29
      85.500     234.26
      86.000     232.08
      86.500     230.83
      87.000     231.46
      87.500     231.93
      88.000     236.02
      88.500     235.31
      89.000     233.43
      89.500     236.52
      90.000     239.16
      90.500     238.41
      91.000     237.59
      91.500     237.80
      92.000     239.96
      92.500     238.36
      93.000     242.37
      93.500     242.00
      94.000     241.46
      94.500     243.92
      95.000     243.99
      95.500     242.59
      96.000     244.22
      96.500     245.04
      97.000     245.92
      97.500     245.97
      98.000     248.61
      98.500     246.00
      99.000     247.85
      99.500     250.36
     100.000     249.23
     100.500     249.42
     101.000     252.62
     101.500     249.22
     102.000     253.88
     102.500     252.50
     103.000     255.56
     103.500     255.84
     104.000     256.29
     104.500     256.48
     105.000     256.21
     105.500     256.82
     106.000     255.62
     106.500     256.69
     107.000     258.44
     107.500     259.37
     108.000     260.61
     108.500     261.15
     109.000     261.93
     109.500     262.06
     110.000     262.02
     110.500     263.36
     111.000     258.70
     111.500     262.22
     112.000     262.80
     112.500     265.01
     113.000     266.41
     113.500     265.80
     114.000     268.65
     114.500     264.62
     115.000     269.78
     115.500     269.29
     116.000     269.37
     116.500     271.20
     117.000     270.08
     117.500     268.60
     118.000     275.22
     118.500     272.06
     119.000     270.90
     119.500     276.08
     120.000     273.66
     120.500     273.98
     121.000     275.44
     121.500     276.65
     122.000     274.04
     122.500     278.41
     123.000     276.86
     123.500     279.61
     124.000     282.62
     124.500     279.54
     125.000     276.99
     125.500     278.63
     126.000     283.90
     126.500     285.65
     127.000     284.76
     127.500     285.28
     128.000     288.04
     128.500     282.34
     129.000     286.51
     129.500     289.04
     130.000     281.53
     130.500     285.83
     131.000     289.76
     131.500     287.33
     132.000     290.57
     132.500     287.88
     133.000     292.31
     133.500     291.34
     134.000     292.07
     134.500     292.05
     135.000     295.98
     135.500     291.87
     136.000     292.75
     136.500     296.89
     137.000     298.13
     137.500     300.26
     138.000     297.38
     138.500     298.30
     139.000     298.47
     139.500     297.96
     140.000     301.26
     140.500     302.02
     141.000     300.03
     141.500     298.96
     142.000     300.62
     142.500     298.51
     143.000     298.72
     143.500     300.18
     144.000     300.18
     144.500     303.69
     145.000     302.38
     145.500     302.12
     146.000     298.06
     146.500     301.29
     147.000     298.44
     147.500     302.43
     148.000     301.73
     148.500     299.52
     149.000     304.36
     149.500     300.35
     150.000     300.77
     150.500     299.36
     151.000     300.75
     151.500     299.23
     152.000     301.50
     152.500     302.33
     153.000     297.02
     153.500     297.23
     154.000     301.28
     154.500     298.59
     155.000     299.81
     155.500     298.68
     156.000     300.52
     156.500     299.14
     157.000     296.41
     157.500     298.82
     158.000     301.79
     158.500     300.96
     159.000     303.22
     159.500     298.40
     160.000     300.44
     160.500     301.57
     161.000     299.55
     161.500     302.70
     162.000     301.40
     162.500     297.30
     163.000     300.81
     163.500     299.45
     164.000     299.85
     164.500     299.71
     165.000     300.42
     165.500     298.63
     166.000     300.78
     166.500     296.58
     167.000     301.37
     167.500     303.42
     168.000     298.72
     168.500     300.77
     169.000     302.95
     169.500     301.90
     170.000     299.96
     170.500     295.34
     171.000     303.04
     171.500     297.27
     172.000     298.62
     172.500     299.09
     173.000     302.03
     173.500     301.21
     174.000     296.82
     174.500     296.09
     175.000     300.14
     175.500     296.86
     176.000     300.87
     176.500     301.07
     177.000     298.86
     177.500     303.00
     178.000     300.73
     178.500     299.26
     179.000     299.49
     179.500     295.02
     180.000     300.30
     180.500     299.45
     181.000     303.15
     181.500     301.41
     182.000     298.06
     182.500     301.58
     183.000     298.14
     183.500     303.78
     184.000     298.55
     184.500     302.07
     185.000     300.62
     185.500     296.05
     186.000     301.04
     186.500     298.66
     187.000     301.85
     187.500     299.68
     188.000     301.73
     188.500     298.65
     189.000     298.86
     189.500     301.59
     190.000     299.99
     190.500     298.98
     191.000     302.83
     191.500     302.36
     192.000     300.39
     192.500     297.51
     193.000     300.15
     193.500     298.90
     194.000     299.97
     194.500     298.42
     195.000     300.08
     195.500     301.53
     196.000     300.21
     196.500     298.35
     197.000     300.52
     197.500     303.09
     198.000     300.48
     198.500     299.38
     199.000     300.10
     199.500     297.71
     200.000     302.37
     200.500     302.07
     201.000     298.27
     201.500     301.48
     202.000     299.62
     202.500     299.50
     203.000     301.84
     203.500     301.88
     204.000     300.20
     204.500     300.59
     205.000     297.45
     205.500     301.29
     206.000     296.54
     206.500     296.94
     207.000     298.15
     207.500     299.14
     208.000     299.09
     208.500     299.44
     209.000     300.72
     209.500     299.45
     210.000     302.06
     210.500     298.64
     211.000     301.34
     211.500     296.17
     212.000     299.21
     212.500     301.43
     213.000     297.76
     213.500     301.16
     214.000     307.53
     214.500     302.90
     215.000     300.24
     215.500     301.85
     216.000     301.58
     216.500     297.83
     217.000     299.85
     217.500     298.39
     218.000     299.21
     218.500     298.75
     219.000     298.40
     219.500     298.40
     220.000     302.74
     220.500     296.32
     221.000     299.49
     221.500     299.10
     222.000     300.46
     222.500     300.96
     223.000     296.98
     223.500     297.87
     224.000     296.63
     224.500     299.64
     225.000     301.24
     225.500     300.76
     226.000     300.20
     226.500     302.39
     227.000     298.68
     227.500     302.50
     228.000     298.10
     228.500     299.45
     229.000     296.68
     229.500     300.59
     230.000     299.12
     230.500     295.24
     231.000     300.00
     231.500     301.48
     232.000     303.22
     232.500     299.66
     233.000     300.69
     233.500     299.10
     234.000     298.00
     234.500     298.50
     235.000     299.48
     235.500     296.88
     236.000     303.71
     236.500     302.82
     237.000     301.12
     237.500     298.02
     238.000     302.00
     238.500     300.24
     239.000     300.48
     239.500     297.60
     240.000     300.78
     240.500     299.75
     241.000     300.63
     241.500     300.66
     242.000     303.46
     242.500     296.24
     243.000     299.02
     243.500     301.20
     244.000     299.73
     244.500     300.84
     245.000     299.09
     245.500     300.70
     246.000     296.64
     246.500     299.85
     247.000     300.26
     247.500     300.16
     248.000     299.88
     248.500     294.16
     249.000     300.23
     249.500     297.59
     250.000     300.55
     250.500     302.22
     251.000     298.68
     251.500     300.02
     252.000     297.87
     252.500     301.55
     253.000     297.43
     253.500     301.43
     254.000     298.35
     254.500     299.73
     255.000     299.67
     255.500     300.99
     256.000     301.17
     256.500     298.16
     257.000     298.07
     257.500     300.44
     258.000     299.89
     258.500     298.65
     259.000     298.93
     259.500     302.29
     260.000     298.47
     260.500     301.09
     261.000     302.33
     261.500     300.49
     262.000     298.58
     262.500     302.87
     263.000     302.32
     263.500     299.20
     264.000     301.28
     264.500     303.60
     265.000     298.66
     265.500     300.93
     266.000     299.97
     266.500     302.49
     267.000     301.39
     267.500     305.58
     268.000     298.89
     268.500     300.40
     269.000     300.84
     269.500     298.19
     270.000     303.57
     270.500     304.47
     271.000     300.35
     271.500     300.88
     272.000     295.83
     272.500     296.56
     273.000     300.15
     273.500     298.62
     274.000     301.30
     274.500     298.23
     275.000     298.89
     275.500     300.31
     276.000     301.82
     276.500     302.30
     277.000     300.59
     277.500     301.65
     278.000     298.65
     278.500     303.26
     279.000     299.92
     279.500     296.11
     280.000     301.86
     280.500     299.53
     281.000     300.65
     281.500     301.19
     282.000     298.73
     282.500     296.25
     283.000     296.54
     283.500     302.25
     284.000     297.83
     284.500     300.70
     285.000     304.04
     285.500     298.56
     286.000     297.56
     286.500     303.06
     287.000     297.02
     287.500     302.49
     288.000     301.01
     288.500     298.96
     289.000     298.72
     289.500     300.52
     290.000     300.45
     290.500     297.72
     291.000     298.62
     291.500     302.54
     292.000     301.72
     292.500     298.13
     293.000     297.99
     293.500     299.35
     294.000     301.61
     294.500     298.33
     295.000     301.22
     295.500     298.78
     296.000     301.60
     296.500     298.21
     297.000     300.26
     297.500     296.62
     298.000     301.69
     298.500     303.95
     299.000     302.79
     299.500     299.40
     300.000     302.23
     300.500     296.41
     301.000     300.96
     301.500     303.07
     302.000     301.91
     302.500     298.64
     303.000     299.58
     303.500     302.77
     304.000     297.93
     304.500     303.00
     305.000     298.65
     305.500     297.66
     306.000     299.19
     306.500     297.87
     307.000     302.80
     307.500     301.75
     308.000     298.97
     308.500     299.50
     309.000     302.03
     309.500     299.74
     310.000     300.65
     310.500     297.30
     311.000     302.32
     311.500     297.71
     312.000     301.41
     312.500     294.40
     313.000     301.63
     313.500     300.85
     314.000     298.31
     314.500     299.48
     315.000     300.36
     315.500     298.72
     316.000     299.67
     316.500     303.09
     317.000     301.20
     317.500     301.38
     318.000     302.95
     318.500     300.19
     319.000     297.43
     319.500     299.07
     320.000     302.38
     320.500     301.19
     321.000     298.94
     321.500     300.28
     322.000     298.71
     322.500     299.32
     323.000     300.73
     323.500     299.16
     324.000     298.28
     324.500     302.56
     325.000     298.92
     325.500     299.60
     326.000     296.92
     326.500     301.55
     327.000     297.30
     327.500     298.20
     328.000     299.14
     328.500     304.54
     329.000     298.58
     329.500     298.82
     330.000     300.64
     330.500     296.00
     331.000     301.36
     331.500     299.68
     332.000     300.16
     332.500     301.17
     333.000     300.12
     333.500     297.34
     334.000     295.08
     334.500     297.02
     335.000     298.53
     335.500     300.82
     336.000     299.50
     336.500     301.90
     337.000     298.53
     337.500     300.74
     338.000     297.24
     338.500     300.32
     339.000     300.77
     339.500     300.33
     340.000     298.50
     340.500     297.69
     341.000     299.39
     341.500     297.72
     342.000     299.45
     342.500     297.42
     343.000     300.66
     343.500     300.83
     344.000     302.84
     344.500     300.52
     345.000     303.69
     345.500     300.06
     346.000     297.94
     346.500     299.53
     347.000     299.39
     347.500     300.77
     348.000     299.93
     348.500     298.99
     349.000     300.29
     349.500     301.04
     350.000     303.98
     350.500     298.05
     351.000     297.15
     351.500     298.50
     352.000     300.96
     352.500     299.74
     353.000     297.60
     353.500     301.79
     354.000     299.56
     354.500     299.26
     355.000     301.35
     355.500     301.84
     356.000     300.00
     356.500     298.81
     357.000     299.31
     357.500     303.67
     358.000     301.03
     358.500     298.45
     359.000     302.34
     359.500     300.43
     360.000     303.21
     360.500     301.79
     361.000     300.33
     361.500     296.83
     362.000     300.59
     362.500     302.50
     363.000     303.51
     363.500     300.86
     364.000     302.14
     364.500     300.22
     365.000     300.57
     365.500     302.29
     366.000     304.14
     366.500     300.66
     367.000     304.58
     367.500     300.94
     368.000     298.09
     368.500     300.69
     369.000     301.11
     369.500     297.91
     370.000     298.48
     370.500     298.20
     371.000     301.53
     371.500     300.85
     372.000     298.68
     372.500     297.45
     373.000     300.10
     373.500     303.03
     374.000     299.42
     374.500     297.51
     375.000     299.88
     375.500     298.04
     376.000     301.27
     376.500     302.09
     377.000     297.58
     377.500     301.68
     378.000     300.33
     378.500     302.51
     379.000     301.08
     379.500     300.87
     380.000     300.83
     380.500     298.69
     381.000     299.58
     381.500     302.85
     382.000     303.14
     382.500     301.68
     383.000     302.98
     383.500     294.78
     384.000     300.87
     384.500     305.83
     385.000     300.57
     385.500     297.41
     386.000     300.03
     386.500     302.86
     387.000     300.20
     387.500     298.71
     388.000     299.41
     388.500     296.80
     389.000     298.42
     389.500     296.69
     390.000     297.45
     390.500     301.96
     391.000     297.51
     391.500     298.85
     392.000     299.46
     392.500     299.73
     393.000     303.18
     393.500     301.68
     394.000     303.52
     394.500     300.53
     395.000     297.72
     395.500     299.33
     396.000     302.19
     396.500     303.66
     397.000     302.54
     397.500     301.20
     398.000     296.89
     398.500     300.51
     399.000     301.50
     399.500     303.47
     400.000     302.24
