1			-6.4804E+04
5			-6.7078E+04
10			-6.9809E+04
15			-7.2834E+04
20			-7.7646E+04
25			-8.4079E+04
30			-9.0082E+04
35			-9.1508E+04
40			-9.2445E+04
45			-9.3171E+04
50			-9.3808E+04
55			-9.4757E+04
60			-9.5180E+04
65			-9.5628E+04
70			-9.6048E+04
75			-9.6332E+04
80			-9.6642E+04
85			-9.6914E+04
90			-9.7275E+04
95			-9.7400E+04
100			-9.7626E+04
105			-9.7983E+04
110			-9.8162E+04
115			-9.8366E+04
120			-9.8558E+04
125			-9.8739E+04
130			-9.8912E+04
135			-9.9044E+04
140			-9.9198E+04
145			-9.9342E+04
150			-9.9476E+04
155			-9.9610E+04
160			-9.9744E+04
165			-9.9915E+04
170			-9.9975E+04
175			-1.0010E+05
180			-1.0021E+05
185			-1.0040E+05
190			-1.0050E+05
195			-1.0061E+05
200			-1.0073E+05
205			-1.0079E+05
210			-1.0174E+05
215			-1.0260E+05
220			-1.0298E+05
225			-1.0334E+05
230			-1.0334E+05
235			-1.0358E+05
240			-1.0381E+05
245			-1.0411E+05
250			-1.0425E+05
255			-1.0426E+05
260			-1.0436E+05
265			-1.0450E+05
270			-1.0471E+05
275			-1.0485E+05
280			-1.0486E+05
285			-1.0502E+05
290			-1.0510E+05
295			-1.0526E+05
300			-1.0534E+05
305			-1.0534E+05
310			-1.0543E+05
315			-1.0549E+05
320			-1.0566E+05
325			-1.0575E+05
330			-1.0576E+05
335			-1.0588E+05
340			-1.0593E+05
345			-1.0605E+05
350			-1.0612E+05
355			-1.0613E+05
360			-1.0620E+05
365			-1.0626E+05
370			-1.0638E+05
375			-1.0648E+05
380			-1.0648E+05
385			-1.0661E+05
390			-1.0667E+05
395			-1.0673E+05
400			-1.0678E+05
405			-1.0679E+05
410			-1.0684E+05
415			-1.0689E+05
420			-1.0699E+05
425			-1.0706E+05
430			-1.0706E+05
435			-1.0717E+05
440			-1.0722E+05
445			-1.0727E+05
450			-1.0731E+05
455			-1.0732E+05
460			-1.0736E+05
465			-1.0739E+05
470			-1.0749E+05
475			-1.0757E+05
480			-1.0757E+05
485			-1.0768E+05
490			-1.0773E+05
495			-1.0777E+05
500			-1.0781E+05
505			-1.0781E+05
510			-1.0785E+05
515			-1.0788E+05
520			-1.0796E+05
525			-1.0803E+05
530			-1.0803E+05
535			-1.0812E+05
540			-1.0816E+05
545			-1.0820E+05
550			-1.0823E+05
555			-1.0823E+05
560			-1.0827E+05
565			-1.0829E+05
570			-1.0838E+05
575			-1.0846E+05
580			-1.0846E+05
585			-1.0856E+05
590			-1.0859E+05
595			-1.0862E+05
600			-1.0865E+05
605			-1.0865E+05
610			-1.0868E+05
615			-1.0870E+05
620			-1.0875E+05
625			-1.0879E+05
630			-1.0879E+05
635			-1.0883E+05
640			-1.0886E+05
645			-1.0889E+05
650			-1.0891E+05
655			-1.0891E+05
660			-1.0894E+05
665			-1.0896E+05
670			-1.0901E+05
675			-1.0903E+05
680			-1.0904E+05
685			-1.0908E+05
690			-1.0910E+05
695			-1.0913E+05
700			-1.0915E+05
705			-1.0915E+05
710			-1.0917E+05
715			-1.0920E+05
720			-1.0924E+05
725			-1.0926E+05
730			-1.0926E+05
735			-1.0929E+05
740			-1.0932E+05
745			-1.0934E+05
750			-1.0936E+05
755			-1.0936E+05
760			-1.0938E+05
765			-1.0940E+05
770			-1.0943E+05
775			-1.0946E+05
780			-1.0946E+05
785			-1.0949E+05
790			-1.0950E+05
795			-1.0953E+05
800			-1.0958E+05
805			-1.0958E+05
810			-1.0963E+05
815			-1.0965E+05
820			-1.0967E+05
825			-1.0968E+05
830			-1.0968E+05
835			-1.0970E+05
840			-1.0971E+05
845			-1.0974E+05
850			-1.0981E+05
855			-1.0981E+05
860			-1.0987E+05
865			-1.0988E+05
870			-1.0990E+05
875			-1.0992E+05
880			-1.0992E+05
885			-1.0993E+05
890			-1.0994E+05
895			-1.0997E+05
900			-1.1000E+05
905			-1.1001E+05
910			-1.1004E+05
915			-1.1005E+05
920			-1.1007E+05
925			-1.1008E+05
930			-1.1008E+05
935			-1.1010E+05
940			-1.1011E+05
945			-1.1013E+05
950			-1.1015E+05
955			-1.1016E+05
960			-1.1018E+05
965			-1.1019E+05
970			-1.1021E+05
975			-1.1022E+05
980			-1.1022E+05
985			-1.1023E+05
990			-1.1025E+05
995			-1.1026E+05
1000			-1.1028E+05
