1			-1.1063E+05
5			-1.1065E+05
10			-1.1067E+05
15			-1.1073E+05
20			-1.1081E+05
25			-1.1084E+05
30			-1.1086E+05
35			-1.1088E+05
40			-1.1092E+05
45			-1.1093E+05
50			-1.1095E+05
55			-1.1097E+05
60			-1.1100E+05
65			-1.1102E+05
70			-1.1104E+05
75			-1.1106E+05
80			-1.1107E+05
85			-1.1109E+05
90			-1.1110E+05
95			-1.1112E+05
100			-1.1113E+05
105			-1.1115E+05
110			-1.1116E+05
115			-1.1117E+05
120			-1.1119E+05
125			-1.1120E+05
130			-1.1121E+05
135			-1.1122E+05
140			-1.1123E+05
145			-1.1125E+05
150			-1.1126E+05
155			-1.1127E+05
160			-1.1128E+05
165			-1.1129E+05
170			-1.1130E+05
175			-1.1131E+05
180			-1.1132E+05
185			-1.1133E+05
190			-1.1134E+05
195			-1.1135E+05
200			-1.1136E+05
205			-1.1137E+05
210			-1.1155E+05
215			-1.1164E+05
220			-1.1169E+05
225			-1.1174E+05
230			-1.1174E+05
235			-1.1177E+05
240			-1.1180E+05
245			-1.1185E+05
250			-1.1187E+05
255			-1.1187E+05
260			-1.1188E+05
265			-1.1190E+05
270			-1.1193E+05
275			-1.1195E+05
280			-1.1196E+05
285			-1.1197E+05
290			-1.1199E+05
295			-1.1201E+05
300			-1.1203E+05
305			-1.1203E+05
310			-1.1204E+05
315			-1.1206E+05
320			-1.1208E+05
325			-1.1209E+05
330			-1.1209E+05
335			-1.1211E+05
340			-1.1212E+05
345			-1.1214E+05
350			-1.1215E+05
355			-1.1215E+05
360			-1.1217E+05
365			-1.1218E+05
370			-1.1220E+05
375			-1.1221E+05
380			-1.1221E+05
385			-1.1223E+05
390			-1.1224E+05
395			-1.1225E+05
400			-1.1226E+05
405			-1.1226E+05
410			-1.1227E+05
415			-1.1228E+05
420			-1.1231E+05
425			-1.1232E+05
430			-1.1232E+05
435			-1.1234E+05
440			-1.1236E+05
445			-1.1237E+05
450			-1.1238E+05
455			-1.1239E+05
460			-1.1240E+05
465			-1.1240E+05
470			-1.1243E+05
475			-1.1245E+05
480			-1.1245E+05
485			-1.1248E+05
490			-1.1249E+05
495			-1.1250E+05
500			-1.1251E+05
505			-1.1251E+05
510			-1.1251E+05
515			-1.1252E+05
520			-1.1254E+05
525			-1.1257E+05
530			-1.1257E+05
535			-1.1259E+05
540			-1.1260E+05
545			-1.1261E+05
550			-1.1261E+05
555			-1.1262E+05
560			-1.1262E+05
565			-1.1263E+05
570			-1.1264E+05
575			-1.1266E+05
580			-1.1266E+05
585			-1.1268E+05
590			-1.1268E+05
595			-1.1269E+05
600			-1.1270E+05
605			-1.1270E+05
610			-1.1271E+05
615			-1.1272E+05
620			-1.1273E+05
625			-1.1274E+05
630			-1.1274E+05
635			-1.1275E+05
640			-1.1275E+05
645			-1.1277E+05
650			-1.1278E+05
655			-1.1278E+05
660			-1.1279E+05
665			-1.1280E+05
670			-1.1281E+05
675			-1.1281E+05
680			-1.1281E+05
685			-1.1282E+05
690			-1.1283E+05
695			-1.1284E+05
700			-1.1284E+05
705			-1.1285E+05
710			-1.1285E+05
715			-1.1286E+05
720			-1.1287E+05
725			-1.1289E+05
730			-1.1289E+05
735			-1.1290E+05
740			-1.1291E+05
745			-1.1292E+05
750			-1.1292E+05
755			-1.1292E+05
760			-1.1293E+05
765			-1.1294E+05
770			-1.1294E+05
775			-1.1295E+05
780			-1.1295E+05
785			-1.1296E+05
790			-1.1297E+05
795			-1.1297E+05
800			-1.1298E+05
805			-1.1298E+05
810			-1.1299E+05
815			-1.1299E+05
820			-1.1300E+05
825			-1.1301E+05
830			-1.1301E+05
835			-1.1303E+05
840			-1.1304E+05
845			-1.1304E+05
850			-1.1304E+05
855			-1.1305E+05
860			-1.1305E+05
865			-1.1306E+05
870			-1.1306E+05
875			-1.1307E+05
880			-1.1307E+05
885			-1.1308E+05
890			-1.1308E+05
895			-1.1309E+05
900			-1.1309E+05
905			-1.1309E+05
910			-1.1310E+05
915			-1.1310E+05
920			-1.1311E+05
925			-1.1311E+05
930			-1.1311E+05
935			-1.1312E+05
940			-1.1313E+05
945			-1.1313E+05
950			-1.1314E+05
955			-1.1314E+05
960			-1.1314E+05
965			-1.1315E+05
970			-1.1315E+05
975			-1.1316E+05
980			-1.1316E+05
985			-1.1316E+05
990			-1.1317E+05
995			-1.1318E+05
1000			-1.1319E+05
