       0.000           0.0000
       0.500         159.7566
       1.000         239.9789
       1.500         347.5097
       2.000         457.6938
       2.500         568.5576
       3.000         681.7083
       3.500         804.9355
       4.000         915.9078
       4.500        1031.1971
       5.000        1154.5756
       5.500        1254.5278
       6.000        1385.2532
       6.500        1492.2020
       7.000        1606.8802
       7.500        1717.5453
       8.000        1815.4803
       8.500        1932.0214
       9.000        2088.8848
       9.500        2191.1921
      10.000        2294.2188
      10.500        2437.5269
      11.000        2542.5439
      11.500        2664.8391
      12.000        2810.2188
      12.500        2874.9348
      13.000        3009.5725
      13.500        3123.6753
      14.000        3222.2808
      14.500        3331.5645
      15.000        3464.0032
      15.500        3601.9260
      16.000        3673.1831
      16.500        3814.8643
      17.000        3948.7734
      17.500        4037.6938
      18.000        4139.9648
      18.500        4281.2144
      19.000        4391.5332
      19.500        4513.3418
      20.000        4632.8140
      20.500        4695.5439
      21.000        4781.3320
      21.500        4807.9590
      22.000        4894.8271
      22.500        4885.4932
      23.000        5020.9331
      23.500        5038.8403
      24.000        5115.0967
      24.500        5180.9844
      25.000        5232.1753
      25.500        5318.0210
      26.000        5294.7471
      26.500        5427.0347
      27.000        5440.2539
      27.500        5515.1631
      28.000        5606.0576
      28.500        5631.1714
      29.000        5696.6768
      29.500        5803.8218
      30.000        5778.7705
      30.500        5835.3994
      31.000        5954.7378
      31.500        6010.0161
      32.000        6076.5342
      32.500        6131.9390
      33.000        6144.3213
      33.500        6119.2373
      34.000        6261.7056
      34.500        6337.0278
      35.000        6299.0488
      35.500        6427.1953
      36.000        6533.0132
      36.500        6532.9761
      37.000        6651.1934
      37.500        6685.2495
      38.000        6648.5464
      38.500        6827.7231
      39.000        6968.9556
      39.500        6906.4883
      40.000        6860.0669
      40.500        7044.4385
      41.000        7123.5161
      41.500        7130.0410
      42.000        7169.0083
      42.500        7284.2056
      43.000        7302.4229
      43.500        7319.5845
      44.000        7436.0054
      44.500        7556.7559
      45.000        7531.4980
      45.500        7600.1050
      46.000        7722.4614
      46.500        7693.7573
      47.000        7805.7549
      47.500        7826.4707
      48.000        7978.2236
      48.500        7995.4258
      49.000        8058.8618
      49.500        8098.6279
      50.000        8205.1006
      50.500        8129.0859
      51.000        8211.7207
      51.500        8336.9023
      52.000        8398.7178
      52.500        8346.5977
      53.000        8478.5234
      53.500        8513.9541
      54.000        8557.1924
      54.500        8531.1865
      55.000        8684.8340
      55.500        8820.7480
      56.000        8830.7451
      56.500        8876.6729
      57.000        9020.3838
      57.500        8949.1895
      58.000        8898.6445
      58.500        9122.8516
      59.000        9019.2656
      59.500        9268.8887
      60.000        9272.6777
      60.500        9323.7412
      61.000        9357.2070
      61.500        9527.6143
      62.000        9392.0322
      62.500        9424.9336
      63.000        9548.8125
      63.500        9480.1289
      64.000        9455.9668
      64.500        9502.7627
      65.000        9572.0312
      65.500        9586.1396
      66.000        9715.4775
      66.500        9679.0195
      67.000        9717.2480
      67.500        9702.4131
      68.000        9708.3633
      68.500        9763.7002
      69.000        9828.7891
      69.500        9898.9209
      70.000        9843.2119
      70.500       10108.1787
      71.000        9982.7256
      71.500        9951.4092
      72.000       10063.8438
      72.500       10164.4941
      73.000       10035.6924
      73.500        9994.6387
      74.000       10106.3730
      74.500       10112.0332
      75.000       10166.0977
      75.500       10233.1123
      76.000       10252.0791
      76.500       10385.9082
      77.000       10362.4873
      77.500       10335.3203
      78.000       10312.0244
      78.500       10373.8857
      79.000       10360.7412
      79.500       10405.4463
      80.000       10364.6865
      80.500       10433.1523
      81.000       10510.8838
      81.500       10587.2666
      82.000       10492.5957
      82.500       10615.5654
      83.000       10596.6533
      83.500       10771.3799
      84.000       10698.8252
      84.500       10742.9639
      85.000       10706.4951
      85.500       10718.6426
      86.000       10888.3174
      86.500       10881.9600
      87.000       10823.0283
      87.500       10744.8887
      88.000       10876.2891
      88.500       10977.1348
      89.000       11040.0703
      89.500       11015.4365
      90.000       11145.3623
      90.500       11077.3047
      91.000       11088.1035
      91.500       11096.7803
      92.000       11106.9707
      92.500       11214.9209
      93.000       11354.0459
      93.500       11281.2334
      94.000       11149.6035
      94.500       11308.2920
      95.000       11295.4180
      95.500       11323.0449
      96.000       11349.7588
      96.500       11581.5742
      97.000       11503.4580
      97.500       11350.0645
      98.000       11429.6348
      98.500       11578.4512
      99.000       11535.2988
      99.500       11542.3926
     100.000       11601.0859
     100.500       11703.7822
     101.000       11595.4746
     101.500       11662.5889
     102.000       11735.8857
     102.500       11824.6836
     103.000       11842.3145
     103.500       11789.3359
     104.000       11693.4326
     104.500       11852.1836
     105.000       11960.1562
     105.500       11962.7617
     106.000       11944.0918
     106.500       12032.7012
     107.000       11925.1855
     107.500       12030.8008
     108.000       12090.7090
     108.500       12197.4639
     109.000       12211.8916
     109.500       12200.4697
     110.000       12210.4561
     110.500       12321.4824
     111.000       12304.3760
     111.500       12238.8428
     112.000       12163.2080
     112.500       12289.9336
     113.000       12475.2607
     113.500       12406.3457
     114.000       12383.5000
     114.500       12603.1992
     115.000       12328.7734
     115.500       12580.1963
     116.000       12631.9736
     116.500       12662.7988
     117.000       12622.4189
     117.500       12653.5596
     118.000       12643.9639
     118.500       12613.1992
     119.000       12721.6992
     119.500       12714.2100
     120.000       12704.8076
     120.500       12912.9648
     121.000       12834.3926
     121.500       12759.6709
     122.000       12928.6201
     122.500       13031.7705
     123.000       13023.3760
     123.500       12955.4121
     124.000       12911.0010
     124.500       12971.2461
     125.000       13078.0391
     125.500       13080.0977
     126.000       13043.9648
     126.500       13200.2236
     127.000       13160.5791
     127.500       13299.2920
     128.000       13262.3838
     128.500       13299.6289
     129.000       13197.5459
     129.500       13329.6172
     130.000       13370.7139
     130.500       13288.0518
     131.000       13466.9082
     131.500       13532.9150
     132.000       13584.0322
     132.500       13511.5791
     133.000       13466.0303
     133.500       13794.4219
     134.000       13521.5566
     134.500       13832.4756
     135.000       13605.4238
     135.500       13627.5645
     136.000       13727.4072
     136.500       13836.2881
     137.000       13831.0967
     137.500       13910.1348
     138.000       13713.9238
     138.500       13674.8057
     139.000       13730.7715
     139.500       14012.8438
     140.000       13870.5303
     140.500       13974.5166
     141.000       13964.6064
     141.500       14019.8643
     142.000       13933.4102
     142.500       14070.6914
     143.000       13864.5781
     143.500       13815.7930
     144.000       13993.4023
     144.500       13929.2236
     145.000       13887.0840
     145.500       13946.9336
     146.000       13915.9922
     146.500       14025.8740
     147.000       14055.1650
     147.500       14047.2949
     148.000       14039.6738
     148.500       14013.2285
     149.000       14083.3711
     149.500       14039.4639
     150.000       13994.0059
     150.500       13804.1338
     151.000       13904.9873
     151.500       13921.1152
     152.000       13963.7920
     152.500       13759.1367
     153.000       13881.2275
     153.500       13906.1191
     154.000       13967.9395
     154.500       14104.2529
     155.000       14009.7490
     155.500       13983.8906
     156.000       13916.4756
     156.500       13875.6816
     157.000       13927.5254
     157.500       13924.9170
     158.000       13926.9463
     158.500       14026.3340
     159.000       14126.1250
     159.500       14007.7461
     160.000       14048.7070
     160.500       13989.1211
     161.000       13986.6768
     161.500       13798.8945
     162.000       13737.7783
     162.500       13936.3447
     163.000       13973.4062
     163.500       13860.5039
     164.000       14008.2764
     164.500       14002.7666
     165.000       13964.5908
     165.500       13975.2725
     166.000       14028.8330
     166.500       13976.4512
     167.000       13850.9131
     167.500       13910.1592
     168.000       14023.4072
     168.500       13911.6338
     169.000       14019.2998
     169.500       13767.1670
     170.000       13882.3916
     170.500       13889.0674
     171.000       13809.2812
     171.500       13950.0957
     172.000       13875.7812
     172.500       13992.7256
     173.000       13985.7354
     173.500       14007.4141
     174.000       13831.4160
     174.500       14035.4600
     175.000       13991.9160
     175.500       13996.8975
     176.000       14036.0439
     176.500       13779.4873
     177.000       13981.8066
     177.500       13938.9043
     178.000       13972.7070
     178.500       14054.0830
     179.000       13890.4551
     179.500       13630.2764
     180.000       14114.2686
     180.500       13929.3213
     181.000       14011.8496
     181.500       13990.6338
     182.000       14028.2188
     182.500       14069.5020
     183.000       13942.9941
     183.500       13966.2764
     184.000       13934.7871
     184.500       13980.4443
     185.000       13972.9131
     185.500       13750.0215
     186.000       13949.2871
     186.500       14139.2881
     187.000       13984.0459
     187.500       13903.2539
     188.000       13980.2607
     188.500       14052.1602
     189.000       14024.4990
     189.500       14062.2080
     190.000       13973.4648
     190.500       13905.0342
     191.000       13866.0205
     191.500       13845.4580
     192.000       13933.2129
     192.500       14008.5264
     193.000       13924.6318
     193.500       13859.5234
     194.000       14094.1104
     194.500       13862.3223
     195.000       13977.1279
     195.500       13939.6104
     196.000       13870.5195
     196.500       14026.4551
     197.000       14031.5977
     197.500       14018.4912
     198.000       13933.3027
     198.500       14046.8125
     199.000       13869.3496
     199.500       13984.6758
     200.000       14058.0342
     200.500       13801.4746
     201.000       13982.4551
     201.500       13945.3428
     202.000       13724.9678
     202.500       14047.6201
     203.000       13898.1680
     203.500       13955.0537
     204.000       14053.5820
     204.500       13828.7100
     205.000       13898.9395
     205.500       14073.9600
     206.000       14007.8018
     206.500       13960.4238
     207.000       13953.5771
     207.500       13981.0732
     208.000       13945.5566
     208.500       13835.9668
     209.000       14098.1025
     209.500       14021.3564
     210.000       14022.8672
     210.500       13956.6104
     211.000       13792.6094
     211.500       13874.3086
     212.000       13876.3965
     212.500       13886.9590
     213.000       13984.1787
     213.500       14044.1338
     214.000       14084.6357
     214.500       13871.5625
     215.000       13934.2705
     215.500       13942.6875
     216.000       14007.7480
     216.500       13940.0400
     217.000       13891.9150
     217.500       13964.1719
     218.000       14089.3594
     218.500       14040.4326
     219.000       14021.3633
     219.500       13982.2051
     220.000       13980.4443
     220.500       13971.8467
     221.000       14020.5156
     221.500       13896.8936
     222.000       13992.4619
     222.500       14076.8145
     223.000       13971.8799
     223.500       13795.8975
     224.000       13868.4482
     224.500       13951.8574
     225.000       13832.4717
     225.500       13939.4434
     226.000       13865.5771
     226.500       14026.6299
     227.000       14014.0469
     227.500       13884.7607
     228.000       13959.0908
     228.500       13988.0156
     229.000       14003.2656
     229.500       13695.5420
     230.000       13746.6328
     230.500       14023.8965
     231.000       13943.4561
     231.500       14071.7773
     232.000       13910.0156
     232.500       14075.6064
     233.000       14002.2852
     233.500       14055.6201
     234.000       13944.8564
     234.500       13786.7910
     235.000       13856.4844
     235.500       13945.7695
     236.000       13932.4766
     236.500       13950.8135
     237.000       13931.5273
     237.500       13957.2070
     238.000       13964.5361
     238.500       13750.0117
     239.000       13891.0645
     239.500       13912.5635
     240.000       13989.1016
     240.500       13901.0898
     241.000       13699.8018
     241.500       13961.4043
     242.000       13905.8857
     242.500       13913.3535
     243.000       13825.3125
     243.500       13917.3389
     244.000       14092.4863
     244.500       14108.5273
     245.000       13951.2383
     245.500       13882.9746
     246.000       13854.2959
     246.500       13966.4746
     247.000       14142.3027
     247.500       14026.7637
     248.000       13970.8574
     248.500       14153.2363
     249.000       14055.1846
     249.500       14010.4785
     250.000       14163.2051
     250.500       13885.6045
     251.000       13838.2012
     251.500       14065.1943
     252.000       14056.3799
     252.500       13879.1768
     253.000       13965.5713
     253.500       13935.2354
     254.000       14099.1504
     254.500       14140.9268
     255.000       13969.6436
     255.500       13846.3682
     256.000       13893.2588
     256.500       13885.9141
     257.000       13989.0049
     257.500       14037.9961
     258.000       14119.7158
     258.500       14023.1182
     259.000       13936.2891
     259.500       14055.1963
     260.000       14017.1387
     260.500       13994.1953
     261.000       14047.5117
     261.500       13834.1279
     262.000       14133.0205
     262.500       13962.0830
     263.000       13955.6553
     263.500       13909.3486
     264.000       13951.2764
     264.500       13966.9863
     265.000       13963.8936
     265.500       14024.4375
     266.000       14172.0830
     266.500       13925.4395
     267.000       13962.5654
     267.500       14022.4902
     268.000       13995.0762
     268.500       13918.7256
     269.000       13756.5889
     269.500       13966.2334
     270.000       13973.9541
     270.500       13961.7227
     271.000       13949.1963
     271.500       13937.2666
     272.000       13990.9219
     272.500       13943.0820
     273.000       13830.1758
     273.500       13896.1904
     274.000       13992.8467
     274.500       13914.4951
     275.000       13939.9854
     275.500       14035.6387
     276.000       13975.5674
     276.500       13848.3818
     277.000       13963.1572
     277.500       13957.0381
     278.000       13966.2246
     278.500       14011.1152
     279.000       13818.8125
     279.500       13944.5684
     280.000       13985.5439
     280.500       13958.8623
     281.000       13804.7656
     281.500       14018.6875
     282.000       14066.9189
     282.500       13968.1162
     283.000       13956.5010
     283.500       13969.2988
     284.000       14182.0566
     284.500       14007.5039
     285.000       13998.4873
     285.500       14096.2256
     286.000       13952.2236
     286.500       13937.6973
     287.000       14058.2861
     287.500       14084.1426
     288.000       13907.7881
     288.500       13956.0254
     289.000       14069.8740
     289.500       13830.0166
     290.000       14047.3477
     290.500       14029.9668
     291.000       13959.1289
     291.500       14031.8848
     292.000       13851.5762
     292.500       13960.1719
     293.000       13769.9395
     293.500       13928.7422
     294.000       13956.5566
     294.500       14046.0947
     295.000       13837.6641
     295.500       14055.8135
     296.000       13925.1846
     296.500       13974.4580
     297.000       13890.0244
     297.500       13748.7051
     298.000       13902.9307
     298.500       13974.9863
     299.000       13726.4883
     299.500       13915.7812
     300.000       13897.5449
     300.500       13999.9961
     301.000       14039.6904
     301.500       14066.7578
     302.000       13995.1914
     302.500       13884.4873
     303.000       13926.5742
     303.500       14051.1768
     304.000       14091.7725
     304.500       13981.6934
     305.000       13853.5566
     305.500       13978.6709
     306.000       13972.8643
     306.500       13721.3594
     307.000       13776.8643
     307.500       14021.5312
     308.000       14187.0654
     308.500       14041.2979
     309.000       14052.2861
     309.500       13874.3125
     310.000       14026.7246
     310.500       13907.5410
     311.000       14030.5742
     311.500       13933.6445
     312.000       14045.8145
     312.500       13972.6699
     313.000       13908.6309
     313.500       13796.6797
     314.000       13934.0723
     314.500       13999.5215
     315.000       14058.5488
     315.500       13984.7695
     316.000       13912.2266
     316.500       14003.6650
     317.000       14009.4727
     317.500       13776.2871
     318.000       13840.3691
     318.500       13889.5576
     319.000       14098.6846
     319.500       13837.1660
     320.000       13980.5645
     320.500       13835.7012
     321.000       13754.6562
     321.500       14072.4902
     322.000       14092.0156
     322.500       13937.3789
     323.000       13935.1396
     323.500       14124.6846
     324.000       14001.6787
     324.500       13846.2031
     325.000       13865.4014
     325.500       14018.2588
     326.000       13963.0840
     326.500       13969.4014
     327.000       13912.5039
     327.500       13969.6035
     328.000       13990.3672
     328.500       13991.1895
     329.000       13906.3115
     329.500       13958.7598
     330.000       13921.8701
     330.500       14140.0645
     331.000       13874.1836
     331.500       13888.8936
     332.000       13942.6875
     332.500       13965.0215
     333.000       14045.4678
     333.500       13910.2900
     334.000       13805.7559
     334.500       13942.6797
     335.000       13833.6562
     335.500       13833.5312
     336.000       14025.4375
     336.500       13892.1650
     337.000       14058.0215
     337.500       13963.9941
     338.000       14039.3164
     338.500       14075.1318
     339.000       13916.7676
     339.500       13881.6416
     340.000       14055.0225
     340.500       13969.1777
     341.000       13916.3066
     341.500       14145.1201
     342.000       13889.9521
     342.500       14055.5615
     343.000       13925.3662
     343.500       13946.2451
     344.000       13995.9971
     344.500       14028.6553
     345.000       13880.6650
     345.500       13895.7266
     346.000       13918.2012
     346.500       13950.3672
     347.000       14038.5781
     347.500       13890.9678
     348.000       14011.8457
     348.500       13982.7998
     349.000       13902.3809
     349.500       13963.1152
     350.000       14008.9922
     350.500       13862.1006
     351.000       13974.5977
     351.500       13753.1592
     352.000       13815.8779
     352.500       13844.3662
     353.000       14087.3896
     353.500       13925.0771
     354.000       13895.6318
     354.500       13904.3271
     355.000       13987.9482
     355.500       14026.1836
     356.000       14006.9268
     356.500       13934.1709
     357.000       13992.7285
     357.500       14098.1416
     358.000       13824.4951
     358.500       13924.8799
     359.000       14029.6113
     359.500       13916.6934
     360.000       14043.8604
     360.500       13852.7363
     361.000       13996.5801
     361.500       14068.8398
     362.000       13984.2334
     362.500       13927.0723
     363.000       13945.6875
     363.500       13895.9346
     364.000       14037.8008
     364.500       13871.9629
     365.000       14032.4609
     365.500       13914.7656
     366.000       13866.7031
     366.500       13958.6221
     367.000       13962.2998
     367.500       14004.0840
     368.000       13930.3203
     368.500       14093.0879
     369.000       13776.6387
     369.500       14063.5654
     370.000       13884.5742
     370.500       14036.6260
     371.000       14043.4395
     371.500       14009.3955
     372.000       13927.2305
     372.500       13973.1016
     373.000       13802.7549
     373.500       13892.2256
     374.000       13995.1436
     374.500       13968.5664
     375.000       13932.8311
     375.500       14127.2500
     376.000       13956.6328
     376.500       13927.8477
     377.000       13914.5273
     377.500       13934.3496
     378.000       14089.7207
     378.500       13913.3467
     379.000       13922.2822
     379.500       13978.1553
     380.000       13990.8184
     380.500       13908.5771
     381.000       13850.0088
     381.500       14003.1943
     382.000       13865.3564
     382.500       13880.0605
     383.000       13926.6895
     383.500       13934.6406
     384.000       14013.3652
     384.500       14138.8691
     385.000       14024.0488
     385.500       13889.2305
     386.000       13954.8818
     386.500       13966.3838
     387.000       14013.2910
     387.500       14131.7002
     388.000       13837.7930
     388.500       14009.4678
     389.000       13820.1064
     389.500       13881.3428
     390.000       13951.2725
     390.500       13880.5859
     391.000       13982.7305
     391.500       13987.1992
     392.000       14004.5322
     392.500       13848.7109
     393.000       13860.0586
     393.500       13863.4092
     394.000       13903.1621
     394.500       13978.8447
     395.000       14033.8809
     395.500       13944.5420
     396.000       13959.6221
     396.500       14115.1055
     397.000       13954.7061
     397.500       13905.4590
     398.000       13866.3789
     398.500       13957.6152
     399.000       14015.9492
     399.500       14047.6016
     400.000       14065.4990
