       0.000     -135860.4020
       0.500      -97100.3597
       1.000      -97377.2220
       1.500      -97518.8551
       2.000      -97586.6638
       2.500      -97592.3753
       3.000      -97573.4015
       3.500      -97545.2303
       4.000      -97485.9714
       4.500      -97435.8219
       5.000      -97355.0547
       5.500      -97324.9267
       6.000      -97247.6575
       6.500      -97159.1617
       7.000      -97078.5760
       7.500      -97006.2575
       8.000      -96913.8679
       8.500      -96822.7959
       9.000      -96755.4454
       9.500      -96663.4285
      10.000      -96589.4800
      10.500      -96526.5747
      11.000      -96433.5684
      11.500      -96357.0385
      12.000      -96237.0597
      12.500      -96219.2015
      13.000      -96152.4739
      13.500      -96048.0856
      14.000      -95947.2949
      14.500      -95842.0380
      15.000      -95749.3890
      15.500      -95691.0194
      16.000      -95612.9158
      16.500      -95587.0903
      17.000      -95464.5380
      17.500      -95424.1430
      18.000      -95342.0097
      18.500      -95237.0229
      19.000      -95121.0369
      19.500      -95024.9305
      20.000      -94989.6956
      20.500      -94899.9163
      21.000      -94904.6835
      21.500      -94869.6353
      22.000      -94843.5200
      22.500      -94801.5799
      23.000      -94749.2743
      23.500      -94732.5336
      24.000      -94705.0884
      24.500      -94637.9084
      25.000      -94595.8641
      25.500      -94525.9101
      26.000      -94617.5788
      26.500      -94495.1089
      27.000      -94469.9894
      27.500      -94424.7527
      28.000      -94406.4515
      28.500      -94418.0074
      29.000      -94388.3453
      29.500      -94281.8448
      30.000      -94250.6654
      30.500      -94257.6021
      31.000      -94170.1592
      31.500      -94166.5928
      32.000      -94118.8690
      32.500      -94099.1112
      33.000      -94014.8066
      33.500      -94044.5726
      34.000      -93900.2167
      34.500      -93893.4008
      35.000      -93864.3599
      35.500      -93845.2258
      36.000      -93787.9489
      36.500      -93735.0805
      37.000      -93683.5278
      37.500      -93611.7787
      38.000      -93515.0650
      38.500      -93563.1971
      39.000      -93511.1697
      39.500      -93384.1192
      40.000      -93440.0190
      40.500      -93249.8894
      41.000      -93258.9689
      41.500      -93276.3235
      42.000      -93151.4082
      42.500      -93275.1769
      43.000      -93137.0406
      43.500      -93052.7031
      44.000      -93030.7154
      44.500      -92917.7769
      45.000      -92888.2483
      45.500      -92778.3871
      46.000      -92850.4077
      46.500      -92752.7434
      47.000      -92737.8834
      47.500      -92648.2289
      48.000      -92600.2827
      48.500      -92570.1362
      49.000      -92497.9203
      49.500      -92467.7733
      50.000      -92381.9542
      50.500      -92389.6035
      51.000      -92299.8709
      51.500      -92157.0879
      52.000      -92160.2096
      52.500      -92162.0839
      53.000      -92062.6810
      53.500      -91955.2217
      54.000      -91869.5174
      54.500      -91910.2462
      55.000      -91815.9812
      55.500      -91870.4268
      56.000      -91757.8442
      56.500      -91693.8293
      57.000      -91763.7647
      57.500      -91551.7543
      58.000      -91539.1473
      58.500      -91437.1389
      59.000      -91453.6784
      59.500      -91451.9510
      60.000      -91202.8479
      60.500      -91238.6371
      61.000      -91285.2768
      61.500      -91122.0138
      62.000      -91141.9794
      62.500      -91212.6994
      63.000      -91179.7053
      63.500      -91097.0974
      64.000      -91219.1831
      64.500      -91164.2622
      65.000      -91031.8328
      65.500      -91130.2761
      66.000      -90881.0331
      66.500      -91003.4770
      67.000      -90851.4333
      67.500      -90912.3663
      68.000      -90896.1364
      68.500      -90904.5742
      69.000      -90723.6095
      69.500      -90933.8824
      70.000      -90789.6226
      70.500      -90899.0218
      71.000      -90699.5096
      71.500      -90761.0520
      72.000      -90794.2305
      72.500      -90754.6006
      73.000      -90769.1976
      73.500      -90717.8735
      74.000      -90555.9097
      74.500      -90617.4012
      75.000      -90579.5947
      75.500      -90566.8949
      76.000      -90479.0074
      76.500      -90473.8804
      77.000      -90460.2918
      77.500      -90363.6677
      78.000      -90498.6583
      78.500      -90327.5965
      79.000      -90469.6559
      79.500      -90260.8808
      80.000      -90293.5045
      80.500      -90297.1498
      81.000      -90301.5307
      81.500      -90299.0331
      82.000      -90122.0236
      82.500      -90085.4224
      83.000      -90087.5506
      83.500      -90134.2071
      84.000      -90042.7453
      84.500      -90018.4598
      85.000      -90090.2876
      85.500      -89880.9436
      86.000      -89920.7248
      86.500      -89823.7813
      87.000      -89953.7529
      87.500      -89741.0631
      88.000      -89786.7607
      88.500      -89812.7835
      89.000      -89745.3851
      89.500      -89554.7572
      90.000      -89553.5825
      90.500      -89715.3570
      91.000      -89615.0111
      91.500      -89507.6926
      92.000      -89389.1467
      92.500      -89498.2583
      93.000      -89316.7086
      93.500      -89329.4154
      94.000      -89305.8135
      94.500      -89326.3032
      95.000      -89209.0992
      95.500      -89272.4768
      96.000      -89019.0430
      96.500      -89123.1426
      97.000      -89175.6176
      97.500      -89028.5946
      98.000      -88916.0023
      98.500      -88915.9434
      99.000      -88996.5594
      99.500      -88878.6814
     100.000      -88727.1768
     100.500      -88882.9268
     101.000      -88670.2713
     101.500      -88622.0884
     102.000      -88723.5467
     102.500      -88639.3466
     103.000      -88563.5252
     103.500      -88552.0155
     104.000      -88532.9458
     104.500      -88501.4537
     105.000      -88461.5629
     105.500      -88275.9925
     106.000      -88336.1026
     106.500      -88371.0503
     107.000      -88330.6522
     107.500      -87964.8977
     108.000      -88145.9494
     108.500      -88036.2872
     109.000      -88089.4517
     109.500      -88065.0719
     110.000      -87924.4820
     110.500      -87933.9755
     111.000      -87741.5975
     111.500      -87825.2851
     112.000      -87665.9512
     112.500      -87635.0396
     113.000      -87647.1947
     113.500      -87616.5136
     114.000      -87571.3180
     114.500      -87469.0809
     115.000      -87456.7564
     115.500      -87185.1459
     116.000      -87222.1957
     116.500      -87351.4251
     117.000      -87123.0453
     117.500      -87138.5231
     118.000      -87047.8849
     118.500      -86849.6205
     119.000      -86784.7872
     119.500      -86681.9058
     120.000      -86618.0231
     120.500      -86647.3488
     121.000      -86456.1643
     121.500      -86420.2282
     122.000      -86502.1661
     122.500      -86500.9208
     123.000      -86453.0252
     123.500      -86250.3264
     124.000      -86317.8528
     124.500      -86184.5845
     125.000      -85996.3782
     125.500      -85813.9152
     126.000      -85965.8170
     126.500      -86071.9361
     127.000      -85929.1009
     127.500      -85957.3321
     128.000      -85596.6298
     128.500      -85667.1194
     129.000      -85450.3161
     129.500      -85554.0572
     130.000      -85440.7657
     130.500      -85419.7750
     131.000      -85204.2910
     131.500      -85248.3433
     132.000      -85353.7967
     132.500      -85122.3132
     133.000      -84820.0167
     133.500      -84837.4587
     134.000      -84927.3175
     134.500      -84660.2832
     135.000      -84737.7051
     135.500      -84515.2397
     136.000      -84599.0028
     136.500      -84332.0689
     137.000      -84121.9840
     137.500      -84170.1087
     138.000      -84032.5454
     138.500      -84139.2454
     139.000      -83870.7833
     139.500      -83783.4190
     140.000      -83801.1602
     140.500      -83445.0474
     141.000      -83549.8206
     141.500      -83594.1717
     142.000      -83650.3278
     142.500      -83329.8786
     143.000      -83356.6895
     143.500      -83501.0607
     144.000      -83343.2230
     144.500      -83463.9607
     145.000      -83438.7583
     145.500      -83337.4320
     146.000      -83324.1304
     146.500      -83142.9023
     147.000      -83185.3871
     147.500      -83397.0378
     148.000      -83473.7119
     148.500      -83359.0121
     149.000      -83308.0137
     149.500      -83373.3632
     150.000      -83345.8878
     150.500      -83443.3310
     151.000      -83441.1797
     151.500      -83284.7955
     152.000      -83443.8799
     152.500      -83164.7468
     153.000      -83258.2430
     153.500      -82900.1867
     154.000      -82891.2173
     154.500      -83309.9448
     155.000      -83255.7148
     155.500      -83414.7876
     156.000      -83164.2002
     156.500      -83276.2285
     157.000      -83084.5242
     157.500      -83098.1888
     158.000      -83092.1331
     158.500      -82855.9672
     159.000      -82906.4563
     159.500      -83083.6157
     160.000      -82996.2007
     160.500      -82948.5073
     161.000      -83016.2829
     161.500      -82740.5470
     162.000      -82903.1584
     162.500      -83045.2787
     163.000      -83001.9570
     163.500      -82985.4500
     164.000      -82967.2998
     164.500      -83123.7031
     165.000      -83077.1049
     165.500      -82993.6755
     166.000      -82977.3823
     166.500      -83162.8219
     167.000      -82755.6035
     167.500      -83099.1533
     168.000      -83039.5289
     168.500      -83031.8645
     169.000      -83252.0746
     169.500      -83239.2683
     170.000      -82923.4746
     170.500      -83240.8079
     171.000      -83030.9755
     171.500      -83074.7959
     172.000      -83250.9393
     172.500      -83290.1435
     173.000      -83187.6947
     173.500      -83237.6253
     174.000      -83145.1456
     174.500      -83270.3580
     175.000      -83390.7654
     175.500      -83345.3316
     176.000      -83468.0788
     176.500      -83279.7513
     177.000      -83291.2240
     177.500      -83301.5498
     178.000      -83256.7631
     178.500      -83145.7444
     179.000      -83317.2968
     179.500      -83343.3185
     180.000      -83316.4633
     180.500      -83351.6458
     181.000      -83321.2101
     181.500      -83320.6058
     182.000      -83277.9665
     182.500      -83356.0227
     183.000      -83179.3420
     183.500      -83247.3058
     184.000      -83357.1506
     184.500      -83330.3401
     185.000      -83130.8595
     185.500      -82950.3530
     186.000      -83335.8395
     186.500      -83109.4970
     187.000      -83328.0819
     187.500      -83215.4043
     188.000      -83280.0193
     188.500      -83254.2056
     189.000      -83218.3986
     189.500      -83200.0571
     190.000      -83234.3267
     190.500      -83211.4468
     191.000      -83449.6712
     191.500      -83455.1691
     192.000      -83307.0695
     192.500      -83115.9784
     193.000      -83289.2253
     193.500      -83087.8202
     194.000      -83122.3436
     194.500      -83391.4044
     195.000      -83146.7711
     195.500      -83092.2246
     196.000      -83195.8870
     196.500      -83227.2967
     197.000      -83170.5751
     197.500      -83063.9507
     198.000      -82957.7653
     198.500      -83013.0443
     199.000      -83172.9300
     199.500      -83171.1407
     200.000      -83238.2319
     200.500      -83167.2294
     201.000      -83142.0670
     201.500      -82899.0398
     202.000      -83035.0193
     202.500      -83258.5927
     203.000      -82985.8661
     203.500      -83029.0665
     204.000      -83364.1092
     204.500      -83253.9767
     205.000      -83410.5708
     205.500      -83033.4917
     206.000      -83031.0528
     206.500      -83323.4135
     207.000      -83195.2165
     207.500      -82999.3771
     208.000      -83097.1789
     208.500      -83086.8062
     209.000      -83119.4686
     209.500      -83201.5943
     210.000      -83347.8138
     210.500      -83176.5664
     211.000      -83278.3811
     211.500      -83054.4372
     212.000      -83206.7137
     212.500      -83248.3995
     213.000      -83354.1974
     213.500      -83295.3012
     214.000      -83659.9423
     214.500      -83364.7469
     215.000      -83503.9282
     215.500      -83346.5939
     216.000      -83360.0182
     216.500      -83441.6660
     217.000      -83457.1293
     217.500      -83375.0545
     218.000      -83285.0794
     218.500      -83560.1646
     219.000      -83439.9139
     219.500      -83462.8183
     220.000      -83369.4716
     220.500      -83472.6707
     221.000      -83382.3360
     221.500      -83538.7186
     222.000      -83430.4479
     222.500      -83547.6225
     223.000      -83567.5804
     223.500      -83459.9100
     224.000      -83548.0628
     224.500      -83448.6367
     225.000      -83475.9257
     225.500      -83399.9275
     226.000      -83134.4627
     226.500      -83401.5819
     227.000      -83361.6882
     227.500      -83381.9762
     228.000      -83266.2874
     228.500      -83277.2762
     229.000      -83292.2343
     229.500      -83467.1863
     230.000      -83465.6459
     230.500      -83270.2123
     231.000      -83370.9504
     231.500      -83461.4790
     232.000      -83171.7908
     232.500      -83158.2440
     233.000      -83372.8087
     233.500      -83484.8446
     234.000      -83344.9531
     234.500      -83560.5952
     235.000      -83436.4667
     235.500      -83466.7986
     236.000      -83488.1861
     236.500      -83528.7186
     237.000      -83528.7857
     237.500      -83366.5116
     238.000      -83492.7555
     238.500      -83485.8692
     239.000      -83502.2070
     239.500      -83476.5276
     240.000      -83542.7928
     240.500      -83603.0870
     241.000      -83395.4369
     241.500      -83407.8771
     242.000      -83277.9177
     242.500      -83604.1321
     243.000      -83483.7467
     243.500      -83618.8624
     244.000      -83739.4443
     244.500      -83561.4879
     245.000      -83551.7502
     245.500      -83498.0449
     246.000      -83598.1890
     246.500      -83678.8386
     247.000      -83583.5902
     247.500      -83557.0419
     248.000      -83549.6994
     248.500      -83527.6295
     249.000      -83496.8624
     249.500      -83399.0955
     250.000      -83513.3072
     250.500      -83450.6383
     251.000      -83426.7165
     251.500      -83504.4408
     252.000      -83458.5181
     252.500      -83563.1039
     253.000      -83341.8820
     253.500      -83523.9089
     254.000      -83316.2771
     254.500      -83447.6628
     255.000      -83417.2589
     255.500      -83463.9914
     256.000      -83541.5727
     256.500      -83505.0922
     257.000      -83664.8128
     257.500      -83575.5049
     258.000      -83641.3942
     258.500      -83401.0038
     259.000      -83873.3007
     259.500      -83684.8522
     260.000      -83712.3035
     260.500      -83543.5065
     261.000      -83643.6133
     261.500      -83488.4811
     262.000      -83460.7146
     262.500      -83451.4081
     263.000      -83401.1660
     263.500      -83639.2720
     264.000      -83595.0340
     264.500      -83486.4310
     265.000      -83842.2948
     265.500      -83550.7236
     266.000      -83543.0457
     266.500      -83622.2762
     267.000      -83537.7741
     267.500      -83431.1143
     268.000      -83512.3770
     268.500      -83529.8253
     269.000      -83675.2148
     269.500      -83636.4003
     270.000      -83545.6691
     270.500      -83648.9510
     271.000      -83753.3257
     271.500      -83786.9544
     272.000      -83805.0194
     272.500      -83763.7008
     273.000      -83559.2388
     273.500      -83491.1357
     274.000      -83616.7156
     274.500      -83649.2011
     275.000      -83593.9026
     275.500      -83533.8657
     276.000      -83657.0911
     276.500      -83584.0044
     277.000      -83748.0608
     277.500      -83677.4963
     278.000      -83567.1827
     278.500      -83578.5235
     279.000      -83517.3716
     279.500      -83655.1277
     280.000      -83699.6103
     280.500      -83596.9703
     281.000      -83650.6591
     281.500      -83632.4716
     282.000      -83699.9179
     282.500      -83660.8636
     283.000      -83676.1148
     283.500      -83573.3087
     284.000      -83671.9302
     284.500      -83692.5277
     285.000      -84056.2208
     285.500      -83988.1622
     286.000      -83801.7202
     286.500      -83820.7376
     287.000      -83576.4822
     287.500      -83874.7132
     288.000      -83697.5403
     288.500      -83542.4116
     289.000      -83656.4868
     289.500      -83754.8765
     290.000      -83630.9732
     290.500      -83988.9885
     291.000      -83854.2100
     291.500      -83874.0427
     292.000      -83833.3122
     292.500      -83731.6255
     293.000      -83854.2790
     293.500      -83675.3142
     294.000      -83934.0139
     294.500      -83795.4631
     295.000      -83829.5374
     295.500      -83797.5234
     296.000      -83796.0194
     296.500      -83728.6986
     297.000      -83688.5518
     297.500      -83593.4151
     298.000      -83536.8733
     298.500      -83656.5330
     299.000      -83792.0084
     299.500      -83770.1878
     300.000      -83848.3852
     300.500      -83852.4599
     301.000      -83798.6731
     301.500      -83705.0901
     302.000      -83719.2572
     302.500      -83799.4633
     303.000      -83716.2245
     303.500      -83839.9437
     304.000      -83827.2533
     304.500      -83757.8171
     305.000      -83795.7127
     305.500      -83993.0974
     306.000      -83877.6145
     306.500      -83911.9524
     307.000      -83751.5647
     307.500      -83890.9602
     308.000      -83745.9494
     308.500      -83628.1810
     309.000      -83785.0826
     309.500      -83653.5379
     310.000      -83600.8916
     310.500      -83701.4007
     311.000      -83749.4376
     311.500      -83921.8016
     312.000      -84058.3195
     312.500      -83718.4041
     313.000      -83714.8842
     313.500      -83694.0568
     314.000      -83660.7651
     314.500      -84046.6068
     315.000      -83789.8515
     315.500      -83708.3762
     316.000      -83645.2080
     316.500      -83769.2470
     317.000      -83927.8578
     317.500      -83678.9809
     318.000      -83696.1717
     318.500      -83709.6402
     319.000      -83819.5509
     319.500      -83913.7181
     320.000      -83954.1725
     320.500      -83823.7786
     321.000      -83724.1292
     321.500      -83890.8107
     322.000      -83842.9752
     322.500      -83719.7418
     323.000      -83902.0325
     323.500      -83886.4817
     324.000      -83812.9402
     324.500      -83827.1913
     325.000      -83861.9845
     325.500      -83895.1739
     326.000      -83689.0138
     326.500      -83649.4961
     327.000      -83604.3059
     327.500      -83565.6026
     328.000      -83828.7371
     328.500      -83830.1590
     329.000      -83973.9371
     329.500      -83775.2119
     330.000      -84003.4499
     330.500      -83792.9568
     331.000      -83681.6576
     331.500      -83934.3866
     332.000      -83965.4897
     332.500      -83902.0564
     333.000      -83938.1357
     333.500      -83974.1643
     334.000      -83822.7397
     334.500      -84208.0681
     335.000      -84251.0810
     335.500      -84041.4519
     336.000      -83985.9121
     336.500      -83808.3410
     337.000      -84025.9119
     337.500      -83978.8175
     338.000      -83992.8939
     338.500      -83789.0350
     339.000      -83958.1218
     339.500      -83711.3722
     340.000      -83795.3541
     340.500      -83761.8936
     341.000      -83860.9510
     341.500      -83844.9817
     342.000      -83820.3028
     342.500      -83822.3776
     343.000      -83992.7703
     343.500      -83894.3396
     344.000      -84006.2825
     344.500      -83944.0186
     345.000      -84044.3734
     345.500      -83996.7048
     346.000      -84261.5607
     346.500      -84201.5938
     347.000      -84133.8031
     347.500      -84102.8931
     348.000      -83999.7654
     348.500      -84104.7858
     349.000      -83823.5824
     349.500      -84014.9935
     350.000      -83942.2314
     350.500      -83897.6478
     351.000      -83822.5428
     351.500      -83752.3197
     352.000      -83689.5008
     352.500      -83938.9875
     353.000      -83673.2449
     353.500      -83872.9715
     354.000      -83689.0048
     354.500      -83862.9704
     355.000      -84023.0628
     355.500      -83919.6140
     356.000      -83831.8144
     356.500      -84203.0637
     357.000      -84212.6495
     357.500      -84053.7749
     358.000      -84211.1299
     358.500      -84165.2540
     359.000      -84020.5137
     359.500      -84168.7354
     360.000      -84091.0369
     360.500      -84065.2499
     361.000      -84075.8454
     361.500      -83980.0639
     362.000      -83915.1155
     362.500      -83988.7999
     363.000      -84215.7290
     363.500      -84415.2600
     364.000      -84339.0082
     364.500      -84055.6089
     365.000      -84132.9158
     365.500      -83825.3191
     366.000      -83797.6280
     366.500      -83986.3864
     367.000      -84087.7878
     367.500      -84000.5925
     368.000      -84116.9726
     368.500      -83968.8719
     369.000      -84010.3776
     369.500      -83963.9398
     370.000      -84002.9182
     370.500      -84082.5067
     371.000      -83963.9663
     371.500      -83986.1517
     372.000      -83960.8567
     372.500      -83754.7774
     373.000      -84029.8583
     373.500      -83905.5254
     374.000      -83902.8761
     374.500      -83847.4173
     375.000      -83737.3397
     375.500      -84001.9165
     376.000      -84098.9117
     376.500      -83882.5920
     377.000      -84144.4659
     377.500      -84120.4531
     378.000      -84092.0379
     378.500      -84072.9694
     379.000      -84202.5528
     379.500      -84092.4124
     380.000      -84050.2508
     380.500      -84104.3096
     381.000      -84261.1987
     381.500      -84073.3142
     382.000      -84051.1644
     382.500      -84056.0459
     383.000      -83898.5005
     383.500      -83809.5169
     384.000      -83854.5002
     384.500      -84022.4194
     385.000      -84034.5253
     385.500      -83937.0793
     386.000      -84086.4842
     386.500      -84103.5050
     387.000      -84138.9094
     387.500      -84102.7867
     388.000      -84158.0638
     388.500      -84073.9262
     389.000      -84030.5958
     389.500      -83934.5031
     390.000      -83898.9521
     390.500      -83921.3024
     391.000      -84063.3761
     391.500      -84072.8544
     392.000      -84109.2187
     392.500      -84078.4442
     393.000      -83957.5253
     393.500      -84125.2366
     394.000      -84239.2478
     394.500      -84274.3119
     395.000      -84141.7969
     395.500      -84083.2865
     396.000      -84158.8883
     396.500      -83968.2462
     397.000      -84012.7740
     397.500      -83786.1867
     398.000      -83894.0859
     398.500      -83952.0512
     399.000      -84059.5973
     399.500      -83985.8540
     400.000      -83676.1737
