       0.000     -135860.4020
       0.500      -96932.9625
       1.000      -97140.3956
       1.500      -97177.9771
       2.000      -97139.5075
       2.500      -97034.4984
       3.000      -96901.2501
       3.500      -96755.8068
       4.000      -96587.7950
       4.500      -96434.4657
       5.000      -96229.5200
       5.500      -96080.5881
       6.000      -95894.2125
       6.500      -95684.2733
       7.000      -95483.7171
       7.500      -95324.4282
       8.000      -95102.0807
       8.500      -94903.7546
       9.000      -94754.8573
       9.500      -94491.4124
      10.000      -94316.1712
      10.500      -94107.6528
      11.000      -93933.2024
      11.500      -93761.1344
      12.000      -93519.6955
      12.500      -93358.7740
      13.000      -93172.9895
      13.500      -92951.7646
      14.000      -92757.1694
      14.500      -92545.1107
      15.000      -92327.0643
      15.500      -92166.8998
      16.000      -91977.2141
      16.500      -91840.3129
      17.000      -91623.6005
      17.500      -91472.8988
      18.000      -91207.7933
      18.500      -91036.3022
      19.000      -90769.3533
      19.500      -90552.0965
      20.000      -90396.1263
      20.500      -90304.9349
      21.000      -90213.5062
      21.500      -90095.2642
      22.000      -90037.6020
      22.500      -89908.7664
      23.000      -89846.2274
      23.500      -89735.3793
      24.000      -89730.7988
      24.500      -89615.2985
      25.000      -89438.9554
      25.500      -89341.8637
      26.000      -89375.8298
      26.500      -89180.1573
      27.000      -89103.9308
      27.500      -88997.9221
      28.000      -88951.8915
      28.500      -88789.4019
      29.000      -88771.0753
      29.500      -88593.5377
      30.000      -88634.9071
      30.500      -88466.4781
      31.000      -88299.9644
      31.500      -88240.0723
      32.000      -88214.3045
      32.500      -88125.7846
      33.000      -87967.1455
      33.500      -87943.3006
      34.000      -87710.8256
      34.500      -87632.6220
      35.000      -87619.7491
      35.500      -87493.8015
      36.000      -87414.4176
      36.500      -87272.3261
      37.000      -87053.6089
      37.500      -87033.6449
      38.000      -86900.2833
      38.500      -86881.6336
      39.000      -86662.6365
      39.500      -86612.9688
      40.000      -86600.9335
      40.500      -86353.1696
      41.000      -86310.3229
      41.500      -86203.7425
      42.000      -86097.2925
      42.500      -86187.3839
      43.000      -85944.4957
      43.500      -85767.7944
      44.000      -85745.3511
      44.500      -85507.6265
      45.000      -85448.5755
      45.500      -85274.0839
      46.000      -85310.7504
      46.500      -85142.6941
      47.000      -85079.5597
      47.500      -84872.6410
      48.000      -84911.0898
      48.500      -84772.7744
      49.000      -84673.2694
      49.500      -84596.0701
      50.000      -84390.6700
      50.500      -84345.9112
      51.000      -84160.8431
      51.500      -83940.3262
      52.000      -83921.6178
      52.500      -83814.9667
      53.000      -83698.7787
      53.500      -83602.9814
      54.000      -83431.9207
      54.500      -83385.0275
      55.000      -83214.6296
      55.500      -83262.2813
      56.000      -83099.9106
      56.500      -83062.2561
      57.000      -82925.5811
      57.500      -82584.1010
      58.000      -82630.4481
      58.500      -82507.8323
      59.000      -82473.8630
      59.500      -82387.7430
      60.000      -82028.0803
      60.500      -82120.6381
      61.000      -82081.7739
      61.500      -81869.5304
      62.000      -81815.5897
      62.500      -81879.3771
      63.000      -81874.1438
      63.500      -81765.4206
      64.000      -81823.4566
      64.500      -81758.5444
      65.000      -81647.0496
      65.500      -81652.9031
      66.000      -81376.4354
      66.500      -81316.4272
      67.000      -81394.2087
      67.500      -81394.0997
      68.000      -81302.0837
      68.500      -81322.8769
      69.000      -81076.9777
      69.500      -81262.6763
      70.000      -80992.5845
      70.500      -81150.2562
      71.000      -80992.9734
      71.500      -80894.8929
      72.000      -81028.9121
      72.500      -80941.7578
      73.000      -80745.7846
      73.500      -80815.5415
      74.000      -80674.6177
      74.500      -80651.7176
      75.000      -80663.5497
      75.500      -80511.0540
      76.000      -80355.8414
      76.500      -80403.9078
      77.000      -80428.8054
      77.500      -80255.5759
      78.000      -80254.4249
      78.500      -80116.6571
      79.000      -80153.7897
      79.500      -79959.7314
      80.000      -79937.9537
      80.500      -79955.5570
      81.000      -80013.5971
      81.500      -79987.4911
      82.000      -79679.3478
      82.500      -79690.7799
      83.000      -79604.0291
      83.500      -79589.4249
      84.000      -79500.2560
      84.500      -79409.2704
      85.000      -79461.1060
      85.500      -79254.9222
      86.000      -79290.3528
      86.500      -79005.8506
      87.000      -79202.1660
      87.500      -79062.5797
      88.000      -79118.8896
      88.500      -79004.3997
      89.000      -78974.4349
      89.500      -78701.6761
      90.000      -78663.7261
      90.500      -78856.8804
      91.000      -78556.4144
      91.500      -78666.7483
      92.000      -78559.2414
      92.500      -78606.4429
      93.000      -78116.3326
      93.500      -78269.6293
      94.000      -78153.5303
      94.500      -78231.3755
      95.000      -78185.5015
      95.500      -78102.1594
      96.000      -77756.6211
      96.500      -77835.3721
      97.000      -77961.5786
      97.500      -77650.4530
      98.000      -77701.7855
      98.500      -77522.6953
      99.000      -77559.3875
      99.500      -77469.5105
     100.000      -77416.7451
     100.500      -77537.9609
     101.000      -77248.3895
     101.500      -77152.6587
     102.000      -77233.5877
     102.500      -77063.5683
     103.000      -77030.8416
     103.500      -76883.3124
     104.000      -76895.9272
     104.500      -76809.8844
     105.000      -76665.5990
     105.500      -76514.6830
     106.000      -76428.4590
     106.500      -76688.2203
     107.000      -76392.8973
     107.500      -76020.5344
     108.000      -76209.3517
     108.500      -76250.5850
     109.000      -76326.2955
     109.500      -76131.8444
     110.000      -75950.9547
     110.500      -75914.3934
     111.000      -75716.1434
     111.500      -75762.7851
     112.000      -75390.0880
     112.500      -75518.7359
     113.000      -75412.0443
     113.500      -75487.1709
     114.000      -75307.9411
     114.500      -75216.7986
     115.000      -74983.4244
     115.500      -74909.3041
     116.000      -74747.8315
     116.500      -74915.4329
     117.000      -74826.6332
     117.500      -74537.1247
     118.000      -74669.7687
     118.500      -74460.5053
     119.000      -74332.9434
     119.500      -74136.3101
     120.000      -74160.0426
     120.500      -74028.3039
     121.000      -73839.4104
     121.500      -73757.1286
     122.000      -73830.6554
     122.500      -73762.0058
     123.000      -73752.1395
     123.500      -73411.2834
     124.000      -73459.4807
     124.500      -73360.4205
     125.000      -73075.6360
     125.500      -73019.5695
     126.000      -73036.1549
     126.500      -73192.3345
     127.000      -73112.2211
     127.500      -73088.4932
     128.000      -72701.6073
     128.500      -72626.5227
     129.000      -72409.7488
     129.500      -72368.8082
     130.000      -72272.0313
     130.500      -72153.9088
     131.000      -72048.0381
     131.500      -72225.5572
     132.000      -71887.5545
     132.500      -71911.9479
     133.000      -71597.4542
     133.500      -71307.4987
     134.000      -71530.1750
     134.500      -71171.6543
     135.000      -71311.6543
     135.500      -70980.2612
     136.000      -71167.0867
     136.500      -70670.5806
     137.000      -70532.9733
     137.500      -70663.0560
     138.000      -70423.6186
     138.500      -70510.4436
     139.000      -70223.8351
     139.500      -69994.9855
     140.000      -70013.0704
     140.500      -69547.9361
     141.000      -69649.2259
     141.500      -69793.2019
     142.000      -69903.1735
     142.500      -69572.6267
     143.000      -69698.9971
     143.500      -69537.1603
     144.000      -69628.1615
     144.500      -69782.7527
     145.000      -69719.5434
     145.500      -69511.2865
     146.000      -69397.5015
     146.500      -69448.0995
     147.000      -69605.1673
     147.500      -69640.2057
     148.000      -69765.9336
     148.500      -69870.2142
     149.000      -69453.0674
     149.500      -69579.1893
     150.000      -69578.3077
     150.500      -69627.1317
     151.000      -69504.4727
     151.500      -69679.8619
     152.000      -69654.1221
     152.500      -69437.1843
     153.000      -69612.6131
     153.500      -69010.6047
     154.000      -69077.7642
     154.500      -69528.4663
     155.000      -69529.4511
     155.500      -69745.9438
     156.000      -69457.9902
     156.500      -69717.0967
     157.000      -69292.8914
     157.500      -69395.9613
     158.000      -69430.5432
     158.500      -69257.6059
     159.000      -69148.1711
     159.500      -69284.0913
     160.000      -69204.8980
     160.500      -69095.4213
     161.000      -69245.1901
     161.500      -68996.5148
     162.000      -69327.5197
     162.500      -69328.5815
     163.000      -69082.1465
     163.500      -69305.0486
     164.000      -69193.8076
     164.500      -69393.5898
     165.000      -69280.8344
     165.500      -69347.0779
     166.000      -69108.9761
     166.500      -69433.2731
     167.000      -68990.7128
     167.500      -69260.3007
     168.000      -69287.9918
     168.500      -69347.2268
     169.000      -69349.4017
     169.500      -69631.0671
     170.000      -69146.8554
     170.500      -69419.1321
     171.000      -69246.5839
     171.500      -69281.5420
     172.000      -69623.9911
     172.500      -69418.9258
     173.000      -69464.8480
     173.500      -69456.4700
     174.000      -69333.8497
     174.500      -69525.2428
     175.000      -69656.2117
     175.500      -69601.3619
     176.000      -69719.3561
     176.500      -69570.4583
     177.000      -69481.2973
     177.500      -69477.9423
     178.000      -69548.0131
     178.500      -69675.0647
     179.000      -69653.2352
     179.500      -69585.9289
     180.000      -69625.4341
     180.500      -69604.7239
     181.000      -69463.2834
     181.500      -69580.3206
     182.000      -69497.6081
     182.500      -69655.8050
     183.000      -69556.8976
     183.500      -69673.9035
     184.000      -69667.6681
     184.500      -69587.9348
     185.000      -69305.7765
     185.500      -69194.0405
     186.000      -69610.8864
     186.500      -69434.5341
     187.000      -69677.0878
     187.500      -69530.9668
     188.000      -69595.4979
     188.500      -69484.9566
     189.000      -69485.0148
     189.500      -69707.6040
     190.000      -69578.3511
     190.500      -69526.1597
     191.000      -69716.2737
     191.500      -69522.4240
     192.000      -69565.8810
     192.500      -69420.1493
     193.000      -69639.5017
     193.500      -69186.6230
     194.000      -69380.7948
     194.500      -69522.6134
     195.000      -69179.3512
     195.500      -69401.2441
     196.000      -69468.2825
     196.500      -69613.6385
     197.000      -69373.2197
     197.500      -69247.1684
     198.000      -69081.2878
     198.500      -69230.4183
     199.000      -69315.4192
     199.500      -69597.3849
     200.000      -69635.9409
     200.500      -69641.5165
     201.000      -69311.4391
     201.500      -69072.4509
     202.000      -69238.9998
     202.500      -69547.5927
     203.000      -69268.4286
     203.500      -69312.0001
     204.000      -69672.7713
     204.500      -69702.4748
     205.000      -69689.2114
     205.500      -69185.1899
     206.000      -69285.2832
     206.500      -69702.0669
     207.000      -69470.4040
     207.500      -69173.0089
     208.000      -69401.3743
     208.500      -69272.0660
     209.000      -69507.9217
     209.500      -69332.2046
     210.000      -69668.2854
     210.500      -69457.4356
     211.000      -69448.5090
     211.500      -69311.8825
     212.000      -69337.5662
     212.500      -69420.9454
     213.000      -69463.7589
     213.500      -69549.6343
     214.000      -69761.5858
     214.500      -69630.2645
     215.000      -69858.3950
     215.500      -69523.8019
     216.000      -69624.1022
     216.500      -69644.9004
     217.000      -69754.6010
     217.500      -69684.1707
     218.000      -69512.6741
     218.500      -69915.9272
     219.000      -69741.7625
     219.500      -69765.2274
     220.000      -69628.8515
     220.500      -69765.7860
     221.000      -69617.9473
     221.500      -69870.3534
     222.000      -69661.8620
     222.500      -69708.7212
     223.000      -69832.5316
     223.500      -69845.4569
     224.000      -69914.7727
     224.500      -69844.5224
     225.000      -69740.7421
     225.500      -69660.0877
     226.000      -69366.3065
     226.500      -69648.5155
     227.000      -69418.1833
     227.500      -69601.7536
     228.000      -69433.1068
     228.500      -69489.6248
     229.000      -69561.3534
     229.500      -69750.2068
     230.000      -69595.4057
     230.500      -69684.6781
     231.000      -69735.2580
     231.500      -69677.5376
     232.000      -69450.5994
     232.500      -69338.1004
     233.000      -69660.9317
     233.500      -69564.3388
     234.000      -69757.3252
     234.500      -69784.5415
     235.000      -69732.9130
     235.500      -69708.8680
     236.000      -69826.7467
     236.500      -69742.6434
     237.000      -69895.5914
     237.500      -69730.6336
     238.000      -69897.1881
     238.500      -69970.5216
     239.000      -69716.2607
     239.500      -69850.4231
     240.000      -69731.3407
     240.500      -69874.4239
     241.000      -69665.9515
     241.500      -69705.1808
     242.000      -69483.6091
     242.500      -69905.1439
     243.000      -69637.2604
     243.500      -69821.0225
     244.000      -69914.6025
     244.500      -69846.4157
     245.000      -69595.5217
     245.500      -69770.3565
     246.000      -69955.3374
     246.500      -69807.2898
     247.000      -69880.3275
     247.500      -69788.8348
     248.000      -69630.8341
     248.500      -69783.1412
     249.000      -69887.3438
     249.500      -69629.8250
     250.000      -69824.7506
     250.500      -69659.2867
     251.000      -69710.4294
     251.500      -69757.6517
     252.000      -69777.7056
     252.500      -69798.1879
     253.000      -69614.6701
     253.500      -69798.6423
     254.000      -69678.4773
     254.500      -69788.4988
     255.000      -69733.9669
     255.500      -69832.2834
     256.000      -69724.5073
     256.500      -69739.7514
     257.000      -69693.3499
     257.500      -69846.2002
     258.000      -69919.0436
     258.500      -69703.7851
     259.000      -70173.6298
     259.500      -69808.8424
     260.000      -69964.8543
     260.500      -69789.8102
     261.000      -69930.0499
     261.500      -69833.8376
     262.000      -69794.8591
     262.500      -69770.8847
     263.000      -69811.7519
     263.500      -69983.7437
     264.000      -69880.7683
     264.500      -69779.1879
     265.000      -70147.5506
     265.500      -69881.2949
     266.000      -69615.9647
     266.500      -69900.7215
     267.000      -69737.3649
     267.500      -69753.2227
     268.000      -69702.0323
     268.500      -69834.7794
     269.000      -69850.7880
     269.500      -70068.5194
     270.000      -69818.9074
     270.500      -69765.3494
     271.000      -70017.7632
     271.500      -69994.2180
     272.000      -70024.5722
     272.500      -70122.1755
     273.000      -69680.0943
     273.500      -69685.8505
     274.000      -69914.6180
     274.500      -69869.4706
     275.000      -69934.9905
     275.500      -69901.8765
     276.000      -69896.0208
     276.500      -69862.6196
     277.000      -70022.8039
     277.500      -70064.0158
     278.000      -69644.2784
     278.500      -69921.7491
     279.000      -69820.1373
     279.500      -69831.2166
     280.000      -70176.8144
     280.500      -69853.9859
     281.000      -69915.3046
     281.500      -69909.4599
     282.000      -70193.1884
     282.500      -69923.1028
     283.000      -69909.4596
     283.500      -69732.9786
     284.000      -69857.0835
     284.500      -69880.0472
     285.000      -70362.2813
     285.500      -70355.8282
     286.000      -70149.8853
     286.500      -70114.5081
     287.000      -69845.1404
     287.500      -70323.6683
     288.000      -69881.8362
     288.500      -69755.1830
     289.000      -69806.4273
     289.500      -69985.3980
     290.000      -69856.2954
     290.500      -70182.2531
     291.000      -70100.0498
     291.500      -70089.8660
     292.000      -70228.9255
     292.500      -70068.9488
     293.000      -70114.3307
     293.500      -69899.5202
     294.000      -70166.5217
     294.500      -69974.6184
     295.000      -69987.2073
     295.500      -69908.1445
     296.000      -69997.7265
     296.500      -70030.1928
     297.000      -70078.0313
     297.500      -69724.3556
     298.000      -69688.5501
     298.500      -69873.4656
     299.000      -70123.9694
     299.500      -69928.7689
     300.000      -70173.5620
     300.500      -70200.0058
     301.000      -69974.9876
     301.500      -70122.8196
     302.000      -69982.9750
     302.500      -70053.9711
     303.000      -69907.0790
     303.500      -70030.2054
     304.000      -70058.0579
     304.500      -69855.9109
     305.000      -70009.7704
     305.500      -70326.8054
     306.000      -70141.1321
     306.500      -70027.5393
     307.000      -70026.3724
     307.500      -70085.8079
     308.000      -70091.4172
     308.500      -69835.4925
     309.000      -70138.0347
     309.500      -69845.2586
     310.000      -69866.2753
     310.500      -69927.3685
     311.000      -70061.7687
     311.500      -70241.7117
     312.000      -70411.7550
     312.500      -69965.6258
     313.000      -69951.2416
     313.500      -69900.3361
     314.000      -69961.4770
     314.500      -70532.1498
     315.000      -69901.4414
     315.500      -69820.7492
     316.000      -69991.2129
     316.500      -70074.1816
     317.000      -70257.6927
     317.500      -69958.8803
     318.000      -70011.1239
     318.500      -69848.4771
     319.000      -70025.4923
     319.500      -70151.2073
     320.000      -70120.4713
     320.500      -70246.8636
     321.000      -70105.2922
     321.500      -70237.0558
     322.000      -70117.5679
     322.500      -69908.8990
     323.000      -70166.1985
     323.500      -70021.7268
     324.000      -70022.8074
     324.500      -70058.2529
     325.000      -70182.4464
     325.500      -70347.8175
     326.000      -69926.9562
     326.500      -69913.7198
     327.000      -69855.4709
     327.500      -69828.0626
     328.000      -70093.1063
     328.500      -70135.1219
     329.000      -70373.9488
     329.500      -70103.4941
     330.000      -70200.6384
     330.500      -70261.2019
     331.000      -69933.0424
     331.500      -70085.8348
     332.000      -70169.8833
     332.500      -70211.7468
     333.000      -70168.2079
     333.500      -70247.0598
     334.000      -69976.9321
     334.500      -70516.7516
     335.000      -70528.7509
     335.500      -70339.5485
     336.000      -70145.3662
     336.500      -69984.1447
     337.000      -70324.5155
     337.500      -70200.1671
     338.000      -70347.3968
     338.500      -70022.3485
     339.000      -70318.3162
     339.500      -69995.9416
     340.000      -70210.7769
     340.500      -69866.3301
     341.000      -70172.3778
     341.500      -70066.9749
     342.000      -70119.2882
     342.500      -70231.2399
     343.000      -70180.1014
     343.500      -70123.0554
     344.000      -70342.8675
     344.500      -70210.8419
     345.000      -70206.8969
     345.500      -70464.7262
     346.000      -70486.8449
     346.500      -70597.7813
     347.000      -70313.1087
     347.500      -70469.2926
     348.000      -70175.1815
     348.500      -70369.5553
     349.000      -70210.0013
     349.500      -70275.6927
     350.000      -70166.8086
     350.500      -69965.1126
     351.000      -70043.6190
     351.500      -70002.4964
     352.000      -69942.1990
     352.500      -70088.1916
     353.000      -69858.8836
     353.500      -70065.2743
     354.000      -69944.1181
     354.500      -70126.2829
     355.000      -70130.9242
     355.500      -69974.6003
     356.000      -70100.9960
     356.500      -70460.1750
     357.000      -70448.6192
     357.500      -70445.2368
     358.000      -70464.5362
     358.500      -70432.4737
     359.000      -70233.0879
     359.500      -70391.7296
     360.000      -70451.6590
     360.500      -70317.6933
     361.000      -70444.3766
     361.500      -70200.6205
     362.000      -70124.3245
     362.500      -70398.7941
     363.000      -70421.5669
     363.500      -70810.8225
     364.000      -70724.3919
     364.500      -70267.5191
     365.000      -70570.8992
     365.500      -70168.9441
     366.000      -70243.7354
     366.500      -70169.3219
     367.000      -70427.9977
     367.500      -70271.4968
     368.000      -70162.3134
     368.500      -70342.0917
     369.000      -70259.3785
     369.500      -70236.0619
     370.000      -70259.0032
     370.500      -70341.6444
     371.000      -70398.2377
     371.500      -70139.3206
     372.000      -70089.9533
     372.500      -70074.9121
     373.000      -70159.9735
     373.500      -70035.2959
     374.000      -70272.0636
     374.500      -70255.7894
     375.000      -70008.2518
     375.500      -70279.5288
     376.000      -70384.4312
     376.500      -70198.2970
     377.000      -70366.6280
     377.500      -70175.1855
     378.000      -70423.8905
     378.500      -70238.2106
     379.000      -70519.7833
     379.500      -70374.7659
     380.000      -70252.5682
     380.500      -70412.2227
     381.000      -70573.7084
     381.500      -70479.0740
     382.000      -70477.6459
     382.500      -70335.5303
     383.000      -70005.7213
     383.500      -70070.1751
     384.000      -70190.5793
     384.500      -70310.9253
     385.000      -70255.8104
     385.500      -70278.8479
     386.000      -70379.1278
     386.500      -70338.0675
     387.000      -70424.3196
     387.500      -70289.9449
     388.000      -70459.5266
     388.500      -70392.9799
     389.000      -70314.6241
     389.500      -70056.7590
     390.000      -70377.6630
     390.500      -70186.5553
     391.000      -70381.4581
     391.500      -70382.0653
     392.000      -70304.1210
     392.500      -70217.1727
     393.000      -70144.2910
     393.500      -70469.5150
     394.000      -70552.2664
     394.500      -70602.6380
     395.000      -70361.1338
     395.500      -70373.3265
     396.000      -70351.6549
     396.500      -70195.6397
     397.000      -70384.7770
     397.500      -70112.1242
     398.000      -70132.7832
     398.500      -70181.8373
     399.000      -70310.2691
     399.500      -70073.2065
     400.000      -69930.3427
