       0.000       0.00
       0.500       3.43
       1.000       5.16
       1.500       7.47
       2.000       9.84
       2.500      12.22
       3.000      14.65
       3.500      17.30
       4.000      19.69
       4.500      22.16
       5.000      24.82
       5.500      26.97
       6.000      29.77
       6.500      32.07
       7.000      34.54
       7.500      36.92
       8.000      39.02
       8.500      41.53
       9.000      44.90
       9.500      47.10
      10.000      49.31
      10.500      52.39
      11.000      54.65
      11.500      57.28
      12.000      60.40
      12.500      61.79
      13.000      64.69
      13.500      67.14
      14.000      69.26
      14.500      71.61
      15.000      74.46
      15.500      77.42
      16.000      78.95
      16.500      82.00
      17.000      84.88
      17.500      86.79
      18.000      88.99
      18.500      92.02
      19.000      94.39
      19.500      97.01
      20.000      99.58
      20.500     100.93
      21.000     102.77
      21.500     103.34
      22.000     105.21
      22.500     105.01
      23.000     107.92
      23.500     108.31
      24.000     109.95
      24.500     111.36
      25.000     112.46
      25.500     114.31
      26.000     113.81
      26.500     116.65
      27.000     116.93
      27.500     118.54
      28.000     120.50
      28.500     121.04
      29.000     122.45
      29.500     124.75
      30.000     124.21
      30.500     125.43
      31.000     127.99
      31.500     129.18
      32.000     130.61
      32.500     131.80
      33.000     132.07
      33.500     131.53
      34.000     134.59
      34.500     136.21
      35.000     135.39
      35.500     138.15
      36.000     140.42
      36.500     140.42
      37.000     142.96
      37.500     143.69
      38.000     142.91
      38.500     146.76
      39.000     149.79
      39.500     148.45
      40.000     147.45
      40.500     151.41
      41.000     153.11
      41.500     153.25
      42.000     154.09
      42.500     156.57
      43.000     156.96
      43.500     157.33
      44.000     159.83
      44.500     162.43
      45.000     161.88
      45.500     163.36
      46.000     165.99
      46.500     165.37
      47.000     167.78
      47.500     168.22
      48.000     171.49
      48.500     171.86
      49.000     173.22
      49.500     174.07
      50.000     176.36
      50.500     174.73
      51.000     176.50
      51.500     179.20
      52.000     180.52
      52.500     179.40
      53.000     182.24
      53.500     183.00
      54.000     183.93
      54.500     183.37
      55.000     186.67
      55.500     189.60
      56.000     189.81
      56.500     190.80
      57.000     193.89
      57.500     192.36
      58.000     191.27
      58.500     196.09
      59.000     193.86
      59.500     199.23
      60.000     199.31
      60.500     200.41
      61.000     201.13
      61.500     204.79
      62.000     201.87
      62.500     202.58
      63.000     205.24
      63.500     203.77
      64.000     203.25
      64.500     204.25
      65.000     205.74
      65.500     206.05
      66.000     208.83
      66.500     208.04
      67.000     208.86
      67.500     208.55
      68.000     208.67
      68.500     209.86
      69.000     211.26
      69.500     212.77
      70.000     211.57
      70.500     217.27
      71.000     214.57
      71.500     213.90
      72.000     216.31
      72.500     218.48
      73.000     215.71
      73.500     214.83
      74.000     217.23
      74.500     217.35
      75.000     218.51
      75.500     219.95
      76.000     220.36
      76.500     223.24
      77.000     222.73
      77.500     222.15
      78.000     221.65
      78.500     222.98
      79.000     222.70
      79.500     223.66
      80.000     222.78
      80.500     224.25
      81.000     225.92
      81.500     227.57
      82.000     225.53
      82.500     228.17
      83.000     227.77
      83.500     231.52
      84.000     229.96
      84.500     230.91
      85.000     230.13
      85.500     230.39
      86.000     234.04
      86.500     233.90
      87.000     232.63
      87.500     230.95
      88.000     233.78
      88.500     235.94
      89.000     237.30
      89.500     236.77
      90.000     239.56
      90.500     238.10
      91.000     238.33
      91.500     238.52
      92.000     238.74
      92.500     241.06
      93.000     244.05
      93.500     242.48
      94.000     239.65
      94.500     243.06
      95.000     242.79
      95.500     243.38
      96.000     243.95
      96.500     248.94
      97.000     247.26
      97.500     243.96
      98.000     245.67
      98.500     248.87
      99.000     247.94
      99.500     248.09
     100.000     249.36
     100.500     251.56
     101.000     249.24
     101.500     250.68
     102.000     252.25
     102.500     254.16
     103.000     254.54
     103.500     253.40
     104.000     251.34
     104.500     254.75
     105.000     257.07
     105.500     257.13
     106.000     256.73
     106.500     258.63
     107.000     256.32
     107.500     258.59
     108.000     259.88
     108.500     262.17
     109.000     262.49
     109.500     262.24
     110.000     262.45
     110.500     264.84
     111.000     264.47
     111.500     263.06
     112.000     261.44
     112.500     264.16
     113.000     268.15
     113.500     266.66
     114.000     266.17
     114.500     270.90
     115.000     265.00
     115.500     270.40
     116.000     271.51
     116.500     272.18
     117.000     271.31
     117.500     271.98
     118.000     271.77
     118.500     271.11
     119.000     273.44
     119.500     273.28
     120.000     273.08
     120.500     277.55
     121.000     275.87
     121.500     274.26
     122.000     277.89
     122.500     280.11
     123.000     279.93
     123.500     278.47
     124.000     277.51
     124.500     278.81
     125.000     281.10
     125.500     281.15
     126.000     280.37
     126.500     283.73
     127.000     282.88
     127.500     285.86
     128.000     285.06
     128.500     285.87
     129.000     283.67
     129.500     286.51
     130.000     287.39
     130.500     285.62
     131.000     289.46
     131.500     290.88
     132.000     291.98
     132.500     290.42
     133.000     289.44
     133.500     296.50
     134.000     290.64
     134.500     297.32
     135.000     292.44
     135.500     292.91
     136.000     295.06
     136.500     297.40
     137.000     297.29
     137.500     298.99
     138.000     294.77
     138.500     293.93
     139.000     295.13
     139.500     301.20
     140.000     298.14
     140.500     300.37
     141.000     300.16
     141.500     301.35
     142.000     299.49
     142.500     302.44
     143.000     298.01
     143.500     296.96
     144.000     300.78
     144.500     299.40
     145.000     298.49
     145.500     299.78
     146.000     299.11
     146.500     301.48
     147.000     302.10
     147.500     301.94
     148.000     301.77
     148.500     301.20
     149.000     302.71
     149.500     301.77
     150.000     300.79
     150.500     296.71
     151.000     298.88
     151.500     299.22
     152.000     300.14
     152.500     295.74
     153.000     298.37
     153.500     298.90
     154.000     300.23
     154.500     303.16
     155.000     301.13
     155.500     300.57
     156.000     299.12
     156.500     298.25
     157.000     299.36
     157.500     299.31
     158.000     299.35
     158.500     301.49
     159.000     303.63
     159.500     301.09
     160.000     301.97
     160.500     300.69
     161.000     300.63
     161.500     296.60
     162.000     295.28
     162.500     299.55
     163.000     300.35
     163.500     297.92
     164.000     301.10
     164.500     300.98
     165.000     300.16
     165.500     300.39
     166.000     301.54
     166.500     300.41
     167.000     297.71
     167.500     298.99
     168.000     301.42
     168.500     299.02
     169.000     301.33
     169.500     295.91
     170.000     298.39
     170.500     298.53
     171.000     296.82
     171.500     299.85
     172.000     298.25
     172.500     300.76
     173.000     300.61
     173.500     301.08
     174.000     297.30
     174.500     301.68
     175.000     300.75
     175.500     300.85
     176.000     301.69
     176.500     296.18
     177.000     300.53
     177.500     299.61
     178.000     300.33
     178.500     302.08
     179.000     298.56
     179.500     292.97
     180.000     303.38
     180.500     299.40
     181.000     301.17
     181.500     300.72
     182.000     301.53
     182.500     302.41
     183.000     299.69
     183.500     300.19
     184.000     299.52
     184.500     300.50
     185.000     300.34
     185.500     295.55
     186.000     299.83
     186.500     303.91
     187.000     300.58
     187.500     298.84
     188.000     300.49
     188.500     302.04
     189.000     301.45
     189.500     302.26
     190.000     300.35
     190.500     298.88
     191.000     298.04
     191.500     297.60
     192.000     299.48
     192.500     301.10
     193.000     299.30
     193.500     297.90
     194.000     302.94
     194.500     297.96
     195.000     300.43
     195.500     299.62
     196.000     298.14
     196.500     301.49
     197.000     301.60
     197.500     301.32
     198.000     299.49
     198.500     301.93
     199.000     298.11
     199.500     300.59
     200.000     302.17
     200.500     296.65
     201.000     300.54
     201.500     299.74
     202.000     295.01
     202.500     301.94
     203.000     298.73
     203.500     299.95
     204.000     302.07
     204.500     297.24
     205.000     298.75
     205.500     302.51
     206.000     301.09
     206.500     300.07
     207.000     299.92
     207.500     300.51
     208.000     299.75
     208.500     297.39
     209.000     303.03
     209.500     301.38
     210.000     301.41
     210.500     299.99
     211.000     296.46
     211.500     298.22
     212.000     298.26
     212.500     298.49
     213.000     300.58
     213.500     301.87
     214.000     302.74
     214.500     298.16
     215.000     299.51
     215.500     299.69
     216.000     301.09
     216.500     299.63
     217.000     298.60
     217.500     300.15
     218.000     302.84
     218.500     301.79
     219.000     301.38
     219.500     300.54
     220.000     300.50
     220.500     300.31
     221.000     301.36
     221.500     298.70
     222.000     300.76
     222.500     302.57
     223.000     300.31
     223.500     296.53
     224.000     298.09
     224.500     299.88
     225.000     297.32
     225.500     299.62
     226.000     298.03
     226.500     301.49
     227.000     301.22
     227.500     298.44
     228.000     300.04
     228.500     300.66
     229.000     300.99
     229.500     294.38
     230.000     295.47
     230.500     301.43
     231.000     299.70
     231.500     302.46
     232.000     298.98
     232.500     302.54
     233.000     300.97
     233.500     302.11
     234.000     299.73
     234.500     296.34
     235.000     297.83
     235.500     299.75
     236.000     299.47
     236.500     299.86
     237.000     299.45
     237.500     300.00
     238.000     300.16
     238.500     295.55
     239.000     298.58
     239.500     299.04
     240.000     300.68
     240.500     298.79
     241.000     294.47
     241.500     300.09
     242.000     298.90
     242.500     299.06
     243.000     297.16
     243.500     299.14
     244.000     302.91
     244.500     303.25
     245.000     299.87
     245.500     298.40
     246.000     297.79
     246.500     300.20
     247.000     303.98
     247.500     301.49
     248.000     300.29
     248.500     304.21
     249.000     302.11
     249.500     301.14
     250.000     304.43
     250.500     298.46
     251.000     297.44
     251.500     302.32
     252.000     302.13
     252.500     298.32
     253.000     300.18
     253.500     299.53
     254.000     303.05
     254.500     303.95
     255.000     300.27
     255.500     297.62
     256.000     298.62
     256.500     298.47
     257.000     300.68
     257.500     301.74
     258.000     303.49
     258.500     301.42
     259.000     299.55
     259.500     302.11
     260.000     301.29
     260.500     300.79
     261.000     301.94
     261.500     297.35
     262.000     303.78
     262.500     300.10
     263.000     299.97
     263.500     298.97
     264.000     299.87
     264.500     300.21
     265.000     300.14
     265.500     301.44
     266.000     304.62
     266.500     299.32
     267.000     300.11
     267.500     301.40
     268.000     300.81
     268.500     299.17
     269.000     295.69
     269.500     300.19
     270.000     300.36
     270.500     300.10
     271.000     299.83
     271.500     299.57
     272.000     300.72
     272.500     299.70
     273.000     297.27
     273.500     298.69
     274.000     300.77
     274.500     299.08
     275.000     299.63
     275.500     301.69
     276.000     300.39
     276.500     297.66
     277.000     300.13
     277.500     300.00
     278.000     300.19
     278.500     301.16
     279.000     297.02
     279.500     299.73
     280.000     300.61
     280.500     300.03
     281.000     296.72
     281.500     301.32
     282.000     302.36
     282.500     300.23
     283.000     299.98
     283.500     300.26
     284.000     304.83
     284.500     301.08
     285.000     300.89
     285.500     302.99
     286.000     299.89
     286.500     299.58
     287.000     302.17
     287.500     302.73
     288.000     298.94
     288.500     299.97
     289.000     302.42
     289.500     297.27
     290.000     301.94
     290.500     301.56
     291.000     300.04
     291.500     301.60
     292.000     297.73
     292.500     300.06
     293.000     295.97
     293.500     299.39
     294.000     299.99
     294.500     301.91
     295.000     297.43
     295.500     302.12
     296.000     299.31
     296.500     300.37
     297.000     298.56
     297.500     295.52
     298.000     298.83
     298.500     300.38
     299.000     295.04
     299.500     299.11
     300.000     298.72
     300.500     300.92
     301.000     301.77
     301.500     302.35
     302.000     300.82
     302.500     298.44
     303.000     299.34
     303.500     302.02
     304.000     302.89
     304.500     300.53
     305.000     297.77
     305.500     300.46
     306.000     300.34
     306.500     294.93
     307.000     296.12
     307.500     301.38
     308.000     304.94
     308.500     301.81
     309.000     302.04
     309.500     298.22
     310.000     301.49
     310.500     298.93
     311.000     301.58
     311.500     299.49
     312.000     301.90
     312.500     300.33
     313.000     298.96
     313.500     296.55
     314.000     299.50
     314.500     300.91
     315.000     302.18
     315.500     300.59
     316.000     299.03
     316.500     301.00
     317.000     301.12
     317.500     296.11
     318.000     297.49
     318.500     298.55
     319.000     303.04
     319.500     297.42
     320.000     300.50
     320.500     297.39
     321.000     295.65
     321.500     302.48
     322.000     302.90
     322.500     299.57
     323.000     299.52
     323.500     303.60
     324.000     300.96
     324.500     297.61
     325.000     298.03
     325.500     301.31
     326.000     300.13
     326.500     300.26
     327.000     299.04
     327.500     300.27
     328.000     300.71
     328.500     300.73
     329.000     298.91
     329.500     300.03
     330.000     299.24
     330.500     303.93
     331.000     298.21
     331.500     298.53
     332.000     299.69
     332.500     300.17
     333.000     301.90
     333.500     298.99
     334.000     296.74
     334.500     299.69
     335.000     297.34
     335.500     297.34
     336.000     301.47
     336.500     298.60
     337.000     302.17
     337.500     300.15
     338.000     301.76
     338.500     302.53
     339.000     299.13
     339.500     298.38
     340.000     302.10
     340.500     300.26
     341.000     299.12
     341.500     304.04
     342.000     298.55
     342.500     302.11
     343.000     299.31
     343.500     299.76
     344.000     300.83
     344.500     301.54
     345.000     298.35
     345.500     298.68
     346.000     299.16
     346.500     299.85
     347.000     301.75
     347.500     298.58
     348.000     301.17
     348.500     300.55
     349.000     298.82
     349.500     300.13
     350.000     301.11
     350.500     297.96
     351.000     300.37
     351.500     295.61
     352.000     296.96
     352.500     297.57
     353.000     302.80
     353.500     299.31
     354.000     298.68
     354.500     298.86
     355.000     300.66
     355.500     301.48
     356.000     301.07
     356.500     299.50
     357.000     300.76
     357.500     303.03
     358.000     297.15
     358.500     299.30
     359.000     301.56
     359.500     299.13
     360.000     301.86
     360.500     297.75
     361.000     300.85
     361.500     302.40
     362.000     300.58
     362.500     299.35
     363.000     299.75
     363.500     298.68
     364.000     301.73
     364.500     298.17
     365.000     301.62
     365.500     299.09
     366.000     298.05
     366.500     300.03
     367.000     300.11
     367.500     301.01
     368.000     299.42
     368.500     302.92
     369.000     296.12
     369.500     302.29
     370.000     298.44
     370.500     301.71
     371.000     301.85
     371.500     301.12
     372.000     299.35
     372.500     300.34
     373.000     296.68
     373.500     298.60
     374.000     300.81
     374.500     300.24
     375.000     299.48
     375.500     303.65
     376.000     299.99
     376.500     299.37
     377.000     299.08
     377.500     299.51
     378.000     302.85
     378.500     299.06
     379.000     299.25
     379.500     300.45
     380.000     300.72
     380.500     298.95
     381.000     297.70
     381.500     300.99
     382.000     298.03
     382.500     298.34
     383.000     299.34
     383.500     299.51
     384.000     301.21
     384.500     303.90
     385.000     301.44
     385.500     298.54
     386.000     299.95
     386.500     300.20
     387.000     301.20
     387.500     303.75
     388.000     297.43
     388.500     301.12
     389.000     297.05
     389.500     298.37
     390.000     299.87
     390.500     298.35
     391.000     300.55
     391.500     300.64
     392.000     301.02
     392.500     297.67
     393.000     297.91
     393.500     297.98
     394.000     298.84
     394.500     300.46
     395.000     301.65
     395.500     299.73
     396.000     300.05
     396.500     303.39
     397.000     299.95
     397.500     298.89
     398.000     298.05
     398.500     300.01
     399.000     301.26
     399.500     301.94
     400.000     302.33
