       0.000           0.0000
       0.500         159.8342
       1.000         228.8858
       1.500         322.9376
       2.000         422.8587
       2.500         528.1861
       3.000         633.0504
       3.500         740.1457
       4.000         855.8887
       4.500         953.6044
       5.000        1069.0607
       5.500        1172.9169
       6.000        1293.6976
       6.500        1402.4991
       7.000        1491.4286
       7.500        1594.5944
       8.000        1722.2675
       8.500        1825.4755
       9.000        1918.5256
       9.500        2065.9087
      10.000        2145.0515
      10.500        2243.6260
      11.000        2325.2944
      11.500        2475.4663
      12.000        2555.1675
      12.500        2691.1133
      13.000        2801.0442
      13.500        2917.0059
      14.000        2995.5850
      14.500        3142.0242
      15.000        3234.3630
      15.500        3298.7668
      16.000        3445.2776
      16.500        3556.0427
      17.000        3671.8901
      17.500        3745.1746
      18.000        3934.0540
      18.500        3964.4480
      19.000        4134.4121
      19.500        4209.5630
      20.000        4351.5649
      20.500        4347.7832
      21.000        4426.4971
      21.500        4459.9580
      22.000        4560.4038
      22.500        4640.4565
      23.000        4633.9858
      23.500        4671.9380
      24.000        4812.2021
      24.500        4802.0132
      25.000        4862.7349
      25.500        4918.5317
      26.000        4968.3423
      26.500        4978.7822
      27.000        5059.3740
      27.500        5114.1499
      28.000        5171.5957
      28.500        5178.9302
      29.000        5284.0933
      29.500        5316.7046
      30.000        5350.3618
      30.500        5514.9878
      31.000        5454.5928
      31.500        5578.6855
      32.000        5542.4014
      32.500        5632.7871
      33.000        5717.2144
      33.500        5745.5576
      34.000        5796.2559
      34.500        5894.5596
      35.000        6013.5288
      35.500        5965.6401
      36.000        6094.6016
      36.500        6068.9263
      37.000        6159.5996
      37.500        6194.9551
      38.000        6347.7129
      38.500        6266.2671
      39.000        6372.9248
      39.500        6463.0703
      40.000        6471.9360
      40.500        6533.9424
      41.000        6569.6226
      41.500        6691.7656
      42.000        6625.4229
      42.500        6774.3530
      43.000        6779.8281
      43.500        6922.0996
      44.000        7002.9053
      44.500        6955.4019
      45.000        7101.0215
      45.500        7068.9502
      46.000        7207.0728
      46.500        7170.2197
      47.000        7363.0034
      47.500        7260.5098
      48.000        7411.6089
      48.500        7386.6646
      49.000        7432.4312
      49.500        7484.2773
      50.000        7487.1025
      50.500        7617.5098
      51.000        7728.1841
      51.500        7732.7979
      52.000        7687.1279
      52.500        7872.2051
      53.000        7966.0229
      53.500        7976.0225
      54.000        8053.4731
      54.500        8113.4136
      55.000        8134.9351
      55.500        8092.3433
      56.000        8228.7529
      56.500        8092.9233
      57.000        8339.4746
      57.500        8423.9180
      58.000        8485.2822
      58.500        8465.3867
      59.000        8571.5654
      59.500        8632.0010
      60.000        8706.4355
      60.500        8809.3926
      61.000        8756.6562
      61.500        8732.5205
      62.000        8731.2373
      62.500        8765.3584
      63.000        8825.4980
      63.500        8792.8730
      64.000        8867.2871
      64.500        8938.3975
      65.000        8954.0264
      65.500        8929.4561
      66.000        9010.9043
      66.500        9001.1113
      67.000        9155.6172
      67.500        9177.7354
      68.000        9097.0957
      68.500        9033.5186
      69.000        9197.9043
      69.500        9223.6123
      70.000        9205.9141
      70.500        9174.4307
      71.000        9361.3604
      71.500        9248.9268
      72.000        9369.0029
      72.500        9334.6201
      73.000        9355.3408
      73.500        9433.2461
      74.000        9474.6113
      74.500        9465.3115
      75.000        9589.0176
      75.500        9481.7969
      76.000        9556.8564
      76.500        9607.3389
      77.000        9689.1963
      77.500        9622.0225
      78.000        9606.5713
      78.500        9767.6348
      79.000        9741.8770
      79.500        9738.5059
      80.000        9735.8428
      80.500        9708.5332
      81.000        9876.9307
      81.500        9844.3350
      82.000        9960.4590
      82.500        9896.5020
      83.000        9964.6484
      83.500        9864.5186
      84.000       10036.1709
      84.500       10038.6455
      85.000        9883.9629
      85.500       10031.4336
      86.000       10134.0449
      86.500       10088.2549
      87.000       10150.0000
      87.500       10114.2188
      88.000       10232.8564
      88.500       10244.5518
      89.000       10140.2129
      89.500       10163.1240
      90.000       10394.1816
      90.500       10278.8135
      91.000       10275.9082
      91.500       10287.8818
      92.000       10426.3896
      92.500       10422.0293
      93.000       10437.6074
      93.500       10438.5352
      94.000       10568.5566
      94.500       10360.2930
      95.000       10499.4395
      95.500       10512.4922
      96.000       10536.5176
      96.500       10719.3057
      97.000       10635.5469
      97.500       10771.5703
      98.000       10724.8350
      98.500       10766.7588
      99.000       10741.9121
      99.500       10872.2314
     100.000       10777.2070
     100.500       10746.0645
     101.000       10937.0410
     101.500       10908.3965
     102.000       10870.9062
     102.500       10917.6758
     103.000       11052.0322
     103.500       10880.5430
     104.000       11117.0215
     104.500       11132.4814
     105.000       11103.3174
     105.500       11110.5967
     106.000       11019.7793
     106.500       11049.8301
     107.000       11149.1826
     107.500       11312.5615
     108.000       11247.0479
     108.500       11409.8564
     109.000       11255.1230
     109.500       11251.2129
     110.000       11378.9189
     110.500       11402.8232
     111.000       11482.3477
     111.500       11406.0420
     112.000       11584.0723
     112.500       11377.8838
     113.000       11515.7168
     113.500       11526.6484
     114.000       11586.1318
     114.500       11607.8643
     115.000       11724.1006
     115.500       11736.1074
     116.000       11732.1543
     116.500       11897.2969
     117.000       11707.1367
     117.500       11890.8525
     118.000       11828.8184
     118.500       11791.3164
     119.000       11820.2236
     119.500       11819.6553
     120.000       11996.9043
     120.500       11960.1133
     121.000       12101.8213
     121.500       12075.1758
     122.000       11978.3232
     122.500       12122.5029
     123.000       12156.1855
     123.500       12075.1465
     124.000       12059.5215
     124.500       12126.3428
     125.000       12103.1250
     125.500       12130.0137
     126.000       12165.6104
     126.500       12230.1885
     127.000       12209.8545
     127.500       12271.6143
     128.000       12367.1836
     128.500       12276.0879
     129.000       12308.0850
     129.500       12555.2588
     130.000       12422.8281
     130.500       12449.6025
     131.000       12507.8809
     131.500       12424.7861
     132.000       12565.0859
     132.500       12566.6348
     133.000       12667.2168
     133.500       12520.8975
     134.000       12603.3145
     134.500       12704.4932
     135.000       12644.7803
     135.500       12557.0342
     136.000       12756.2959
     136.500       12824.3643
     137.000       12852.2402
     137.500       12788.8594
     138.000       12923.1396
     138.500       12818.3262
     139.000       12931.0674
     139.500       12977.2646
     140.000       12779.7881
     140.500       13050.5889
     141.000       12828.4023
     141.500       12882.6006
     142.000       12958.6855
     142.500       12960.2314
     143.000       12969.3936
     143.500       12826.4531
     144.000       12879.4609
     144.500       13141.8877
     145.000       12970.5293
     145.500       13064.2080
     146.000       12948.1113
     146.500       12966.8721
     147.000       12818.1895
     147.500       12961.1904
     148.000       12809.0732
     148.500       12973.4658
     149.000       12950.9014
     149.500       13022.2383
     150.000       12988.0127
     150.500       13085.5273
     151.000       12954.5889
     151.500       13026.9580
     152.000       12913.0254
     152.500       13035.3525
     153.000       13006.0166
     153.500       13075.2988
     154.000       12979.0830
     154.500       12831.5977
     155.000       13153.4160
     155.500       12888.0645
     156.000       12956.9668
     156.500       13144.4277
     157.000       13109.6719
     157.500       12967.9111
     158.000       13151.0166
     158.500       13069.3994
     159.000       12904.6016
     159.500       12918.3857
     160.000       13090.9111
     160.500       13017.2041
     161.000       13023.3057
     161.500       12960.9365
     162.000       13016.9453
     162.500       12961.2939
     163.000       13089.6865
     163.500       13017.8018
     164.000       12995.9619
     164.500       12899.9395
     165.000       12963.4814
     165.500       12934.2920
     166.000       13019.8398
     166.500       12894.1689
     167.000       12843.9199
     167.500       12978.3223
     168.000       12942.2305
     168.500       12997.9912
     169.000       12836.6602
     169.500       13047.7305
     170.000       12989.1719
     170.500       13064.7334
     171.000       13164.2725
     171.500       13041.5986
     172.000       12976.4736
     172.500       13038.9561
     173.000       12845.0996
     173.500       12975.4531
     174.000       13052.9229
     174.500       12954.1260
     175.000       12811.6689
     175.500       12942.0625
     176.000       13020.8086
     176.500       12914.0303
     177.000       13044.2812
     177.500       13054.9277
     178.000       13108.9326
     178.500       13010.8877
     179.000       13033.4844
     179.500       13089.8447
     180.000       13146.1973
     180.500       12864.6650
     181.000       13089.9277
     181.500       12941.4160
     182.000       12992.6289
     182.500       13162.8340
     183.000       13141.9072
     183.500       12968.8887
     184.000       13081.2441
     184.500       13072.2324
     185.000       12989.9072
     185.500       12921.5342
     186.000       12899.0371
     186.500       13036.7148
     187.000       12931.7266
     187.500       12971.4551
     188.000       13051.6855
     188.500       12971.9561
     189.000       13147.2539
     189.500       13121.1934
     190.000       12804.0225
     190.500       13045.9590
     191.000       13137.8398
     191.500       12949.9326
     192.000       12943.6152
     192.500       13158.4521
     193.000       13054.5117
     193.500       13050.3154
     194.000       13074.0293
     194.500       12886.9062
     195.000       12991.9902
     195.500       13225.6797
     196.000       12960.5205
     196.500       12908.5938
     197.000       12924.4756
     197.500       12980.4775
     198.000       12859.7539
     198.500       12928.2959
     199.000       13159.5205
     199.500       13039.9062
     200.000       13172.8848
     200.500       13018.5596
     201.000       12993.5996
     201.500       12898.4023
     202.000       12917.4062
     202.500       12984.1182
     203.000       13096.5547
     203.500       12866.5166
     204.000       13036.3242
     204.500       13065.2422
     205.000       13006.4346
     205.500       13079.1611
     206.000       12981.4971
     206.500       12949.6289
     207.000       13060.3467
     207.500       13021.2725
     208.000       13057.0771
     208.500       13102.3691
     209.000       13007.5830
     209.500       12935.6162
     210.000       13018.6719
     210.500       12784.4258
     211.000       12870.4766
     211.500       13070.0078
     212.000       13069.3262
     212.500       13120.1768
     213.000       13146.3438
     213.500       12936.3145
     214.000       13014.0146
     214.500       13033.8877
     215.000       12981.8174
     215.500       13057.8262
     216.000       13072.2314
     216.500       12890.1377
     217.000       13090.4648
     217.500       13063.5615
     218.000       13066.8506
     218.500       12975.6416
     219.000       12998.5205
     219.500       13046.3916
     220.000       12982.4160
     220.500       12997.5498
     221.000       12959.4648
     221.500       13058.5840
     222.000       13029.2227
     222.500       12949.3193
     223.000       12937.4756
     223.500       12982.6719
     224.000       13027.8594
     224.500       12923.4453
     225.000       13004.1924
     225.500       12946.7695
     226.000       12992.2783
     226.500       13050.2881
     227.000       12974.5420
     227.500       12951.7070
     228.000       12868.3145
     228.500       12940.5020
     229.000       13080.9160
     229.500       12988.4561
     230.000       12945.3564
     230.500       12917.1738
     231.000       12935.6230
     231.500       12902.8008
     232.000       12962.6289
     232.500       12876.1543
     233.000       13073.5771
     233.500       13019.3555
     234.000       12936.5117
     234.500       13034.3242
     235.000       13003.4111
     235.500       12885.8867
     236.000       12916.9131
     236.500       12966.6699
     237.000       12994.9160
     237.500       12990.0879
     238.000       12897.4561
     238.500       12959.0635
     239.000       13120.9688
     239.500       12923.4092
     240.000       12994.0391
     240.500       13008.0293
     241.000       13098.2373
     241.500       12947.5312
     242.000       13019.6885
     242.500       12982.7012
     243.000       12956.3887
     243.500       13007.0068
     244.000       13055.2715
     244.500       13041.8418
     245.000       13123.8398
     245.500       13039.1709
     246.000       13133.2471
     246.500       13010.8145
     247.000       12878.4795
     247.500       13069.0234
     248.000       12990.5967
     248.500       13050.2852
     249.000       13003.1572
     249.500       12962.7402
     250.000       12881.2031
     250.500       13134.6045
     251.000       13020.8887
     251.500       13040.0771
     252.000       12986.8203
     252.500       12971.3047
     253.000       13002.6504
     253.500       13010.8447
     254.000       12976.7295
     254.500       13115.5732
     255.000       13035.0928
     255.500       12813.1455
     256.000       13053.8145
     256.500       12986.3604
     257.000       12991.0742
     257.500       13083.6162
     258.000       12924.2471
     258.500       12838.6992
     259.000       12995.4697
     259.500       13015.5469
     260.000       13006.3418
     260.500       12971.1279
     261.000       13111.4131
     261.500       13148.8564
     262.000       12987.5371
     262.500       12995.1865
     263.000       12971.5635
     263.500       12935.8164
     264.000       12969.0879
     264.500       13078.6670
     265.000       12916.5742
     265.500       13073.2734
     266.000       12875.2041
     266.500       13018.7129
     267.000       13056.8535
     267.500       13030.7715
     268.000       12896.7197
     268.500       12984.5391
     269.000       12992.5459
     269.500       13184.4727
     270.000       13068.3926
     270.500       12982.3887
     271.000       12927.4844
     271.500       12745.5225
     272.000       13071.6494
     272.500       12902.2773
     273.000       13090.3330
     273.500       12921.4102
     274.000       13054.2227
     274.500       13058.1611
     275.000       13101.3291
     275.500       13036.7451
     276.000       12817.8018
     276.500       12963.5781
     277.000       13026.3691
     277.500       12886.4658
     278.000       12895.1992
     278.500       12913.8037
     279.000       12906.9326
     279.500       12954.1230
     280.000       12936.6523
     280.500       13057.9111
     281.000       12904.7354
     281.500       12875.0723
     282.000       12859.7217
     282.500       13059.1963
     283.000       12848.9824
     283.500       13015.8369
     284.000       13050.0615
     284.500       13067.7324
     285.000       13049.1094
     285.500       12903.1973
     286.000       12790.5000
     286.500       12933.3838
     287.000       12931.0508
     287.500       12948.9023
     288.000       12789.7861
     288.500       13015.3242
     289.000       12979.2344
     289.500       12948.3232
     290.000       13077.3271
     290.500       12929.7725
     291.000       12993.3613
     291.500       13002.6445
     292.000       12885.7900
     292.500       13038.3916
     293.000       13038.8281
     293.500       12987.4219
     294.000       13072.3418
     294.500       13013.6582
     295.000       13013.4170
     295.500       13115.5996
     296.000       13031.4961
     296.500       13123.4902
     297.000       12967.4688
     297.500       13055.8789
     298.000       12999.7803
     298.500       13073.3545
     299.000       12928.6016
     299.500       12803.6631
     300.000       12890.6982
     300.500       13107.5195
     301.000       13070.3535
     301.500       13087.9316
     302.000       12991.3584
     302.500       12929.7656
     303.000       13141.2568
     303.500       13070.9746
     304.000       12851.6055
     304.500       12984.1260
     305.000       13129.5322
     305.500       13085.8057
     306.000       12898.1562
     306.500       12898.6758
     307.000       12977.2998
     307.500       12845.0244
     308.000       12907.5635
     308.500       12778.4453
     309.000       12840.8906
     309.500       13095.3105
     310.000       12963.1475
     310.500       12875.3242
     311.000       13267.6357
     311.500       13039.4463
     312.000       13024.4639
     312.500       12893.8076
     313.000       12957.0840
     313.500       13086.7148
     314.000       13009.6221
     314.500       12903.7461
     315.000       13030.2490
     315.500       12984.9082
     316.000       12988.7246
     316.500       12855.8369
     317.000       13052.8311
     317.500       12830.6846
     318.000       12885.7266
     318.500       13073.7129
     319.000       12984.5332
     319.500       13014.7686
     320.000       12905.8652
     320.500       12989.2578
     321.000       12790.3965
     321.500       13068.5713
     322.000       12965.6914
     322.500       12982.6758
     323.000       13213.8955
     323.500       12935.3545
     324.000       13091.7402
     324.500       12929.1318
     325.000       13073.2725
     325.500       12832.0371
     326.000       12922.1123
     326.500       13018.4463
     327.000       13165.7363
     327.500       13085.5742
     328.000       12992.6836
     328.500       12936.0703
     329.000       13026.0244
     329.500       13082.7861
     330.000       12902.6504
     330.500       13094.4072
     331.000       13084.2266
     331.500       12788.0049
     332.000       12997.5918
     332.500       13220.0264
     333.000       13029.2139
     333.500       12834.6826
     334.000       12991.9531
     334.500       13036.7393
     335.000       12870.5498
     335.500       13077.0254
     336.000       13008.7129
     336.500       12942.7354
     337.000       13088.8564
     337.500       13148.6357
     338.000       12909.6758
     338.500       12974.7588
     339.000       12854.1855
     339.500       13039.6572
     340.000       12793.6074
     340.500       12938.7129
     341.000       12833.3604
     341.500       12984.8672
     342.000       12990.9531
     342.500       13034.4365
     343.000       13106.4863
     343.500       12877.4805
     344.000       13020.3643
     344.500       12930.8076
     345.000       12971.3662
     345.500       12859.3818
     346.000       13039.2402
     346.500       13033.3740
     347.000       12909.8877
     347.500       12928.3232
     348.000       12937.5273
     348.500       13027.3643
     349.000       12917.8760
     349.500       13017.6191
     350.000       13083.3896
     350.500       12819.5146
     351.000       13052.7783
     351.500       12985.7754
     352.000       13023.8301
     352.500       12887.4580
     353.000       12849.8740
     353.500       12988.9199
     354.000       13093.4307
     354.500       12807.4385
     355.000       13067.0918
     355.500       12959.1855
     356.000       13017.6953
     356.500       13132.0332
     357.000       12981.6240
     357.500       12932.5068
     358.000       13028.9434
     358.500       12960.4092
     359.000       13134.2422
     359.500       12981.3916
     360.000       12939.1201
     360.500       13043.5508
     361.000       13087.9375
     361.500       12928.5342
     362.000       13120.9219
     362.500       12999.5605
     363.000       12906.6855
     363.500       12850.2510
     364.000       13054.6543
     364.500       13192.3652
     365.000       12912.4941
     365.500       12872.0508
     366.000       12945.4805
     366.500       13008.8418
     367.000       12967.7773
     367.500       12982.4482
     368.000       12925.8965
     368.500       12989.1738
     369.000       12978.1309
     369.500       12787.8535
     370.000       12904.3721
     370.500       13025.4404
     371.000       12972.3887
     371.500       13189.9570
     372.000       12965.3105
     372.500       12989.7021
     373.000       12809.6436
     373.500       13131.7744
     374.000       13114.9365
     374.500       13003.4629
     375.000       12968.6279
     375.500       13022.8574
     376.000       12945.9912
     376.500       13067.9473
     377.000       13023.1055
     377.500       12969.0049
     378.000       13037.6914
     378.500       12874.8799
     379.000       13020.4023
     379.500       13092.0000
     380.000       13015.9688
     380.500       12999.8232
     381.000       13009.6152
     381.500       13030.3320
     382.000       12917.5254
     382.500       12910.4961
     383.000       12976.0420
     383.500       13005.2168
     384.000       13032.3652
     384.500       13039.2803
     385.000       12924.8203
     385.500       13122.7119
     386.000       12939.7822
     386.500       12984.9209
     387.000       13017.5557
     387.500       12927.4424
     388.000       13107.8730
     388.500       13006.1016
     389.000       12934.5322
     389.500       12898.1807
     390.000       12943.3154
     390.500       12975.8994
     391.000       12980.2510
     391.500       13188.0615
     392.000       13109.5107
     392.500       12876.1514
     393.000       13012.2188
     393.500       13002.1230
     394.000       13012.9229
     394.500       12932.8467
     395.000       13166.7666
     395.500       12957.4717
     396.000       12914.8398
     396.500       12922.3926
     397.000       13042.6289
     397.500       13021.9463
     398.000       12879.2256
     398.500       13102.6631
     399.000       13145.0215
     399.500       13057.7725
     400.000       12894.5684
