       0.000     -126280.6774
       0.500      -90382.4558
       1.000      -90687.5281
       1.500      -90788.6172
       2.000      -90814.8747
       2.500      -90805.0826
       3.000      -90772.9463
       3.500      -90727.1582
       4.000      -90680.3751
       4.500      -90609.9742
       5.000      -90547.6900
       5.500      -90468.9912
       6.000      -90386.8947
       6.500      -90308.7661
       7.000      -90243.3623
       7.500      -90133.3452
       8.000      -90078.5953
       8.500      -90021.9397
       9.000      -89929.6610
       9.500      -89866.2504
      10.000      -89795.1713
      10.500      -89716.3489
      11.000      -89637.8319
      11.500      -89558.3886
      12.000      -89440.9279
      12.500      -89425.4674
      13.000      -89361.3750
      13.500      -89204.3921
      14.000      -89182.6857
      14.500      -89077.6289
      15.000      -88977.5761
      15.500      -88967.1505
      16.000      -88894.4204
      16.500      -88812.5302
      17.000      -88720.0067
      17.500      -88650.0384
      18.000      -88520.2059
      18.500      -88487.6824
      19.000      -88369.0433
      19.500      -88293.6131
      20.000      -88202.2964
      20.500      -88184.2102
      21.000      -88110.4935
      21.500      -88126.7335
      22.000      -88084.4699
      22.500      -88036.2947
      23.000      -87979.8878
      23.500      -87978.3467
      24.000      -87953.2625
      24.500      -87913.5840
      25.000      -87869.4782
      25.500      -87836.3319
      26.000      -87800.9755
      26.500      -87766.0926
      27.000      -87728.9805
      27.500      -87695.1868
      28.000      -87650.6574
      28.500      -87639.8448
      29.000      -87612.0405
      29.500      -87501.2549
      30.000      -87518.1056
      30.500      -87500.6365
      31.000      -87322.5406
      31.500      -87304.7813
      32.000      -87378.0569
      32.500      -87295.6512
      33.000      -87228.4475
      33.500      -87202.1280
      34.000      -87137.9850
      34.500      -87148.2124
      35.000      -87085.6994
      35.500      -86978.2374
      36.000      -87027.0984
      36.500      -86954.3423
      37.000      -86867.6496
      37.500      -86834.0169
      38.000      -86837.9876
      38.500      -86758.4987
      39.000      -86762.5905
      39.500      -86750.9629
      40.000      -86665.5995
      40.500      -86657.8132
      41.000      -86581.9446
      41.500      -86560.8743
      42.000      -86425.8794
      42.500      -86356.0195
      43.000      -86429.2689
      43.500      -86353.7995
      44.000      -86295.7470
      44.500      -86284.3965
      45.000      -86269.4570
      45.500      -86174.7400
      46.000      -86162.2346
      46.500      -86073.2216
      47.000      -86025.5557
      47.500      -85963.9428
      48.000      -85949.6099
      48.500      -85731.0546
      49.000      -85861.8499
      49.500      -85809.0093
      50.000      -85711.5014
      50.500      -85647.4621
      51.000      -85598.7645
      51.500      -85469.4985
      52.000      -85521.6924
      52.500      -85402.1310
      53.000      -85306.1925
      53.500      -85187.1595
      54.000      -85337.6879
      54.500      -85149.4761
      55.000      -85127.2852
      55.500      -85046.7355
      56.000      -85147.6461
      56.500      -85136.7480
      57.000      -84899.4543
      57.500      -84916.1823
      58.000      -84819.6740
      58.500      -84847.5961
      59.000      -84680.6133
      59.500      -84786.2470
      60.000      -84684.0804
      60.500      -84500.7730
      61.000      -84522.2944
      61.500      -84427.7209
      62.000      -84519.7212
      62.500      -84395.6796
      63.000      -84443.0117
      63.500      -84341.7106
      64.000      -84389.7856
      64.500      -84405.4025
      65.000      -84401.9665
      65.500      -84381.5830
      66.000      -84314.1809
      66.500      -84335.2496
      67.000      -84227.0702
      67.500      -84350.6109
      68.000      -84269.5713
      68.500      -84151.1083
      69.000      -84184.4045
      69.500      -84017.3135
      70.000      -84035.8021
      70.500      -84004.4771
      71.000      -84102.0518
      71.500      -84135.2602
      72.000      -84095.7185
      72.500      -84027.9547
      73.000      -83952.1738
      73.500      -84132.8655
      74.000      -84033.3794
      74.500      -83957.0416
      75.000      -84003.7158
      75.500      -83908.8504
      76.000      -83837.9254
      76.500      -83818.7954
      77.000      -83843.8939
      77.500      -83709.6808
      78.000      -83760.2916
      78.500      -83777.5465
      79.000      -83692.2260
      79.500      -83862.4050
      80.000      -83723.7543
      80.500      -83663.5356
      81.000      -83713.2909
      81.500      -83503.7027
      82.000      -83577.7409
      82.500      -83454.3698
      83.000      -83568.1331
      83.500      -83489.6227
      84.000      -83145.4241
      84.500      -83351.3540
      85.000      -83371.9355
      85.500      -83326.4737
      86.000      -83407.7261
      86.500      -83254.2065
      87.000      -83223.1595
      87.500      -83113.5984
      88.000      -83014.9217
      88.500      -83027.4944
      89.000      -83086.1013
      89.500      -83117.9914
      90.000      -83146.5581
      90.500      -83137.7099
      91.000      -83136.8140
      91.500      -82934.2860
      92.000      -83001.6189
      92.500      -82918.9564
      93.000      -82892.8579
      93.500      -82940.9169
      94.000      -82890.7671
      94.500      -82716.6604
      95.000      -82793.2244
      95.500      -82733.2496
      96.000      -82842.4166
      96.500      -82823.7846
      97.000      -82816.4858
      97.500      -82583.6185
      98.000      -82535.1438
      98.500      -82664.8895
      99.000      -82564.9948
      99.500      -82475.7729
     100.000      -82371.8171
     100.500      -82462.9025
     101.000      -82279.3440
     101.500      -82548.9954
     102.000      -82188.5168
     102.500      -82259.6156
     103.000      -82312.8717
     103.500      -82146.4291
     104.000      -82089.7430
     104.500      -82181.5733
     105.000      -82069.3160
     105.500      -82270.7397
     106.000      -82102.1756
     106.500      -81905.8270
     107.000      -81920.1445
     107.500      -81895.6772
     108.000      -81758.2048
     108.500      -81975.0085
     109.000      -81713.4891
     109.500      -81701.7792
     110.000      -81626.8296
     110.500      -81427.3168
     111.000      -81674.4592
     111.500      -81523.3513
     112.000      -81511.5912
     112.500      -81432.2370
     113.000      -81238.0487
     113.500      -81280.1693
     114.000      -81267.5486
     114.500      -80887.7862
     115.000      -81138.3188
     115.500      -81196.0878
     116.000      -81101.0073
     116.500      -81114.2313
     117.000      -80843.5283
     117.500      -80723.0841
     118.000      -80780.4693
     118.500      -80915.4295
     119.000      -80550.0503
     119.500      -80668.5465
     120.000      -80553.9996
     120.500      -80644.6983
     121.000      -80489.7680
     121.500      -80406.2439
     122.000      -80370.9066
     122.500      -80260.8470
     123.000      -80088.1312
     123.500      -80147.5037
     124.000      -79861.2093
     124.500      -80016.3281
     125.000      -80133.5504
     125.500      -79774.6775
     126.000      -79647.3882
     126.500      -79811.0794
     127.000      -79635.5220
     127.500      -79587.2796
     128.000      -79432.8595
     128.500      -79221.8220
     129.000      -79207.3032
     129.500      -79260.0132
     130.000      -79050.2578
     130.500      -79033.6776
     131.000      -78774.5710
     131.500      -78711.1475
     132.000      -78722.5355
     132.500      -78653.9820
     133.000      -78429.2822
     133.500      -78264.4955
     134.000      -78118.1571
     134.500      -78193.4936
     135.000      -78193.7309
     135.500      -78049.2221
     136.000      -77903.5404
     136.500      -77833.5108
     137.000      -77824.2598
     137.500      -77899.6029
     138.000      -77823.2737
     138.500      -77778.1562
     139.000      -77852.5670
     139.500      -77547.6781
     140.000      -77321.3236
     140.500      -77278.7149
     141.000      -77552.5312
     141.500      -77714.6899
     142.000      -77310.2543
     142.500      -77206.3656
     143.000      -77054.8599
     143.500      -77194.2291
     144.000      -77112.1741
     144.500      -77308.4634
     145.000      -77024.1991
     145.500      -77141.5773
     146.000      -76984.4947
     146.500      -77150.9211
     147.000      -76958.8446
     147.500      -76932.3571
     148.000      -77044.6929
     148.500      -77002.2718
     149.000      -77072.4370
     149.500      -76981.8804
     150.000      -77004.0861
     150.500      -77024.6571
     151.000      -77154.7248
     151.500      -77131.8703
     152.000      -77223.9581
     152.500      -77215.5845
     153.000      -76985.1895
     153.500      -77101.0671
     154.000      -77032.9541
     154.500      -76994.5406
     155.000      -77022.4141
     155.500      -76876.9931
     156.000      -77040.0977
     156.500      -76925.7425
     157.000      -77103.0999
     157.500      -77256.9252
     158.000      -77240.0380
     158.500      -77517.4679
     159.000      -77320.5183
     159.500      -77281.5963
     160.000      -77069.1083
     160.500      -77200.3228
     161.000      -77151.4469
     161.500      -77103.6488
     162.000      -77041.3817
     162.500      -77160.3399
     163.000      -77298.0918
     163.500      -77138.5275
     164.000      -77166.5433
     164.500      -77311.3809
     165.000      -77481.5301
     165.500      -77350.1987
     166.000      -77294.9046
     166.500      -77029.7024
     167.000      -77120.4441
     167.500      -77063.2210
     168.000      -77257.3396
     168.500      -77065.8167
     169.000      -77170.8299
     169.500      -77225.3745
     170.000      -77116.3126
     170.500      -77247.2585
     171.000      -77288.3905
     171.500      -77034.2358
     172.000      -77336.5666
     172.500      -77261.6446
     173.000      -77363.8820
     173.500      -77350.5913
     174.000      -77328.3910
     174.500      -77199.9087
     175.000      -77338.5626
     175.500      -77383.3871
     176.000      -77162.2034
     176.500      -77219.8801
     177.000      -77248.9209
     177.500      -77098.7311
     178.000      -77156.1642
     178.500      -77261.5909
     179.000      -77165.5900
     179.500      -77068.9320
     180.000      -77554.9537
     180.500      -77238.5302
     181.000      -77118.1472
     181.500      -77145.1974
     182.000      -77026.9393
     182.500      -77138.9709
     183.000      -77147.5183
     183.500      -77257.9966
     184.000      -77340.0877
     184.500      -77214.4368
     185.000      -77333.4158
     185.500      -77207.3137
     186.000      -77173.4538
     186.500      -77150.7731
     187.000      -77256.4252
     187.500      -77213.0971
     188.000      -77399.7120
     188.500      -77308.5813
     189.000      -77569.4967
     189.500      -77176.7519
     190.000      -77290.1269
     190.500      -77544.3252
     191.000      -77280.3225
     191.500      -77467.6267
     192.000      -77430.2850
     192.500      -77353.4786
     193.000      -77481.1106
     193.500      -77257.3021
     194.000      -77278.5896
     194.500      -77417.6745
     195.000      -77313.7824
     195.500      -77056.8322
     196.000      -77148.1832
     196.500      -77276.2766
     197.000      -77140.9252
     197.500      -77180.8130
     198.000      -77022.5775
     198.500      -77159.2942
     199.000      -77073.6789
     199.500      -77152.5601
     200.000      -77182.6225
     200.500      -77046.7892
     201.000      -77035.7671
     201.500      -76947.6607
     202.000      -77387.0358
     202.500      -77225.1772
     203.000      -77015.6274
     203.500      -76977.1208
     204.000      -77199.5427
     204.500      -77385.6463
     205.000      -77375.1008
     205.500      -77320.9195
     206.000      -77198.0784
     206.500      -77286.1741
     207.000      -77458.7569
     207.500      -77386.1096
     208.000      -77482.1322
     208.500      -77400.2914
     209.000      -77247.7548
     209.500      -77380.4942
     210.000      -77537.5384
     210.500      -77373.9838
     211.000      -77511.9305
     211.500      -77419.4773
     212.000      -77557.0326
     212.500      -77332.1508
     213.000      -77307.3214
     213.500      -77568.6314
     214.000      -77251.4382
     214.500      -77672.7784
     215.000      -77240.7394
     215.500      -77247.4414
     216.000      -77474.8670
     216.500      -77249.5116
     217.000      -77434.0812
     217.500      -77595.4618
     218.000      -77493.1055
     218.500      -77507.7322
     219.000      -77596.2668
     219.500      -77316.3530
     220.000      -77521.0189
     220.500      -77353.0091
     221.000      -77505.1005
     221.500      -77281.4568
     222.000      -77435.1620
     222.500      -77548.1927
     223.000      -77554.7290
     223.500      -77592.7608
     224.000      -77562.7594
     224.500      -77611.0362
     225.000      -77669.9881
     225.500      -77407.8414
     226.000      -77490.1273
     226.500      -77308.3700
     227.000      -77238.6388
     227.500      -77166.1138
     228.000      -77175.6062
     228.500      -77417.6763
     229.000      -77376.5999
     229.500      -77553.7864
     230.000      -77342.7231
     230.500      -77674.0508
     231.000      -77632.6495
     231.500      -77573.2095
     232.000      -77276.7457
     232.500      -77481.5544
     233.000      -77530.1972
     233.500      -77446.5806
     234.000      -77493.6408
     234.500      -77314.8120
     235.000      -77568.0283
     235.500      -77423.1760
     236.000      -77461.9287
     236.500      -77306.9832
     237.000      -77419.3733
     237.500      -77304.4275
     238.000      -77462.6124
     238.500      -77383.6160
     239.000      -77529.5147
     239.500      -77547.7694
     240.000      -77365.7120
     240.500      -77610.6371
     241.000      -77582.7343
     241.500      -77579.2020
     242.000      -77787.2214
     242.500      -77413.3400
     243.000      -77614.0661
     243.500      -77557.5696
     244.000      -77705.5397
     244.500      -77575.8472
     245.000      -77505.2913
     245.500      -77568.3550
     246.000      -77579.9580
     246.500      -77435.7732
     247.000      -77635.6722
     247.500      -77734.9014
     248.000      -77575.7821
     248.500      -77670.3261
     249.000      -77454.5981
     249.500      -77620.3525
     250.000      -77452.7328
     250.500      -77592.9477
     251.000      -77702.2630
     251.500      -77604.7204
     252.000      -77555.4778
     252.500      -77471.7491
     253.000      -77675.1093
     253.500      -77524.7729
     254.000      -77474.6062
     254.500      -77631.6126
     255.000      -77761.5451
     255.500      -77606.9815
     256.000      -77695.4468
     256.500      -77767.3006
     257.000      -77491.8793
     257.500      -77642.1559
     258.000      -77562.7389
     258.500      -77589.7284
     259.000      -77726.1803
     259.500      -77715.6699
     260.000      -77649.4728
     260.500      -77518.6605
     261.000      -77485.7581
     261.500      -77467.4792
     262.000      -77707.5295
     262.500      -77629.8098
     263.000      -77701.6127
     263.500      -77785.8812
     264.000      -77713.7910
     264.500      -77843.9787
     265.000      -77907.1002
     265.500      -77709.5376
     266.000      -77891.4235
     266.500      -77795.8902
     267.000      -77741.4752
     267.500      -77770.2311
     268.000      -77592.7095
     268.500      -77708.3414
     269.000      -77802.1748
     269.500      -77742.7919
     270.000      -77766.7833
     270.500      -77759.5352
     271.000      -77898.6818
     271.500      -77753.7376
     272.000      -77852.0554
     272.500      -77883.4582
     273.000      -77870.6126
     273.500      -77654.7884
     274.000      -77870.1594
     274.500      -77724.7038
     275.000      -77644.0766
     275.500      -77883.7160
     276.000      -77629.3207
     276.500      -77795.8440
     277.000      -77806.1464
     277.500      -77737.8083
     278.000      -77652.1395
     278.500      -77625.8140
     279.000      -77873.8860
     279.500      -77901.1165
     280.000      -77840.2884
     280.500      -77758.8527
     281.000      -77638.9883
     281.500      -77651.0604
     282.000      -77835.7765
     282.500      -77798.1871
     283.000      -77960.3676
     283.500      -77910.7493
     284.000      -77600.6421
     284.500      -77651.7754
     285.000      -77758.0626
     285.500      -77773.6504
     286.000      -77652.7485
     286.500      -77710.7669
     287.000      -77804.2946
     287.500      -77613.1217
     288.000      -77970.1312
     288.500      -77835.3464
     289.000      -77794.3066
     289.500      -77669.1979
     290.000      -77822.9177
     290.500      -77676.3051
     291.000      -77624.8988
     291.500      -77915.4029
     292.000      -77747.7550
     292.500      -77845.5518
     293.000      -77689.3596
     293.500      -77589.2794
     294.000      -77765.5547
     294.500      -77713.0019
     295.000      -77702.7966
     295.500      -77808.9947
     296.000      -77829.7004
     296.500      -77908.8164
     297.000      -77794.3702
     297.500      -77765.4381
     298.000      -77914.0317
     298.500      -77751.4694
     299.000      -77788.8481
     299.500      -77845.8398
     300.000      -77869.7726
     300.500      -78014.8574
     301.000      -78155.2745
     301.500      -77829.9062
     302.000      -77882.1470
     302.500      -77961.1021
     303.000      -77916.7273
     303.500      -77725.9122
     304.000      -77758.3493
     304.500      -77806.5785
     305.000      -77754.2770
     305.500      -77947.5589
     306.000      -77983.7416
     306.500      -78045.8360
     307.000      -77839.6267
     307.500      -77942.1040
     308.000      -77799.4477
     308.500      -77789.1566
     309.000      -77774.9575
     309.500      -78060.9207
     310.000      -77858.4506
     310.500      -78001.4043
     311.000      -77981.2703
     311.500      -77999.8174
     312.000      -77958.9841
     312.500      -77845.1813
     313.000      -78052.4119
     313.500      -78072.0825
     314.000      -78153.7919
     314.500      -78087.4300
     315.000      -77912.4669
     315.500      -77822.4832
     316.000      -77905.6820
     316.500      -78095.1054
     317.000      -77997.1838
     317.500      -77999.0097
     318.000      -77959.9520
     318.500      -77959.4762
     319.000      -78076.6586
     319.500      -77919.3765
     320.000      -77937.7147
     320.500      -77886.2896
     321.000      -78016.0141
     321.500      -77921.8953
     322.000      -78095.1171
     322.500      -77980.0102
     323.000      -78101.3208
     323.500      -78064.2768
     324.000      -77906.5593
     324.500      -77931.4802
     325.000      -77997.8086
     325.500      -77936.9223
     326.000      -78009.0365
     326.500      -77817.3121
     327.000      -78158.4635
     327.500      -78200.9748
     328.000      -78006.1844
     328.500      -77989.7215
     329.000      -77976.2667
     329.500      -77985.2966
     330.000      -78061.9981
     330.500      -77866.2040
     331.000      -77799.9235
     331.500      -78017.3826
     332.000      -77847.4666
     332.500      -77911.7117
     333.000      -77927.9838
     333.500      -78030.0368
     334.000      -78243.8700
     334.500      -78149.9119
     335.000      -77871.4328
     335.500      -77911.0199
     336.000      -78179.4092
     336.500      -77887.2314
     337.000      -78196.3793
     337.500      -78105.5669
     338.000      -78156.1337
     338.500      -78054.6638
     339.000      -78088.9407
     339.500      -78027.2576
     340.000      -77885.0655
     340.500      -77879.7768
     341.000      -77920.0701
     341.500      -78059.8627
     342.000      -78059.8999
     342.500      -78088.4723
     343.000      -78235.8544
     343.500      -78034.6115
     344.000      -78209.0544
     344.500      -78244.7609
     345.000      -78132.9281
     345.500      -77965.6694
     346.000      -78160.0659
     346.500      -78064.4270
     347.000      -77995.9845
     347.500      -78017.7144
     348.000      -77920.3425
     348.500      -77856.5781
     349.000      -77973.3546
     349.500      -77824.6351
     350.000      -77815.4857
     350.500      -78032.0339
     351.000      -77803.5617
     351.500      -78110.7194
     352.000      -77917.9785
     352.500      -78094.2950
     353.000      -78007.8799
     353.500      -78068.6212
     354.000      -78044.9388
     354.500      -78072.6905
     355.000      -78075.7899
     355.500      -78324.8768
     356.000      -77929.2633
     356.500      -77805.2086
     357.000      -78089.6345
     357.500      -78238.8322
     358.000      -78118.9736
     358.500      -78073.0684
     359.000      -78017.3519
     359.500      -77888.5680
     360.000      -77889.8137
     360.500      -77915.5906
     361.000      -77891.5598
     361.500      -77937.9723
     362.000      -78112.3669
     362.500      -78137.8862
     363.000      -78076.0930
     363.500      -78070.4480
     364.000      -78045.7226
     364.500      -78054.1529
     365.000      -78141.9234
     365.500      -78157.9535
     366.000      -78161.0031
     366.500      -78120.0852
     367.000      -77995.1205
     367.500      -78208.1640
     368.000      -78006.6959
     368.500      -77980.7390
     369.000      -77995.5828
     369.500      -78170.6554
     370.000      -78247.5165
     370.500      -78202.9621
     371.000      -78159.2778
     371.500      -78020.3662
     372.000      -78091.4407
     372.500      -77874.8127
     373.000      -78012.2782
     373.500      -77886.1276
     374.000      -77969.2343
     374.500      -77879.8413
     375.000      -77805.6580
     375.500      -77856.4084
     376.000      -78040.2916
     376.500      -77913.6688
     377.000      -77922.9541
     377.500      -77948.3889
     378.000      -78139.0428
     378.500      -78124.6905
     379.000      -77916.8795
     379.500      -78188.0213
     380.000      -77973.9768
     380.500      -77982.2007
     381.000      -77848.4467
     381.500      -77850.8158
     382.000      -77823.0200
     382.500      -77858.1459
     383.000      -78033.5833
     383.500      -78157.3313
     384.000      -78069.2334
     384.500      -78015.0232
     385.000      -78018.7188
     385.500      -77797.8067
     386.000      -77925.9148
     386.500      -77975.8630
     387.000      -77976.5317
     387.500      -77994.5955
     388.000      -78004.9191
     388.500      -77904.8142
     389.000      -77991.4288
     389.500      -78120.3248
     390.000      -78234.3144
     390.500      -77885.4732
     391.000      -77939.1895
     391.500      -77769.8083
     392.000      -77788.2985
     392.500      -77754.1700
     393.000      -77842.8263
     393.500      -77997.3275
     394.000      -78012.7423
     394.500      -78027.7994
     395.000      -78041.8921
     395.500      -78219.8087
     396.000      -78096.1423
     396.500      -78025.5882
     397.000      -78158.5757
     397.500      -78107.7528
     398.000      -78046.7634
     398.500      -78082.6987
     399.000      -78051.4482
     399.500      -78101.2132
     400.000      -78086.6658
