       0.000     -126280.6774
       0.500      -90222.6216
       1.000      -90458.6423
       1.500      -90465.6796
       2.000      -90392.0160
       2.500      -90276.8965
       3.000      -90139.8960
       3.500      -89987.0125
       4.000      -89824.4864
       4.500      -89656.3698
       5.000      -89478.6293
       5.500      -89296.0743
       6.000      -89093.1970
       6.500      -88906.2670
       7.000      -88751.9337
       7.500      -88538.7509
       8.000      -88356.3278
       8.500      -88196.4643
       9.000      -88011.1354
       9.500      -87800.3417
      10.000      -87650.1198
      10.500      -87472.7230
      11.000      -87312.5375
      11.500      -87082.9223
      12.000      -86885.7604
      12.500      -86734.3541
      13.000      -86560.3309
      13.500      -86287.3862
      14.000      -86187.1008
      14.500      -85935.6048
      15.000      -85743.2130
      15.500      -85668.3837
      16.000      -85449.1428
      16.500      -85256.4875
      17.000      -85048.1166
      17.500      -84904.8638
      18.000      -84586.1520
      18.500      -84523.2345
      19.000      -84234.6312
      19.500      -84084.0501
      20.000      -83850.7314
      20.500      -83836.4270
      21.000      -83683.9965
      21.500      -83666.7755
      22.000      -83524.0661
      22.500      -83395.8381
      23.000      -83345.9019
      23.500      -83306.4087
      24.000      -83141.0604
      24.500      -83111.5708
      25.000      -83006.7434
      25.500      -82917.8001
      26.000      -82832.6332
      26.500      -82787.3103
      27.000      -82669.6065
      27.500      -82581.0369
      28.000      -82479.0617
      28.500      -82460.9146
      29.000      -82327.9473
      29.500      -82184.5503
      30.000      -82167.7438
      30.500      -81985.6487
      31.000      -81867.9478
      31.500      -81726.0958
      32.000      -81835.6556
      32.500      -81662.8641
      33.000      -81511.2331
      33.500      -81456.5704
      34.000      -81341.7291
      34.500      -81253.6528
      35.000      -81072.1706
      35.500      -81012.5973
      36.000      -80932.4968
      36.500      -80885.4160
      37.000      -80708.0500
      37.500      -80639.0618
      38.000      -80490.2748
      38.500      -80492.2316
      39.000      -80389.6657
      39.500      -80287.8926
      40.000      -80193.6635
      40.500      -80123.8708
      41.000      -80012.3221
      41.500      -79869.1087
      42.000      -79800.4566
      42.500      -79581.6664
      43.000      -79649.4408
      43.500      -79431.6999
      44.000      -79292.8417
      44.500      -79328.9946
      45.000      -79168.4355
      45.500      -79105.7898
      46.000      -78955.1618
      46.500      -78903.0019
      47.000      -78662.5523
      47.500      -78703.4330
      48.000      -78538.0010
      48.500      -78344.3901
      49.000      -78429.4188
      49.500      -78324.7319
      50.000      -78224.3988
      50.500      -78029.9523
      51.000      -77870.5804
      51.500      -77736.7007
      52.000      -77834.5645
      52.500      -77529.9259
      53.000      -77340.1695
      53.500      -77211.1371
      54.000      -77284.2148
      54.500      -77036.0625
      55.000      -76992.3501
      55.500      -76954.3922
      56.000      -76918.8932
      56.500      -77043.8246
      57.000      -76559.9797
      57.500      -76492.2643
      58.000      -76334.3918
      58.500      -76382.2094
      59.000      -76109.0479
      59.500      -76154.2460
      60.000      -75977.6448
      60.500      -75691.3804
      61.000      -75765.6382
      61.500      -75695.2004
      62.000      -75788.4839
      62.500      -75630.3212
      63.000      -75617.5136
      63.500      -75548.8376
      64.000      -75522.4985
      64.500      -75467.0051
      65.000      -75447.9401
      65.500      -75452.1269
      66.000      -75303.2766
      66.500      -75334.1383
      67.000      -75071.4530
      67.500      -75172.8755
      68.000      -75172.4756
      68.500      -75117.5898
      69.000      -74986.5002
      69.500      -74793.7012
      70.000      -74829.8880
      70.500      -74830.0464
      71.000      -74740.6914
      71.500      -74886.3335
      72.000      -74726.7156
      72.500      -74693.3346
      73.000      -74596.8330
      73.500      -74699.6194
      74.000      -74558.7680
      74.500      -74491.7300
      75.000      -74414.6982
      75.500      -74427.0536
      76.000      -74281.0690
      76.500      -74211.4565
      77.000      -74154.6976
      77.500      -74087.6584
      78.000      -74153.7204
      78.500      -74009.9117
      79.000      -73950.3490
      79.500      -74123.8991
      80.000      -73987.9116
      80.500      -73955.0024
      81.000      -73836.3602
      81.500      -73659.3677
      82.000      -73617.2819
      82.500      -73557.8679
      83.000      -73603.4846
      83.500      -73625.1041
      84.000      -73109.2532
      84.500      -73312.7085
      85.000      -73487.9726
      85.500      -73295.0401
      86.000      -73273.6811
      86.500      -73165.9516
      87.000      -73073.1595
      87.500      -72999.3796
      88.000      -72782.0652
      88.500      -72782.9427
      89.000      -72945.8885
      89.500      -72954.8674
      90.000      -72752.3764
      90.500      -72858.8964
      91.000      -72860.9058
      91.500      -72646.4042
      92.000      -72575.2292
      92.500      -72496.9271
      93.000      -72455.2505
      93.500      -72502.3817
      94.000      -72322.2105
      94.500      -72356.3675
      95.000      -72293.7849
      95.500      -72220.7575
      96.000      -72305.8990
      96.500      -72104.4789
      97.000      -72180.9390
      97.500      -71812.0481
      98.000      -71810.3089
      98.500      -71898.1307
      99.000      -71823.0827
      99.500      -71603.5415
     100.000      -71594.6101
     100.500      -71716.8381
     101.000      -71342.3030
     101.500      -71640.5989
     102.000      -71317.6105
     102.500      -71341.9398
     103.000      -71260.8394
     103.500      -71265.8861
     104.000      -70972.7215
     104.500      -71049.0919
     105.000      -70965.9986
     105.500      -71160.1431
     106.000      -71082.3963
     106.500      -70855.9969
     107.000      -70770.9619
     107.500      -70583.1157
     108.000      -70511.1569
     108.500      -70565.1521
     109.000      -70458.3661
     109.500      -70450.5663
     110.000      -70247.9106
     110.500      -70024.4936
     111.000      -70192.1115
     111.500      -70117.3093
     112.000      -69927.5190
     112.500      -70054.3532
     113.000      -69722.3319
     113.500      -69753.5208
     114.000      -69681.4168
     114.500      -69279.9219
     115.000      -69414.2182
     115.500      -69459.9804
     116.000      -69368.8530
     116.500      -69216.9344
     117.000      -69136.3916
     117.500      -68832.2316
     118.000      -68951.6509
     118.500      -69124.1131
     119.000      -68729.8266
     119.500      -68848.8912
     120.000      -68557.0953
     120.500      -68684.5850
     121.000      -68387.9467
     121.500      -68331.0681
     122.000      -68392.5834
     122.500      -68138.3441
     123.000      -67931.9457
     123.500      -68072.3572
     124.000      -67801.6878
     124.500      -67889.9854
     125.000      -68030.4254
     125.500      -67644.6638
     126.000      -67481.7778
     126.500      -67580.8909
     127.000      -67425.6675
     127.500      -67315.6653
     128.000      -67065.6759
     128.500      -66945.7341
     129.000      -66899.2182
     129.500      -66704.7544
     130.000      -66627.4296
     130.500      -66584.0750
     131.000      -66266.6901
     131.500      -66286.3613
     132.000      -66157.4495
     132.500      -66087.3472
     133.000      -65762.0654
     133.500      -65743.5981
     134.000      -65514.8427
     134.500      -65489.0004
     135.000      -65548.9506
     135.500      -65492.1879
     136.000      -65147.2445
     136.500      -65009.1465
     137.000      -64972.0196
     137.500      -65110.7435
     138.000      -64900.1340
     138.500      -64959.8301
     139.000      -64921.4997
     139.500      -64570.4135
     140.000      -64541.5355
     140.500      -64228.1260
     141.000      -64724.1288
     141.500      -64832.0893
     142.000      -64351.5688
     142.500      -64246.1342
     143.000      -64085.4664
     143.500      -64367.7760
     144.000      -64232.7132
     144.500      -64166.5757
     145.000      -64053.6698
     145.500      -64077.3693
     146.000      -64036.3833
     146.500      -64184.0490
     147.000      -64140.6552
     147.500      -63971.1667
     148.000      -64235.6196
     148.500      -64028.8059
     149.000      -64121.5356
     149.500      -63959.6421
     150.000      -64016.0734
     150.500      -63939.1298
     151.000      -64200.1359
     151.500      -64104.9123
     152.000      -64310.9327
     152.500      -64180.2320
     153.000      -63979.1729
     153.500      -64025.7683
     154.000      -64053.8711
     154.500      -64162.9430
     155.000      -63868.9981
     155.500      -63988.9286
     156.000      -64083.1309
     156.500      -63781.3148
     157.000      -63993.4281
     157.500      -64289.0141
     158.000      -64089.0214
     158.500      -64448.0685
     159.000      -64415.9167
     159.500      -64363.2106
     160.000      -63978.1972
     160.500      -64183.1187
     161.000      -64128.1412
     161.500      -64142.7123
     162.000      -64024.4364
     162.500      -64199.0460
     163.000      -64208.4053
     163.500      -64120.7257
     164.000      -64170.5814
     164.500      -64411.4415
     165.000      -64518.0486
     165.500      -64415.9067
     166.000      -64275.0648
     166.500      -64135.5335
     167.000      -64276.5242
     167.500      -64084.8988
     168.000      -64315.1091
     168.500      -64067.8254
     169.000      -64334.1698
     169.500      -64177.6440
     170.000      -64127.1408
     170.500      -64182.5251
     171.000      -64124.1180
     171.500      -63992.6372
     172.000      -64360.0929
     172.500      -64222.6886
     173.000      -64518.7824
     173.500      -64375.1381
     174.000      -64275.4682
     174.500      -64245.7827
     175.000      -64526.8937
     175.500      -64441.3246
     176.000      -64141.3948
     176.500      -64305.8498
     177.000      -64204.6397
     177.500      -64043.8034
     178.000      -64047.2316
     178.500      -64250.7032
     179.000      -64132.1056
     179.500      -63979.0873
     180.000      -64408.7564
     180.500      -64373.8652
     181.000      -64028.2195
     181.500      -64203.7814
     182.000      -64034.3103
     182.500      -63976.1369
     183.000      -64005.6111
     183.500      -64289.1079
     184.000      -64258.8435
     184.500      -64142.2044
     185.000      -64343.5085
     185.500      -64285.7795
     186.000      -64274.4167
     186.500      -64114.0583
     187.000      -64324.6986
     187.500      -64241.6421
     188.000      -64348.0264
     188.500      -64336.6253
     189.000      -64422.2428
     189.500      -64055.5586
     190.000      -64486.1044
     190.500      -64498.3662
     191.000      -64142.4827
     191.500      -64517.6940
     192.000      -64486.6697
     192.500      -64195.0265
     193.000      -64426.5989
     193.500      -64206.9867
     194.000      -64204.5603
     194.500      -64530.7682
     195.000      -64321.7922
     195.500      -63831.1525
     196.000      -64187.6627
     196.500      -64367.6828
     197.000      -64216.4496
     197.500      -64200.3355
     198.000      -64162.8236
     198.500      -64230.9983
     199.000      -63914.1584
     199.500      -64112.6539
     200.000      -64009.7378
     200.500      -64028.2296
     201.000      -64042.1675
     201.500      -64049.2583
     202.000      -64469.6296
     202.500      -64241.0590
     203.000      -63919.0727
     203.500      -64110.6042
     204.000      -64163.2185
     204.500      -64320.4041
     205.000      -64368.6662
     205.500      -64241.7584
     206.000      -64216.5813
     206.500      -64336.5452
     207.000      -64398.4102
     207.500      -64364.8372
     208.000      -64425.0550
     208.500      -64297.9223
     209.000      -64240.1718
     209.500      -64444.8780
     210.000      -64518.8666
     210.500      -64589.5581
     211.000      -64641.4539
     211.500      -64349.4695
     212.000      -64487.7065
     212.500      -64211.9741
     213.000      -64160.9777
     213.500      -64632.3169
     214.000      -64237.4235
     214.500      -64638.8907
     215.000      -64258.9220
     215.500      -64189.6153
     216.000      -64402.6356
     216.500      -64359.3739
     217.000      -64343.6163
     217.500      -64531.9003
     218.000      -64426.2549
     218.500      -64532.0906
     219.000      -64597.7463
     219.500      -64269.9614
     220.000      -64538.6029
     220.500      -64355.4593
     221.000      -64545.6356
     221.500      -64222.8728
     222.000      -64405.9393
     222.500      -64598.8734
     223.000      -64617.2534
     223.500      -64610.0889
     224.000      -64534.9000
     224.500      -64687.5908
     225.000      -64665.7957
     225.500      -64461.0719
     226.000      -64497.8490
     226.500      -64258.0819
     227.000      -64264.0968
     227.500      -64214.4067
     228.000      -64307.2917
     228.500      -64477.1743
     229.000      -64295.6839
     229.500      -64565.3303
     230.000      -64397.3666
     230.500      -64756.8770
     231.000      -64697.0265
     231.500      -64670.4087
     232.000      -64314.1168
     232.500      -64605.4001
     233.000      -64456.6200
     233.500      -64427.2252
     234.000      -64557.1291
     234.500      -64280.4878
     235.000      -64564.6171
     235.500      -64537.2893
     236.000      -64545.0156
     236.500      -64340.3133
     237.000      -64424.4572
     237.500      -64314.3396
     238.000      -64565.1564
     238.500      -64424.5526
     239.000      -64408.5460
     239.500      -64624.3602
     240.000      -64371.6729
     240.500      -64602.6078
     241.000      -64484.4970
     241.500      -64631.6708
     242.000      -64767.5329
     242.500      -64430.6388
     243.000      -64657.6774
     243.500      -64550.5627
     244.000      -64650.2682
     244.500      -64534.0054
     245.000      -64381.4515
     245.500      -64529.1841
     246.000      -64446.7109
     246.500      -64424.9587
     247.000      -64757.1927
     247.500      -64665.8779
     248.000      -64585.1854
     248.500      -64620.0410
     249.000      -64451.4409
     249.500      -64657.6123
     250.000      -64571.5296
     250.500      -64458.3432
     251.000      -64681.3743
     251.500      -64564.6432
     252.000      -64568.6575
     252.500      -64500.4444
     253.000      -64672.4589
     253.500      -64513.9281
     254.000      -64497.8767
     254.500      -64516.0393
     255.000      -64726.4523
     255.500      -64793.8360
     256.000      -64641.6323
     256.500      -64780.9402
     257.000      -64500.8050
     257.500      -64558.5397
     258.000      -64638.4919
     258.500      -64751.0292
     259.000      -64730.7106
     259.500      -64700.1230
     260.000      -64643.1310
     260.500      -64547.5325
     261.000      -64374.3450
     261.500      -64318.6227
     262.000      -64719.9924
     262.500      -64634.6233
     263.000      -64730.0492
     263.500      -64850.0648
     264.000      -64744.7031
     264.500      -64765.3117
     265.000      -64990.5259
     265.500      -64636.2642
     266.000      -65016.2194
     266.500      -64777.1773
     267.000      -64684.6217
     267.500      -64739.4596
     268.000      -64695.9898
     268.500      -64723.8023
     269.000      -64809.6289
     269.500      -64558.3192
     270.000      -64698.3907
     270.500      -64777.1465
     271.000      -64971.1974
     271.500      -65008.2152
     272.000      -64780.4060
     272.500      -64981.1808
     273.000      -64780.2796
     273.500      -64733.3783
     274.000      -64815.9367
     274.500      -64666.5426
     275.000      -64542.7475
     275.500      -64846.9709
     276.000      -64811.5189
     276.500      -64832.2658
     277.000      -64779.7772
     277.500      -64851.3425
     278.000      -64756.9403
     278.500      -64712.0102
     279.000      -64966.9534
     279.500      -64946.9935
     280.000      -64903.6360
     280.500      -64700.9416
     281.000      -64734.2529
     281.500      -64775.9882
     282.000      -64976.0548
     282.500      -64738.9908
     283.000      -65111.3852
     283.500      -64894.9124
     284.000      -64550.5806
     284.500      -64584.0430
     285.000      -64708.9532
     285.500      -64870.4531
     286.000      -64862.2485
     286.500      -64777.3832
     287.000      -64873.2439
     287.500      -64664.2193
     288.000      -65180.3450
     288.500      -64820.0222
     289.000      -64815.0723
     289.500      -64720.8747
     290.000      -64745.5906
     290.500      -64746.5327
     291.000      -64631.5375
     291.500      -64912.7583
     292.000      -64861.9650
     292.500      -64807.1602
     293.000      -64650.5315
     293.500      -64601.8575
     294.000      -64693.2129
     294.500      -64699.3437
     295.000      -64689.3796
     295.500      -64693.3951
     296.000      -64798.2043
     296.500      -64785.3261
     297.000      -64826.9015
     297.500      -64709.5592
     298.000      -64914.2514
     298.500      -64678.1149
     299.000      -64860.2465
     299.500      -65042.1767
     300.000      -64979.0743
     300.500      -64907.3378
     301.000      -65084.9210
     301.500      -64741.9746
     302.000      -64890.7886
     302.500      -65031.3365
     303.000      -64775.4705
     303.500      -64654.9375
     304.000      -64906.7438
     304.500      -64822.4526
     305.000      -64624.7447
     305.500      -64861.7533
     306.000      -65085.5854
     306.500      -65147.1603
     307.000      -64862.3269
     307.500      -65097.0796
     308.000      -64891.8842
     308.500      -65010.7113
     309.000      -64934.0669
     309.500      -64965.6101
     310.000      -64895.3032
     310.500      -65126.0801
     311.000      -64713.6345
     311.500      -64960.3711
     312.000      -64934.5202
     312.500      -64951.3737
     313.000      -65095.3279
     313.500      -64985.3676
     314.000      -65144.1699
     314.500      -65183.6839
     315.000      -64882.2178
     315.500      -64837.5750
     316.000      -64916.9574
     316.500      -65239.2685
     317.000      -64944.3527
     317.500      -65168.3251
     318.000      -65074.2254
     318.500      -64885.7633
     319.000      -65092.1254
     319.500      -64904.6080
     320.000      -65031.8494
     320.500      -64897.0318
     321.000      -65225.6176
     321.500      -64853.3240
     322.000      -65129.4257
     322.500      -64997.3345
     323.000      -64887.4253
     323.500      -65128.9223
     324.000      -64814.8191
     324.500      -65002.3484
     325.000      -64924.5361
     325.500      -65104.8852
     326.000      -65086.9242
     326.500      -64798.8658
     327.000      -64992.7272
     327.500      -65115.4006
     328.000      -65013.5008
     328.500      -65053.6512
     329.000      -64950.2423
     329.500      -64902.5105
     330.000      -65159.3477
     330.500      -64771.7968
     331.000      -64715.6969
     331.500      -65229.3778
     332.000      -64849.8748
     332.500      -64691.6853
     333.000      -64898.7700
     333.500      -65195.3541
     334.000      -65251.9169
     334.500      -65113.1726
     335.000      -65000.8830
     335.500      -64833.9945
     336.000      -65170.6963
     336.500      -64944.4960
     337.000      -65107.5229
     337.500      -64956.9311
     338.000      -65246.4579
     338.500      -65079.9050
     339.000      -65234.7552
     339.500      -64987.6004
     340.000      -65091.4580
     340.500      -64941.0639
     341.000      -65086.7097
     341.500      -65074.9955
     342.000      -65068.9468
     342.500      -65054.0358
     343.000      -65129.3681
     343.500      -65157.1311
     344.000      -65188.6901
     344.500      -65313.9533
     345.000      -65161.5619
     345.500      -65106.2876
     346.000      -65120.8256
     346.500      -65031.0530
     347.000      -65086.0968
     347.500      -65089.3911
     348.000      -64982.8151
     348.500      -64829.2139
     349.000      -65055.4786
     349.500      -64807.0159
     350.000      -64732.0960
     350.500      -65212.5193
     351.000      -64750.7834
     351.500      -65124.9440
     352.000      -64894.1484
     352.500      -65206.8370
     353.000      -65158.0059
     353.500      -65079.7013
     354.000      -64951.5082
     354.500      -65265.2520
     355.000      -65008.6981
     355.500      -65365.6912
     356.000      -64911.5680
     356.500      -64673.1754
     357.000      -65108.0105
     357.500      -65306.3253
     358.000      -65090.0302
     358.500      -65112.6592
     359.000      -64883.1097
     359.500      -64907.1764
     360.000      -64950.6936
     360.500      -64872.0398
     361.000      -64803.6223
     361.500      -65009.4382
     362.000      -64991.4451
     362.500      -65138.3257
     363.000      -65169.4074
     363.500      -65220.1970
     364.000      -64991.0683
     364.500      -64861.7877
     365.000      -65229.4293
     365.500      -65285.9027
     366.000      -65215.5226
     366.500      -65111.2435
     367.000      -65027.3432
     367.500      -65225.7158
     368.000      -65080.7994
     368.500      -64991.5652
     369.000      -65017.4519
     369.500      -65382.8018
     370.000      -65343.1445
     370.500      -65177.5217
     371.000      -65186.8891
     371.500      -64830.4092
     372.000      -65126.1302
     372.500      -64885.1106
     373.000      -65202.6346
     373.500      -64754.3532
     374.000      -64854.2978
     374.500      -64876.3785
     375.000      -64837.0300
     375.500      -64833.5510
     376.000      -65094.3004
     376.500      -64845.7216
     377.000      -64899.8486
     377.500      -64979.3840
     378.000      -65101.3514
     378.500      -65249.8107
     379.000      -64896.4771
     379.500      -65096.0213
     380.000      -64958.0081
     380.500      -64982.3775
     381.000      -64838.8315
     381.500      -64820.4837
     382.000      -64905.4946
     382.500      -64947.6498
     383.000      -65057.5413
     383.500      -65152.1145
     384.000      -65036.8682
     384.500      -64975.7429
     385.000      -65093.8984
     385.500      -64675.0948
     386.000      -64986.1325
     386.500      -64990.9421
     387.000      -64958.9761
     387.500      -65067.1531
     388.000      -64897.0461
     388.500      -64898.7126
     389.000      -65056.8966
     389.500      -65222.1441
     390.000      -65290.9990
     390.500      -64909.5737
     391.000      -64958.9385
     391.500      -64581.7468
     392.000      -64678.7878
     392.500      -64878.0186
     393.000      -64830.6076
     393.500      -64995.2044
     394.000      -64999.8194
     394.500      -65094.9527
     395.000      -64875.1255
     395.500      -65262.3370
     396.000      -65181.3024
     396.500      -65103.1956
     397.000      -65115.9468
     397.500      -65085.8065
     398.000      -65167.5379
     398.500      -64980.0357
     399.000      -64906.4268
     399.500      -65043.4407
     400.000      -65192.0975
