       0.000       0.00
       0.500       3.69
       1.000       5.28
       1.500       7.45
       2.000       9.76
       2.500      12.19
       3.000      14.61
       3.500      17.08
       4.000      19.76
       4.500      22.01
       5.000      24.68
       5.500      27.07
       6.000      29.86
       6.500      32.37
       7.000      34.43
       7.500      36.81
       8.000      39.75
       8.500      42.14
       9.000      44.28
       9.500      47.69
      10.000      49.51
      10.500      51.79
      11.000      53.67
      11.500      57.14
      12.000      58.98
      12.500      62.12
      13.000      64.66
      13.500      67.33
      14.000      69.15
      14.500      72.53
      15.000      74.66
      15.500      76.14
      16.000      79.53
      16.500      82.08
      17.000      84.76
      17.500      86.45
      18.000      90.81
      18.500      91.51
      19.000      95.43
      19.500      97.17
      20.000     100.45
      20.500     100.36
      21.000     102.17
      21.500     102.95
      22.000     105.27
      22.500     107.11
      23.000     106.96
      23.500     107.84
      24.000     111.08
      24.500     110.84
      25.000     112.24
      25.500     113.53
      26.000     114.68
      26.500     114.92
      27.000     116.78
      27.500     118.05
      28.000     119.37
      28.500     119.54
      29.000     121.97
      29.500     122.72
      30.000     123.50
      30.500     127.30
      31.000     125.91
      31.500     128.77
      32.000     127.93
      32.500     130.02
      33.000     131.97
      33.500     132.62
      34.000     133.79
      34.500     136.06
      35.000     138.81
      35.500     137.70
      36.000     140.68
      36.500     140.09
      37.000     142.18
      37.500     143.00
      38.000     146.52
      38.500     144.64
      39.000     147.10
      39.500     149.18
      40.000     149.39
      40.500     150.82
      41.000     151.64
      41.500     154.46
      42.000     152.93
      42.500     156.37
      43.000     156.50
      43.500     159.78
      44.000     161.64
      44.500     160.55
      45.000     163.91
      45.500     163.17
      46.000     166.36
      46.500     165.51
      47.000     169.96
      47.500     167.59
      48.000     171.08
      48.500     170.50
      49.000     171.56
      49.500     172.76
      50.000     172.82
      50.500     175.83
      51.000     178.39
      51.500     178.49
      52.000     177.44
      52.500     181.71
      53.000     183.88
      53.500     184.11
      54.000     185.89
      54.500     187.28
      55.000     187.78
      55.500     186.79
      56.000     189.94
      56.500     186.81
      57.000     192.50
      57.500     194.45
      58.000     195.86
      58.500     195.40
      59.000     197.85
      59.500     199.25
      60.000     200.97
      60.500     203.34
      61.000     202.13
      61.500     201.57
      62.000     201.54
      62.500     202.33
      63.000     203.72
      63.500     202.96
      64.000     204.68
      64.500     206.32
      65.000     206.68
      65.500     206.11
      66.000     207.99
      66.500     207.77
      67.000     211.34
      67.500     211.85
      68.000     209.98
      68.500     208.52
      69.000     212.31
      69.500     212.90
      70.000     212.50
      70.500     211.77
      71.000     216.08
      71.500     213.49
      72.000     216.26
      72.500     215.47
      73.000     215.95
      73.500     217.74
      74.000     218.70
      74.500     218.48
      75.000     221.34
      75.500     218.86
      76.000     220.60
      76.500     221.76
      77.000     223.65
      77.500     222.10
      78.000     221.74
      78.500     225.46
      79.000     224.87
      79.500     224.79
      80.000     224.73
      80.500     224.10
      81.000     227.98
      81.500     227.23
      82.000     229.91
      82.500     228.44
      83.000     230.01
      83.500     227.70
      84.000     231.66
      84.500     231.72
      85.000     228.15
      85.500     231.55
      86.000     233.92
      86.500     232.86
      87.000     234.29
      87.500     233.46
      88.000     236.20
      88.500     236.47
      89.000     234.06
      89.500     234.59
      90.000     239.92
      90.500     237.26
      91.000     237.19
      91.500     237.47
      92.000     240.67
      92.500     240.57
      93.000     240.93
      93.500     240.95
      94.000     243.95
      94.500     239.14
      95.000     242.35
      95.500     242.66
      96.000     243.21
      96.500     247.43
      97.000     245.50
      97.500     248.64
      98.000     247.56
      98.500     248.52
      99.000     247.95
      99.500     250.96
     100.000     248.77
     100.500     248.05
     101.000     252.45
     101.500     251.79
     102.000     250.93
     102.500     252.01
     103.000     255.11
     103.500     251.15
     104.000     256.61
     104.500     256.97
     105.000     256.29
     105.500     256.46
     106.000     254.36
     106.500     255.06
     107.000     257.35
     107.500     261.12
     108.000     259.61
     108.500     263.37
     109.000     259.80
     109.500     259.71
     110.000     262.65
     110.500     263.21
     111.000     265.04
     111.500     263.28
     112.000     267.39
     112.500     262.63
     113.000     265.81
     113.500     266.06
     114.000     267.44
     114.500     267.94
     115.000     270.62
     115.500     270.90
     116.000     270.81
     116.500     274.62
     117.000     270.23
     117.500     274.47
     118.000     273.04
     118.500     272.17
     119.000     272.84
     119.500     272.83
     120.000     276.92
     120.500     276.07
     121.000     279.34
     121.500     278.73
     122.000     276.49
     122.500     279.82
     123.000     280.60
     123.500     278.73
     124.000     278.36
     124.500     279.91
     125.000     279.37
     125.500     279.99
     126.000     280.81
     126.500     282.30
     127.000     281.83
     127.500     283.26
     128.000     285.47
     128.500     283.36
     129.000     284.10
     129.500     289.81
     130.000     286.75
     130.500     287.37
     131.000     288.71
     131.500     286.80
     132.000     290.03
     132.500     290.07
     133.000     292.39
     133.500     289.01
     134.000     290.92
     134.500     293.25
     135.000     291.87
     135.500     289.85
     136.000     294.45
     136.500     296.02
     137.000     296.66
     137.500     295.20
     138.000     298.30
     138.500     295.88
     139.000     298.48
     139.500     299.55
     140.000     294.99
     140.500     301.24
     141.000     296.11
     141.500     297.36
     142.000     299.12
     142.500     299.16
     143.000     299.37
     143.500     296.07
     144.000     297.29
     144.500     303.35
     145.000     299.39
     145.500     301.56
     146.000     298.88
     146.500     299.31
     147.000     295.88
     147.500     299.18
     148.000     295.67
     148.500     299.46
     149.000     298.94
     149.500     300.59
     150.000     299.80
     150.500     302.05
     151.000     299.02
     151.500     300.70
     152.000     298.07
     152.500     300.89
     153.000     300.21
     153.500     301.81
     154.000     299.59
     154.500     296.19
     155.000     303.61
     155.500     297.49
     156.000     299.08
     156.500     303.41
     157.000     302.60
     157.500     299.33
     158.000     303.56
     158.500     301.68
     159.000     297.87
     159.500     298.19
     160.000     302.17
     160.500     300.47
     161.000     300.61
     161.500     299.17
     162.000     300.46
     162.500     299.18
     163.000     302.14
     163.500     300.48
     164.000     299.98
     164.500     297.76
     165.000     299.23
     165.500     298.56
     166.000     300.53
     166.500     297.63
     167.000     296.47
     167.500     299.57
     168.000     298.74
     168.500     300.03
     169.000     296.30
     169.500     301.17
     170.000     299.82
     170.500     301.57
     171.000     303.87
     171.500     301.03
     172.000     299.53
     172.500     300.97
     173.000     296.50
     173.500     299.51
     174.000     301.29
     174.500     299.01
     175.000     295.73
     175.500     298.74
     176.000     300.55
     176.500     298.09
     177.000     301.10
     177.500     301.34
     178.000     302.59
     178.500     300.32
     179.000     300.85
     179.500     302.15
     180.000     303.45
     180.500     296.95
     181.000     302.15
     181.500     298.72
     182.000     299.90
     182.500     303.83
     183.000     303.35
     183.500     299.36
     184.000     301.95
     184.500     301.74
     185.000     299.84
     185.500     298.26
     186.000     297.74
     186.500     300.92
     187.000     298.50
     187.500     299.41
     188.000     301.27
     188.500     299.43
     189.000     303.47
     189.500     302.87
     190.000     295.55
     190.500     301.13
     191.000     303.25
     191.500     298.92
     192.000     298.77
     192.500     303.73
     193.000     301.33
     193.500     301.23
     194.000     301.78
     194.500     297.46
     195.000     299.89
     195.500     305.28
     196.000     299.16
     196.500     297.96
     197.000     298.33
     197.500     299.62
     198.000     296.84
     198.500     298.42
     199.000     303.76
     199.500     300.99
     200.000     304.06
     200.500     300.50
     201.000     299.93
     201.500     297.73
     202.000     298.17
     202.500     299.71
     203.000     302.30
     203.500     296.99
     204.000     300.91
     204.500     301.58
     205.000     300.22
     205.500     301.90
     206.000     299.65
     206.500     298.91
     207.000     301.47
     207.500     300.56
     208.000     301.39
     208.500     302.44
     209.000     300.25
     209.500     298.59
     210.000     300.50
     210.500     295.10
     211.000     297.08
     211.500     301.69
     212.000     301.67
     212.500     302.85
     213.000     303.45
     213.500     298.60
     214.000     300.40
     214.500     300.86
     215.000     299.65
     215.500     301.41
     216.000     301.74
     216.500     297.54
     217.000     302.16
     217.500     301.54
     218.000     301.62
     218.500     299.51
     219.000     300.04
     219.500     301.14
     220.000     299.67
     220.500     300.02
     221.000     299.14
     221.500     301.43
     222.000     300.75
     222.500     298.90
     223.000     298.63
     223.500     299.67
     224.000     300.72
     224.500     298.31
     225.000     300.17
     225.500     298.84
     226.000     299.89
     226.500     301.23
     227.000     299.49
     227.500     298.96
     228.000     297.03
     228.500     298.70
     229.000     301.94
     229.500     299.81
     230.000     298.81
     230.500     298.16
     231.000     298.59
     231.500     297.83
     232.000     299.21
     232.500     297.21
     233.000     301.77
     233.500     300.52
     234.000     298.61
     234.500     300.87
     235.000     300.15
     235.500     297.44
     236.000     298.16
     236.500     299.30
     237.000     299.96
     237.500     299.84
     238.000     297.71
     238.500     299.13
     239.000     302.87
     239.500     298.31
     240.000     299.94
     240.500     300.26
     241.000     302.34
     241.500     298.86
     242.000     300.53
     242.500     299.67
     243.000     299.07
     243.500     300.23
     244.000     301.35
     244.500     301.04
     245.000     302.93
     245.500     300.98
     246.000     303.15
     246.500     300.32
     247.000     297.27
     247.500     301.67
     248.000     299.86
     248.500     301.23
     249.000     300.15
     249.500     299.21
     250.000     297.33
     250.500     303.18
     251.000     300.56
     251.500     301.00
     252.000     299.77
     252.500     299.41
     253.000     300.13
     253.500     300.32
     254.000     299.54
     254.500     302.74
     255.000     300.88
     255.500     295.76
     256.000     301.32
     256.500     299.76
     257.000     299.87
     257.500     302.00
     258.000     298.32
     258.500     296.35
     259.000     299.97
     259.500     300.43
     260.000     300.22
     260.500     299.41
     261.000     302.64
     261.500     303.51
     262.000     299.79
     262.500     299.96
     263.000     299.42
     263.500     298.59
     264.000     299.36
     264.500     301.89
     265.000     298.15
     265.500     301.76
     266.000     297.19
     266.500     300.51
     267.000     301.39
     267.500     300.78
     268.000     297.69
     268.500     299.72
     269.000     299.90
     269.500     304.33
     270.000     301.65
     270.500     299.67
     271.000     298.40
     271.500     294.20
     272.000     301.73
     272.500     297.82
     273.000     302.16
     273.500     298.26
     274.000     301.32
     274.500     301.42
     275.000     302.41
     275.500     300.92
     276.000     295.87
     276.500     299.23
     277.000     300.68
     277.500     297.45
     278.000     297.65
     278.500     298.08
     279.000     297.92
     279.500     299.01
     280.000     298.61
     280.500     301.41
     281.000     297.87
     281.500     297.19
     282.000     296.84
     282.500     301.44
     283.000     296.59
     283.500     300.44
     284.000     301.23
     284.500     301.64
     285.000     301.21
     285.500     297.84
     286.000     295.24
     286.500     298.54
     287.000     298.48
     287.500     298.89
     288.000     295.22
     288.500     300.43
     289.000     299.59
     289.500     298.88
     290.000     301.86
     290.500     298.45
     291.000     299.92
     291.500     300.13
     292.000     297.44
     292.500     300.96
     293.000     300.97
     293.500     299.78
     294.000     301.74
     294.500     300.39
     295.000     300.38
     295.500     302.74
     296.000     300.80
     296.500     302.92
     297.000     299.32
     297.500     301.36
     298.000     300.07
     298.500     301.77
     299.000     298.43
     299.500     295.54
     300.000     297.55
     300.500     302.56
     301.000     301.70
     301.500     302.10
     302.000     299.87
     302.500     298.45
     303.000     303.33
     303.500     301.71
     304.000     296.65
     304.500     299.71
     305.000     303.06
     305.500     302.05
     306.000     297.72
     306.500     297.73
     307.000     299.55
     307.500     296.50
     308.000     297.94
     308.500     294.96
     309.000     296.40
     309.500     302.27
     310.000     299.22
     310.500     297.20
     311.000     306.25
     311.500     300.98
     312.000     300.64
     312.500     297.62
     313.000     299.08
     313.500     302.07
     314.000     300.30
     314.500     297.85
     315.000     300.77
     315.500     299.72
     316.000     299.81
     316.500     296.75
     317.000     301.29
     317.500     296.16
     318.000     297.44
     318.500     301.77
     319.000     299.72
     319.500     300.41
     320.000     297.90
     320.500     299.83
     321.000     295.23
     321.500     301.66
     322.000     299.28
     322.500     299.67
     323.000     305.01
     323.500     298.58
     324.000     302.19
     324.500     298.44
     325.000     301.76
     325.500     296.20
     326.000     298.28
     326.500     300.50
     327.000     303.90
     327.500     302.05
     328.000     299.90
     328.500     298.60
     329.000     300.67
     329.500     301.98
     330.000     297.83
     330.500     302.25
     331.000     302.02
     331.500     295.18
     332.000     300.02
     332.500     305.15
     333.000     300.75
     333.500     296.26
     334.000     299.89
     334.500     300.92
     335.000     297.09
     335.500     301.85
     336.000     300.27
     336.500     298.75
     337.000     302.12
     337.500     303.50
     338.000     297.99
     338.500     299.49
     339.000     296.71
     339.500     300.99
     340.000     295.31
     340.500     298.66
     341.000     296.23
     341.500     299.72
     342.000     299.86
     342.500     300.87
     343.000     302.53
     343.500     297.25
     344.000     300.54
     344.500     298.48
     345.000     299.41
     345.500     296.83
     346.000     300.98
     346.500     300.84
     347.000     297.99
     347.500     298.42
     348.000     298.63
     348.500     300.70
     349.000     298.18
     349.500     300.48
     350.000     302.00
     350.500     295.91
     351.000     301.29
     351.500     299.74
     352.000     300.62
     352.500     297.48
     353.000     296.61
     353.500     299.82
     354.000     302.23
     354.500     295.63
     355.000     301.62
     355.500     299.13
     356.000     300.48
     356.500     303.12
     357.000     299.65
     357.500     298.52
     358.000     300.74
     358.500     299.16
     359.000     303.17
     359.500     299.64
     360.000     298.67
     360.500     301.08
     361.000     302.10
     361.500     298.42
     362.000     302.86
     362.500     300.06
     363.000     297.92
     363.500     296.62
     364.000     301.33
     364.500     304.51
     365.000     298.05
     365.500     297.12
     366.000     298.81
     366.500     300.28
     367.000     299.33
     367.500     299.67
     368.000     298.36
     368.500     299.82
     369.000     299.57
     369.500     295.18
     370.000     297.87
     370.500     300.66
     371.000     299.44
     371.500     304.46
     372.000     299.27
     372.500     299.84
     373.000     295.68
     373.500     303.11
     374.000     302.73
     374.500     300.15
     375.000     299.35
     375.500     300.60
     376.000     298.83
     376.500     301.64
     377.000     300.61
     377.500     299.36
     378.000     300.94
     378.500     297.19
     379.000     300.54
     379.500     302.20
     380.000     300.44
     380.500     300.07
     381.000     300.30
     381.500     300.77
     382.000     298.17
     382.500     298.01
     383.000     299.52
     383.500     300.19
     384.000     300.82
     384.500     300.98
     385.000     298.34
     385.500     302.91
     386.000     298.68
     386.500     299.73
     387.000     300.48
     387.500     298.40
     388.000     302.56
     388.500     300.21
     389.000     298.56
     389.500     297.72
     390.000     298.76
     390.500     299.52
     391.000     299.62
     391.500     304.41
     392.000     302.60
     392.500     297.21
     393.000     300.36
     393.500     300.12
     394.000     300.37
     394.500     298.52
     395.000     303.92
     395.500     299.09
     396.000     298.11
     396.500     298.28
     397.000     301.06
     397.500     300.58
     398.000     297.29
     398.500     302.44
     399.000     303.42
     399.500     301.41
     400.000     297.64
