1			-1.3782E+05
5			-1.3783E+05
10			-1.3786E+05
15			-1.3792E+05
20			-1.3801E+05
25			-1.3809E+05
30			-1.3813E+05
35			-1.3815E+05
40			-1.3818E+05
45			-1.3821E+05
50			-1.3825E+05
55			-1.3826E+05
60			-1.3828E+05
65			-1.3832E+05
70			-1.3834E+05
75			-1.3836E+05
80			-1.3838E+05
85			-1.3840E+05
90			-1.3842E+05
95			-1.3844E+05
100			-1.3846E+05
105			-1.3848E+05
110			-1.3850E+05
115			-1.3851E+05
120			-1.3853E+05
125			-1.3854E+05
130			-1.3856E+05
135			-1.3858E+05
140			-1.3859E+05
145			-1.3860E+05
150			-1.3862E+05
155			-1.3863E+05
160			-1.3865E+05
165			-1.3867E+05
170			-1.3868E+05
175			-1.3869E+05
180			-1.3871E+05
185			-1.3872E+05
190			-1.3874E+05
195			-1.3875E+05
200			-1.3876E+05
205			-1.3877E+05
210			-1.3896E+05
215			-1.3909E+05
220			-1.3915E+05
225			-1.3921E+05
230			-1.3921E+05
235			-1.3925E+05
240			-1.3927E+05
245			-1.3930E+05
250			-1.3934E+05
255			-1.3935E+05
260			-1.3938E+05
265			-1.3939E+05
270			-1.3942E+05
275			-1.3944E+05
280			-1.3945E+05
285			-1.3947E+05
290			-1.3948E+05
295			-1.3951E+05
300			-1.3953E+05
305			-1.3953E+05
310			-1.3956E+05
315			-1.3957E+05
320			-1.3959E+05
325			-1.3961E+05
330			-1.3962E+05
335			-1.3964E+05
340			-1.3965E+05
345			-1.3967E+05
350			-1.3969E+05
355			-1.3969E+05
360			-1.3971E+05
365			-1.3972E+05
370			-1.3974E+05
375			-1.3976E+05
380			-1.3976E+05
385			-1.3979E+05
390			-1.3980E+05
395			-1.3982E+05
400			-1.3983E+05
405			-1.3983E+05
410			-1.3985E+05
415			-1.3986E+05
420			-1.3987E+05
425			-1.3992E+05
430			-1.3992E+05
435			-1.3994E+05
440			-1.3996E+05
445			-1.3997E+05
450			-1.3998E+05
455			-1.3999E+05
460			-1.4000E+05
465			-1.4001E+05
470			-1.4003E+05
475			-1.4005E+05
480			-1.4005E+05
485			-1.4007E+05
490			-1.4008E+05
495			-1.4009E+05
500			-1.4010E+05
505			-1.4011E+05
510			-1.4012E+05
515			-1.4013E+05
520			-1.4014E+05
525			-1.4016E+05
530			-1.4016E+05
535			-1.4018E+05
540			-1.4019E+05
545			-1.4020E+05
550			-1.4021E+05
555			-1.4021E+05
560			-1.4022E+05
565			-1.4023E+05
570			-1.4024E+05
575			-1.4026E+05
580			-1.4026E+05
585			-1.4027E+05
590			-1.4028E+05
595			-1.4030E+05
600			-1.4031E+05
605			-1.4031E+05
610			-1.4032E+05
615			-1.4033E+05
620			-1.4034E+05
625			-1.4037E+05
630			-1.4037E+05
635			-1.4038E+05
640			-1.4039E+05
645			-1.4040E+05
650			-1.4041E+05
655			-1.4041E+05
660			-1.4042E+05
665			-1.4043E+05
670			-1.4045E+05
675			-1.4049E+05
680			-1.4050E+05
685			-1.4052E+05
690			-1.4053E+05
695			-1.4054E+05
700			-1.4055E+05
705			-1.4055E+05
710			-1.4056E+05
715			-1.4057E+05
720			-1.4058E+05
725			-1.4062E+05
730			-1.4062E+05
735			-1.4064E+05
740			-1.4064E+05
745			-1.4065E+05
750			-1.4066E+05
755			-1.4067E+05
760			-1.4068E+05
765			-1.4069E+05
770			-1.4069E+05
775			-1.4071E+05
780			-1.4071E+05
785			-1.4073E+05
790			-1.4074E+05
795			-1.4074E+05
800			-1.4075E+05
805			-1.4075E+05
810			-1.4076E+05
815			-1.4077E+05
820			-1.4077E+05
825			-1.4079E+05
830			-1.4079E+05
835			-1.4080E+05
840			-1.4081E+05
845			-1.4082E+05
850			-1.4083E+05
855			-1.4083E+05
860			-1.4083E+05
865			-1.4084E+05
870			-1.4085E+05
875			-1.4087E+05
880			-1.4087E+05
885			-1.4088E+05
890			-1.4088E+05
895			-1.4089E+05
900			-1.4090E+05
905			-1.4090E+05
910			-1.4091E+05
915			-1.4092E+05
920			-1.4092E+05
925			-1.4094E+05
930			-1.4094E+05
935			-1.4095E+05
940			-1.4095E+05
945			-1.4096E+05
950			-1.4097E+05
955			-1.4097E+05
960			-1.4098E+05
965			-1.4099E+05
970			-1.4100E+05
975			-1.4100E+05
980			-1.4100E+05
985			-1.4101E+05
990			-1.4101E+05
995			-1.4103E+05
1000			-1.4104E+05
