1			-6.3296E+04
5			-7.3079E+04
10			-8.1977E+04
15			-8.7165E+04
20			-9.3337E+04
25			-1.0195E+05
30			-1.1025E+05
35			-1.1370E+05
40			-1.1508E+05
45			-1.1600E+05
50			-1.1689E+05
55			-1.1787E+05
60			-1.1847E+05
65			-1.1905E+05
70			-1.1956E+05
75			-1.2003E+05
80			-1.2039E+05
85			-1.2075E+05
90			-1.2107E+05
95			-1.2136E+05
100			-1.2175E+05
105			-1.2188E+05
110			-1.2213E+05
115			-1.2237E+05
120			-1.2279E+05
125			-1.2301E+05
130			-1.2324E+05
135			-1.2345E+05
140			-1.2363E+05
145			-1.2377E+05
150			-1.2393E+05
155			-1.2407E+05
160			-1.2423E+05
165			-1.2442E+05
170			-1.2448E+05
175			-1.2462E+05
180			-1.2484E+05
185			-1.2496E+05
190			-1.2508E+05
195			-1.2521E+05
200			-1.2534E+05
205			-1.2540E+05
210			-1.2672E+05
215			-1.2776E+05
220			-1.2817E+05
225			-1.2868E+05
230			-1.2868E+05
235			-1.2893E+05
240			-1.2906E+05
245			-1.2929E+05
250			-1.2983E+05
255			-1.2983E+05
260			-1.3009E+05
265			-1.3019E+05
270			-1.3038E+05
275			-1.3054E+05
280			-1.3054E+05
285			-1.3071E+05
290			-1.3077E+05
295			-1.3097E+05
300			-1.3124E+05
305			-1.3125E+05
310			-1.3147E+05
315			-1.3155E+05
320			-1.3168E+05
325			-1.3177E+05
330			-1.3177E+05
335			-1.3186E+05
340			-1.3192E+05
345			-1.3211E+05
350			-1.3231E+05
355			-1.3231E+05
360			-1.3250E+05
365			-1.3258E+05
370			-1.3267E+05
375			-1.3275E+05
380			-1.3275E+05
385			-1.3283E+05
390			-1.3288E+05
395			-1.3302E+05
400			-1.3316E+05
405			-1.3316E+05
410			-1.3331E+05
415			-1.3339E+05
420			-1.3346E+05
425			-1.3351E+05
430			-1.3352E+05
435			-1.3358E+05
440			-1.3362E+05
445			-1.3376E+05
450			-1.3385E+05
455			-1.3385E+05
460			-1.3396E+05
465			-1.3403E+05
470			-1.3408E+05
475			-1.3413E+05
480			-1.3413E+05
485			-1.3418E+05
490			-1.3422E+05
495			-1.3435E+05
500			-1.3443E+05
505			-1.3443E+05
510			-1.3455E+05
515			-1.3461E+05
520			-1.3465E+05
525			-1.3469E+05
530			-1.3470E+05
535			-1.3474E+05
540			-1.3477E+05
545			-1.3488E+05
550			-1.3495E+05
555			-1.3495E+05
560			-1.3505E+05
565			-1.3510E+05
570			-1.3514E+05
575			-1.3519E+05
580			-1.3519E+05
585			-1.3524E+05
590			-1.3526E+05
595			-1.3535E+05
600			-1.3542E+05
605			-1.3543E+05
610			-1.3551E+05
615			-1.3555E+05
620			-1.3559E+05
625			-1.3563E+05
630			-1.3563E+05
635			-1.3567E+05
640			-1.3569E+05
645			-1.3575E+05
650			-1.3580E+05
655			-1.3580E+05
660			-1.3585E+05
665			-1.3589E+05
670			-1.3592E+05
675			-1.3594E+05
680			-1.3595E+05
685			-1.3597E+05
690			-1.3599E+05
695			-1.3605E+05
700			-1.3608E+05
705			-1.3608E+05
710			-1.3612E+05
715			-1.3616E+05
720			-1.3619E+05
725			-1.3621E+05
730			-1.3621E+05
735			-1.3624E+05
740			-1.3626E+05
745			-1.3631E+05
750			-1.3633E+05
755			-1.3634E+05
760			-1.3637E+05
765			-1.3640E+05
770			-1.3642E+05
775			-1.3644E+05
780			-1.3645E+05
785			-1.3647E+05
790			-1.3650E+05
795			-1.3652E+05
800			-1.3657E+05
805			-1.3657E+05
810			-1.3659E+05
815			-1.3661E+05
820			-1.3665E+05
825			-1.3668E+05
830			-1.3669E+05
835			-1.3673E+05
840			-1.3675E+05
845			-1.3678E+05
850			-1.3679E+05
855			-1.3679E+05
860			-1.3680E+05
865			-1.3683E+05
870			-1.3685E+05
875			-1.3688E+05
880			-1.3688E+05
885			-1.3692E+05
890			-1.3693E+05
895			-1.3696E+05
900			-1.3697E+05
905			-1.3697E+05
910			-1.3699E+05
915			-1.3701E+05
920			-1.3703E+05
925			-1.3706E+05
930			-1.3706E+05
935			-1.3710E+05
940			-1.3711E+05
945			-1.3714E+05
950			-1.3715E+05
955			-1.3715E+05
960			-1.3716E+05
965			-1.3718E+05
970			-1.3720E+05
975			-1.3722E+05
980			-1.3723E+05
985			-1.3725E+05
990			-1.3727E+05
995			-1.3729E+05
1000			-1.3730E+05
