       0.000           0.0000
       0.500         168.1169
       1.000         237.0703
       1.500         326.9393
       2.000         437.5322
       2.500         548.6990
       3.000         659.8888
       3.500         773.2166
       4.000         893.7064
       4.500         990.5413
       5.000        1113.0027
       5.500        1231.6790
       6.000        1328.5813
       6.500        1436.2554
       7.000        1557.2936
       7.500        1678.4785
       8.000        1760.4404
       8.500        1896.4636
       9.000        2030.5933
       9.500        2141.0710
      10.000        2254.6716
      10.500        2344.4077
      11.000        2466.7588
      11.500        2551.7244
      12.000        2648.1401
      12.500        2792.3984
      13.000        2915.2861
      13.500        3029.7996
      14.000        3111.4102
      14.500        3253.2861
      15.000        3338.4688
      15.500        3425.7012
      16.000        3587.1621
      16.500        3675.6729
      17.000        3816.3528
      17.500        3885.8687
      18.000        4008.6721
      18.500        4143.6704
      19.000        4253.4707
      19.500        4370.8428
      20.000        4465.2397
      20.500        4565.1826
      21.000        4590.0874
      21.500        4663.2119
      22.000        4666.9971
      22.500        4772.4438
      23.000        4799.7900
      23.500        4935.2461
      24.000        5014.9385
      24.500        5009.8345
      25.000        5004.4785
      25.500        5103.1958
      26.000        5210.2612
      26.500        5211.6704
      27.000        5236.1484
      27.500        5328.1704
      28.000        5434.2554
      28.500        5459.1504
      29.000        5546.7583
      29.500        5541.9219
      30.000        5569.8740
      30.500        5689.2832
      31.000        5780.7227
      31.500        5723.7109
      32.000        5889.0298
      32.500        5897.1260
      33.000        5912.3423
      33.500        6011.3579
      34.000        6124.6772
      34.500        6184.1587
      35.000        6176.9097
      35.500        6214.6772
      36.000        6388.7339
      36.500        6286.6860
      37.000        6447.7686
      37.500        6486.8135
      38.000        6470.3853
      38.500        6541.1401
      39.000        6605.5718
      39.500        6683.9316
      40.000        6717.0039
      40.500        6848.7104
      41.000        6844.5933
      41.500        7023.2295
      42.000        6950.6870
      42.500        6973.0688
      43.000        7071.5352
      43.500        7099.3989
      44.000        7173.2944
      44.500        7196.8955
      45.000        7257.4375
      45.500        7310.5615
      46.000        7457.3936
      46.500        7387.6118
      47.000        7574.0532
      47.500        7674.3154
      48.000        7702.8955
      48.500        7764.0640
      49.000        7815.7842
      49.500        7844.6821
      50.000        7772.3486
      50.500        7914.3379
      51.000        8004.0234
      51.500        8060.1797
      52.000        8113.6680
      52.500        8067.0059
      53.000        8126.4072
      53.500        8224.5000
      54.000        8284.0283
      54.500        8361.0771
      55.000        8417.8506
      55.500        8352.7969
      56.000        8569.4971
      56.500        8603.8438
      57.000        8627.9131
      57.500        8619.5674
      58.000        8718.8408
      58.500        8917.0303
      59.000        8962.0957
      59.500        8925.9717
      60.000        8947.7617
      60.500        9057.2021
      61.000        9185.0957
      61.500        9111.0049
      62.000        9125.0352
      62.500        9036.8701
      63.000        9178.1709
      63.500        9301.1719
      64.000        9179.3574
      64.500        9237.5254
      65.000        9225.1299
      65.500        9257.6895
      66.000        9356.2148
      66.500        9486.0352
      67.000        9333.0527
      67.500        9445.5957
      68.000        9400.4170
      68.500        9381.7861
      69.000        9458.5049
      69.500        9546.6924
      70.000        9449.9883
      70.500        9492.2305
      71.000        9610.2393
      71.500        9729.6445
      72.000        9621.8340
      72.500        9677.9150
      73.000        9726.6924
      73.500        9709.2002
      74.000        9753.0020
      74.500        9854.1523
      75.000        9931.5947
      75.500        9895.8682
      76.000        9903.3018
      76.500        9877.9785
      77.000        9941.9082
      77.500       10016.3906
      78.000        9923.3740
      78.500        9954.2354
      79.000        9989.1182
      79.500       10064.0303
      80.000       10141.7158
      80.500       10103.1133
      81.000       10248.7031
      81.500       10216.0410
      82.000       10222.0391
      82.500       10166.2764
      83.000       10274.5615
      83.500       10412.0830
      84.000       10370.7861
      84.500       10278.8330
      85.000       10353.5752
      85.500       10468.8750
      86.000       10480.6348
      86.500       10544.1641
      87.000       10444.8799
      87.500       10462.2920
      88.000       10514.7910
      88.500       10524.2754
      89.000       10655.2168
      89.500       10650.2578
      90.000       10810.8301
      90.500       10658.2217
      91.000       10613.5801
      91.500       10734.5820
      92.000       10759.9736
      92.500       10716.3525
      93.000       10831.9023
      93.500       10895.3936
      94.000       10934.4648
      94.500       10779.7490
      95.000       10864.7881
      95.500       11027.2744
      96.000       11029.2930
      96.500       10959.4717
      97.000       11087.0986
      97.500       11093.8359
      98.000       11222.8311
      98.500       11174.6719
      99.000       11048.8066
      99.500       11278.7930
     100.000       11383.1992
     100.500       11231.1582
     101.000       11340.5459
     101.500       11332.0342
     102.000       11326.4502
     102.500       11387.8662
     103.000       11337.8965
     103.500       11471.4180
     104.000       11585.2578
     104.500       11548.1768
     105.000       11563.3857
     105.500       11620.1221
     106.000       11523.4189
     106.500       11586.7783
     107.000       11562.2451
     107.500       11706.7002
     108.000       11733.7314
     108.500       11623.9238
     109.000       11775.9277
     109.500       11715.5312
     110.000       11875.9014
     110.500       11954.2998
     111.000       11896.2334
     111.500       11814.2012
     112.000       11964.4746
     112.500       11855.9346
     113.000       11869.7139
     113.500       12075.2598
     114.000       12083.1084
     114.500       12007.7002
     115.000       12075.7832
     115.500       12188.2080
     116.000       12102.2480
     116.500       12142.1426
     117.000       12313.2031
     117.500       12277.7949
     118.000       12246.7852
     118.500       12269.0869
     119.000       12381.7676
     119.500       12384.7490
     120.000       12395.9473
     120.500       12510.2656
     121.000       12439.7197
     121.500       12462.6768
     122.000       12430.5156
     122.500       12546.6670
     123.000       12519.5352
     123.500       12472.4805
     124.000       12525.7432
     124.500       12709.5010
     125.000       12693.8730
     125.500       12642.9639
     126.000       12682.1895
     126.500       12787.9443
     127.000       12775.8164
     127.500       12849.9697
     128.000       12657.1426
     128.500       12801.7822
     129.000       12934.2031
     129.500       12861.4346
     130.000       13042.8740
     130.500       13011.0537
     131.000       12866.7188
     131.500       12927.3604
     132.000       13054.5098
     132.500       12917.7920
     133.000       13068.3506
     133.500       13096.9258
     134.000       13126.6455
     134.500       13092.2012
     135.000       13090.8438
     135.500       13326.6113
     136.000       13268.0332
     136.500       12947.5527
     137.000       13318.7646
     137.500       13415.5469
     138.000       13391.2236
     138.500       13428.9766
     139.000       13476.9189
     139.500       13301.3721
     140.000       13355.9580
     140.500       13504.9619
     141.000       13454.7480
     141.500       13530.5312
     142.000       13411.6465
     142.500       13599.8691
     143.000       13460.8594
     143.500       13596.6484
     144.000       13529.0664
     144.500       13400.7236
     145.000       13421.4561
     145.500       13521.0195
     146.000       13437.4463
     146.500       13554.9668
     147.000       13322.5742
     147.500       13613.6396
     148.000       13414.2607
     148.500       13397.1328
     149.000       13482.5625
     149.500       13485.0908
     150.000       13461.6016
     150.500       13554.8506
     151.000       13492.5781
     151.500       13510.5518
     152.000       13591.8945
     152.500       13536.7266
     153.000       13510.7188
     153.500       13550.5264
     154.000       13443.8584
     154.500       13395.0527
     155.000       13247.8311
     155.500       13493.8975
     156.000       13485.7832
     156.500       13488.5908
     157.000       13504.5254
     157.500       13577.2188
     158.000       13460.5898
     158.500       13505.2744
     159.000       13388.7178
     159.500       13450.0859
     160.000       13306.0518
     160.500       13355.7324
     161.000       13440.3799
     161.500       13551.3477
     162.000       13508.2227
     162.500       13472.4268
     163.000       13496.2021
     163.500       13653.4863
     164.000       13427.2500
     164.500       13464.7158
     165.000       13399.5078
     165.500       13438.4346
     166.000       13476.1387
     166.500       13482.9658
     167.000       13524.0430
     167.500       13628.7598
     168.000       13527.2695
     168.500       13469.8301
     169.000       13420.4258
     169.500       13503.1211
     170.000       13592.3291
     170.500       13413.6387
     171.000       13410.4023
     171.500       13591.7275
     172.000       13420.2705
     172.500       13491.2061
     173.000       13708.4512
     173.500       13373.7002
     174.000       13466.5400
     174.500       13383.5234
     175.000       13368.8350
     175.500       13500.3242
     176.000       13433.6025
     176.500       13469.4980
     177.000       13416.1826
     177.500       13433.8154
     178.000       13275.2266
     178.500       13473.2119
     179.000       13504.7168
     179.500       13487.9756
     180.000       13425.7637
     180.500       13635.3779
     181.000       13568.6875
     181.500       13396.9199
     182.000       13533.3584
     182.500       13400.0771
     183.000       13455.0098
     183.500       13527.3555
     184.000       13317.6729
     184.500       13562.4414
     185.000       13611.4902
     185.500       13490.7178
     186.000       13453.0146
     186.500       13408.9316
     187.000       13383.0635
     187.500       13272.2568
     188.000       13363.1572
     188.500       13425.4209
     189.000       13483.2051
     189.500       13466.9375
     190.000       13536.1680
     190.500       13648.6738
     191.000       13485.3252
     191.500       13423.8545
     192.000       13397.8887
     192.500       13448.6592
     193.000       13463.3330
     193.500       13492.4434
     194.000       13442.8457
     194.500       13595.1348
     195.000       13389.5771
     195.500       13565.9619
     196.000       13392.9502
     196.500       13601.7598
     197.000       13422.6484
     197.500       13541.3359
     198.000       13429.3057
     198.500       13625.3506
     199.000       13465.3467
     199.500       13394.7246
     200.000       13281.2354
     200.500       13343.5684
     201.000       13570.4629
     201.500       13495.8643
     202.000       13572.0674
     202.500       13439.0049
     203.000       13408.6689
     203.500       13520.1895
     204.000       13376.2334
     204.500       13596.2900
     205.000       13508.1211
     205.500       13560.8652
     206.000       13495.6611
     206.500       13484.0439
     207.000       13373.6289
     207.500       13369.7256
     208.000       13471.8877
     208.500       13517.5381
     209.000       13422.6816
     209.500       13586.9287
     210.000       13657.6484
     210.500       13485.8887
     211.000       13522.6973
     211.500       13438.5137
     212.000       13391.4395
     212.500       13535.3018
     213.000       13483.2402
     213.500       13585.4043
     214.000       13590.0547
     214.500       13447.3350
     215.000       13482.9824
     215.500       13333.8047
     216.000       13354.7139
     216.500       13418.9160
     217.000       13445.5566
     217.500       13570.2969
     218.000       13577.7920
     218.500       13595.1445
     219.000       13604.3340
     219.500       13527.8105
     220.000       13709.0264
     220.500       13486.4043
     221.000       13596.6680
     221.500       13688.8789
     222.000       13509.8223
     222.500       13385.2793
     223.000       13514.8096
     223.500       13443.5127
     224.000       13512.8623
     224.500       13565.4961
     225.000       13453.7490
     225.500       13418.8750
     226.000       13505.8457
     226.500       13453.3574
     227.000       13608.5391
     227.500       13556.9268
     228.000       13683.7002
     228.500       13365.4844
     229.000       13303.2158
     229.500       13563.0186
     230.000       13623.5811
     230.500       13508.8311
     231.000       13407.8262
     231.500       13376.9561
     232.000       13482.2412
     232.500       13508.0977
     233.000       13464.6416
     233.500       13590.1660
     234.000       13387.8555
     234.500       13496.8105
     235.000       13568.8213
     235.500       13410.8184
     236.000       13550.3906
     236.500       13696.2363
     237.000       13570.9658
     237.500       13383.7305
     238.000       13375.5088
     238.500       13557.3320
     239.000       13459.3135
     239.500       13609.3545
     240.000       13330.6924
     240.500       13386.2256
     241.000       13405.1221
     241.500       13270.0850
     242.000       13442.1221
     242.500       13504.5908
     243.000       13431.9287
     243.500       13570.8145
     244.000       13458.2441
     244.500       13527.0107
     245.000       13516.8633
     245.500       13447.7363
     246.000       13375.9004
     246.500       13496.6289
     247.000       13765.6689
     247.500       13368.8418
     248.000       13373.4365
     248.500       13479.9561
     249.000       13363.0840
     249.500       13697.0146
     250.000       13446.3506
     250.500       13557.7490
     251.000       13723.4619
     251.500       13454.6504
     252.000       13476.7383
     252.500       13387.6855
     253.000       13536.9912
     253.500       13483.2080
     254.000       13366.0732
     254.500       13489.8066
     255.000       13448.3984
     255.500       13623.0918
     256.000       13426.6992
     256.500       13480.0479
     257.000       13480.8535
     257.500       13473.4521
     258.000       13556.6924
     258.500       13497.4932
     259.000       13606.3223
     259.500       13479.2510
     260.000       13500.5752
     260.500       13436.1504
     261.000       13425.6230
     261.500       13484.8574
     262.000       13537.3838
     262.500       13460.3135
     263.000       13538.0781
     263.500       13517.7979
     264.000       13511.4883
     264.500       13386.3398
     265.000       13632.9102
     265.500       13320.2031
     266.000       13501.2344
     266.500       13464.1543
     267.000       13414.4287
     267.500       13551.8965
     268.000       13486.1504
     268.500       13391.7383
     269.000       13448.9795
     269.500       13527.7334
     270.000       13318.4814
     270.500       13387.2158
     271.000       13489.2559
     271.500       13563.7402
     272.000       13401.5449
     272.500       13476.8535
     273.000       13483.2725
     273.500       13330.4199
     274.000       13404.3555
     274.500       13737.3945
     275.000       13490.4785
     275.500       13603.4775
     276.000       13506.4697
     276.500       13490.9648
     277.000       13320.2549
     277.500       13433.1543
     278.000       13409.3477
     278.500       13400.1777
     279.000       13530.0195
     279.500       13368.4844
     280.000       13505.4893
     280.500       13543.6035
     281.000       13397.5137
     281.500       13333.7139
     282.000       13683.6582
     282.500       13605.7363
     283.000       13522.5508
     283.500       13465.3896
     284.000       13640.0010
     284.500       13650.0195
     285.000       13446.2568
     285.500       13495.7100
     286.000       13467.2842
     286.500       13493.9824
     287.000       13530.6299
     287.500       13318.8555
     288.000       13509.0576
     288.500       13499.2695
     289.000       13355.9941
     289.500       13511.1904
     290.000       13175.8350
     290.500       13362.1348
     291.000       13423.7354
     291.500       13578.8408
     292.000       13492.2598
     292.500       13308.3262
     293.000       13625.5605
     293.500       13416.0244
     294.000       13601.3965
     294.500       13621.1191
     295.000       13442.6211
     295.500       13449.8213
     296.000       13631.8682
     296.500       13472.6787
     297.000       13336.6816
     297.500       13397.3398
     298.000       13461.7080
     298.500       13575.9736
     299.000       13510.1484
     299.500       13449.4756
     300.000       13598.3037
     300.500       13549.7969
     301.000       13543.6348
     301.500       13473.6904
     302.000       13510.6660
     302.500       13296.1377
     303.000       13597.8887
     303.500       13582.8535
     304.000       13597.3438
     304.500       13505.8369
     305.000       13457.2783
     305.500       13453.9736
     306.000       13460.6445
     306.500       13499.2217
     307.000       13359.9424
     307.500       13403.6484
     308.000       13408.0225
     308.500       13311.1670
     309.000       13491.1953
     309.500       13510.9121
     310.000       13587.4502
     310.500       13532.2168
     311.000       13527.2432
     311.500       13302.9707
     312.000       13487.6836
     312.500       13533.5801
     313.000       13463.1729
     313.500       13586.9600
     314.000       13456.0195
     314.500       13575.0840
     315.000       13368.9268
     315.500       13452.3584
     316.000       13338.2900
     316.500       13447.6006
     317.000       13418.5195
     317.500       13411.7891
     318.000       13411.1104
     318.500       13435.7012
     319.000       13463.0898
     319.500       13583.0430
     320.000       13600.8613
     320.500       13590.9072
     321.000       13667.2998
     321.500       13677.4121
     322.000       13683.4922
     322.500       13655.3193
     323.000       13341.2402
     323.500       13603.2520
     324.000       13492.9873
     324.500       13484.4014
     325.000       13455.0791
     325.500       13447.9697
     326.000       13600.3691
     326.500       13417.5254
     327.000       13687.2109
     327.500       13464.9404
     328.000       13335.6299
     328.500       13375.1709
     329.000       13204.6816
     329.500       13406.2852
     330.000       13712.1494
     330.500       13566.1113
     331.000       13601.0859
     331.500       13407.9238
     332.000       13623.0850
     332.500       13322.3857
     333.000       13556.3008
     333.500       13479.2158
     334.000       13559.1973
     334.500       13307.7920
     335.000       13369.8340
     335.500       13480.3125
     336.000       13601.1299
     336.500       13526.8184
     337.000       13540.6875
     337.500       13587.1338
     338.000       13511.4697
     338.500       13434.4121
     339.000       13476.1387
     339.500       13372.0664
     340.000       13422.1201
     340.500       13351.5791
     341.000       13457.9775
     341.500       13460.3193
     342.000       13459.8027
     342.500       13523.2471
     343.000       13650.3662
     343.500       13426.1152
     344.000       13323.7402
     344.500       13507.3008
     345.000       13471.5840
     345.500       13410.8008
     346.000       13491.4590
     346.500       13515.5576
     347.000       13491.0664
     347.500       13571.3594
     348.000       13474.9404
     348.500       13516.4326
     349.000       13620.2207
     349.500       13351.2881
     350.000       13490.7617
     350.500       13597.7168
     351.000       13615.7275
     351.500       13499.3643
     352.000       13534.1953
     352.500       13601.4600
     353.000       13372.1328
     353.500       13688.5840
     354.000       13495.5928
     354.500       13486.2998
     355.000       13423.4688
     355.500       13392.9326
     356.000       13369.7686
     356.500       13556.6094
     357.000       13674.8428
     357.500       13470.2988
     358.000       13612.9570
     358.500       13538.8477
     359.000       13439.5312
     359.500       13499.6240
     360.000       13693.7266
     360.500       13413.3564
     361.000       13643.6104
     361.500       13487.4277
     362.000       13519.6836
     362.500       13421.8779
     363.000       13562.8203
     363.500       13519.2129
     364.000       13287.2129
     364.500       13532.6846
     365.000       13531.4131
     365.500       13673.2510
     366.000       13462.2803
     366.500       13506.0059
     367.000       13460.8418
     367.500       13377.0449
     368.000       13469.8633
     368.500       13492.7686
     369.000       13503.5479
     369.500       13364.1748
     370.000       13454.4395
     370.500       13595.4805
     371.000       13474.9805
     371.500       13604.0479
     372.000       13753.7002
     372.500       13574.0059
     373.000       13472.6914
     373.500       13584.6738
     374.000       13405.2275
     374.500       13485.5400
     375.000       13502.6211
     375.500       13486.3799
     376.000       13561.3887
     376.500       13390.4717
     377.000       13626.8320
     377.500       13440.3379
     378.000       13381.2461
     378.500       13496.6777
     379.000       13406.0010
     379.500       13467.8477
     380.000       13568.2188
     380.500       13450.9014
     381.000       13549.3887
     381.500       13483.5156
     382.000       13593.3809
     382.500       13492.5137
     383.000       13608.8379
     383.500       13578.1260
     384.000       13328.7607
     384.500       13350.1982
     385.000       13490.9980
     385.500       13669.4570
     386.000       13399.2852
     386.500       13493.4912
     387.000       13708.0527
     387.500       13463.5811
     388.000       13534.4141
     388.500       13670.0137
     389.000       13500.6455
     389.500       13442.8750
     390.000       13532.8262
     390.500       13544.6748
     391.000       13475.2236
     391.500       13416.6611
     392.000       13505.2734
     392.500       13634.7803
     393.000       13416.0664
     393.500       13562.1240
     394.000       13365.7422
     394.500       13558.8164
     395.000       13543.9453
     395.500       13436.2910
     396.000       13594.3184
     396.500       13467.2090
     397.000       13480.8604
     397.500       13586.0947
     398.000       13462.6328
     398.500       13471.8291
     399.000       13541.5059
     399.500       13505.4199
     400.000       13524.7695
