       0.000     -134411.3553
       0.500      -95791.9522
       1.000      -96117.5805
       1.500      -96216.4657
       2.000      -96242.9362
       2.500      -96223.3183
       3.000      -96200.2060
       3.500      -96164.9597
       4.000      -96145.0741
       4.500      -96094.8424
       5.000      -96028.1247
       5.500      -95963.5691
       6.000      -95909.8560
       6.500      -95806.4972
       7.000      -95737.9958
       7.500      -95658.3432
       8.000      -95577.7359
       8.500      -95495.2747
       9.000      -95449.4608
       9.500      -95353.0837
      10.000      -95311.0224
      10.500      -95222.0850
      11.000      -95154.4774
      11.500      -95055.3108
      12.000      -94981.0827
      12.500      -94948.7363
      13.000      -94814.8315
      13.500      -94783.2718
      14.000      -94648.5773
      14.500      -94555.8206
      15.000      -94530.3773
      15.500      -94403.3443
      16.000      -94357.5370
      16.500      -94258.7637
      17.000      -94145.2316
      17.500      -94086.7436
      18.000      -93978.2972
      18.500      -93930.9878
      19.000      -93772.6296
      19.500      -93702.3115
      20.000      -93580.9190
      20.500      -93595.1509
      21.000      -93568.6846
      21.500      -93548.9403
      22.000      -93499.4207
      22.500      -93485.4730
      23.000      -93419.5012
      23.500      -93423.6669
      24.000      -93342.9306
      24.500      -93333.6912
      25.000      -93265.7737
      25.500      -93272.7923
      26.000      -93199.2711
      26.500      -93090.1492
      27.000      -93115.2709
      27.500      -93063.2388
      28.000      -93111.1244
      28.500      -92978.1096
      29.000      -92991.7056
      29.500      -92973.2930
      30.000      -92887.1819
      30.500      -92851.8323
      31.000      -92858.8391
      31.500      -92724.2158
      32.000      -92727.7070
      32.500      -92773.3493
      33.000      -92676.6970
      33.500      -92703.6843
      34.000      -92537.7293
      34.500      -92493.6606
      35.000      -92456.2314
      35.500      -92394.9500
      36.000      -92444.4061
      36.500      -92296.7572
      37.000      -92291.0525
      37.500      -92251.9791
      38.000      -92275.1638
      38.500      -92289.6089
      39.000      -92194.5761
      39.500      -92117.4195
      40.000      -91992.7813
      40.500      -92019.0639
      41.000      -91977.9320
      41.500      -91852.2523
      42.000      -91876.2522
      42.500      -91810.7769
      43.000      -91685.2441
      43.500      -91654.7320
      44.000      -91624.3364
      44.500      -91643.5931
      45.000      -91558.3152
      45.500      -91522.3107
      46.000      -91513.6207
      46.500      -91345.6877
      47.000      -91441.2112
      47.500      -91352.2907
      48.000      -91382.9403
      48.500      -91312.5602
      49.000      -91257.1002
      49.500      -91242.5657
      50.000      -91101.9700
      50.500      -91102.3936
      51.000      -91023.8781
      51.500      -90994.9608
      52.000      -90924.4812
      52.500      -90921.5541
      53.000      -90885.3187
      53.500      -90755.3548
      54.000      -90749.8276
      54.500      -90708.7234
      55.000      -90641.6429
      55.500      -90497.6559
      56.000      -90483.2853
      56.500      -90398.8421
      57.000      -90362.5462
      57.500      -90291.5958
      58.000      -90220.9137
      58.500      -90215.2951
      59.000      -90202.2840
      59.500      -90211.3609
      60.000      -90017.2714
      60.500      -89939.7880
      61.000      -90012.5968
      61.500      -90086.2628
      62.000      -90144.6172
      62.500      -89908.2558
      63.000      -89774.2607
      63.500      -89791.6212
      64.000      -90013.8627
      64.500      -89919.8534
      65.000      -89907.5425
      65.500      -89849.6939
      66.000      -89851.2851
      66.500      -89814.4678
      67.000      -89781.2694
      67.500      -89724.6386
      68.000      -89639.8746
      68.500      -89683.3611
      69.000      -89492.5513
      69.500      -89581.9950
      70.000      -89584.8613
      70.500      -89644.4183
      71.000      -89371.6529
      71.500      -89539.6173
      72.000      -89531.4572
      72.500      -89437.1411
      73.000      -89336.7976
      73.500      -89514.4613
      74.000      -89327.1854
      74.500      -89392.4336
      75.000      -89312.7008
      75.500      -89295.4016
      76.000      -89165.3669
      76.500      -89281.9202
      77.000      -89085.7171
      77.500      -89144.8031
      78.000      -89079.5813
      78.500      -89052.6920
      79.000      -89202.5921
      79.500      -89010.1979
      80.000      -89088.7481
      80.500      -88812.3675
      81.000      -88935.5785
      81.500      -88836.7555
      82.000      -88781.5322
      82.500      -88903.8771
      83.000      -88854.4946
      83.500      -88728.6376
      84.000      -88733.7154
      84.500      -88686.9129
      85.000      -88644.7452
      85.500      -88654.5961
      86.000      -88553.1854
      86.500      -88666.6805
      87.000      -88639.5266
      87.500      -88468.8314
      88.000      -88547.3386
      88.500      -88745.8267
      89.000      -88460.9722
      89.500      -88498.9296
      90.000      -88522.8387
      90.500      -88468.0287
      91.000      -88356.3550
      91.500      -88364.7106
      92.000      -88114.1782
      92.500      -88156.6423
      93.000      -88132.2713
      93.500      -87986.4950
      94.000      -88214.1543
      94.500      -88057.0014
      95.000      -88116.4963
      95.500      -87849.8579
      96.000      -87837.6172
      96.500      -87656.7413
      97.000      -87800.1122
      97.500      -87911.9754
      98.000      -87680.6274
      98.500      -87680.0043
      99.000      -87586.5912
      99.500      -87361.8635
     100.000      -87552.7577
     100.500      -87508.3306
     101.000      -87193.6976
     101.500      -87475.0681
     102.000      -87474.1702
     102.500      -87408.7528
     103.000      -87242.1946
     103.500      -87302.8030
     104.000      -87425.4347
     104.500      -87220.8704
     105.000      -87052.6301
     105.500      -87099.0950
     106.000      -87015.5710
     106.500      -87061.6441
     107.000      -86899.1307
     107.500      -86977.3863
     108.000      -86963.0759
     108.500      -86868.0521
     109.000      -86794.4303
     109.500      -86682.4464
     110.000      -86513.3120
     110.500      -86476.9471
     111.000      -86433.8176
     111.500      -86277.2916
     112.000      -86364.3916
     112.500      -86390.9749
     113.000      -86156.0971
     113.500      -86277.3664
     114.000      -86115.6178
     114.500      -86250.5538
     115.000      -86220.8387
     115.500      -86046.2525
     116.000      -86105.2350
     116.500      -85802.4714
     117.000      -85772.7298
     117.500      -85788.2534
     118.000      -85723.4755
     118.500      -85671.3917
     119.000      -85764.5357
     119.500      -85690.8615
     120.000      -85581.7931
     120.500      -85325.6711
     121.000      -85402.8836
     121.500      -85414.9702
     122.000      -85324.5206
     122.500      -85080.2327
     123.000      -85128.6767
     123.500      -85046.1809
     124.000      -84890.2794
     124.500      -84973.1782
     125.000      -84811.1308
     125.500      -84815.3986
     126.000      -84480.7123
     126.500      -84464.1196
     127.000      -84485.9029
     127.500      -84528.7665
     128.000      -84188.1251
     128.500      -84257.2484
     129.000      -83962.0405
     129.500      -83863.5252
     130.000      -83769.1081
     130.500      -83875.3307
     131.000      -83854.1948
     131.500      -83735.1822
     132.000      -83665.6706
     132.500      -83726.0636
     133.000      -83666.6747
     133.500      -83470.0288
     134.000      -83426.5109
     134.500      -83434.5225
     135.000      -83039.5352
     135.500      -83184.8373
     136.000      -83114.0879
     136.500      -83189.4029
     137.000      -83010.8054
     137.500      -82906.9741
     138.000      -82767.2987
     138.500      -82750.4215
     139.000      -83024.9401
     139.500      -82699.4715
     140.000      -82760.9755
     140.500      -82636.0980
     141.000      -82483.2385
     141.500      -82336.1357
     142.000      -82339.4526
     142.500      -82230.8340
     143.000      -82331.3310
     143.500      -82359.5162
     144.000      -82134.2118
     144.500      -82005.1515
     145.000      -81980.2526
     145.500      -82093.6855
     146.000      -81869.7403
     146.500      -81991.6568
     147.000      -82118.9668
     147.500      -82101.9505
     148.000      -81962.0991
     148.500      -82051.3621
     149.000      -82017.1968
     149.500      -82017.2336
     150.000      -82122.5386
     150.500      -81997.2249
     151.000      -82002.8080
     151.500      -82020.2005
     152.000      -81934.0269
     152.500      -81979.8124
     153.000      -81943.2653
     153.500      -81964.2406
     154.000      -81858.9771
     154.500      -82004.7214
     155.000      -81812.7573
     155.500      -81791.5377
     156.000      -82102.6957
     156.500      -82062.7705
     157.000      -82064.7733
     157.500      -81871.6181
     158.000      -82082.8886
     158.500      -82003.1217
     159.000      -82021.8909
     159.500      -81980.1054
     160.000      -81934.7352
     160.500      -81926.7933
     161.000      -82089.7781
     161.500      -82342.5255
     162.000      -82096.4882
     162.500      -82100.6052
     163.000      -82006.1768
     163.500      -81943.1358
     164.000      -81946.9149
     164.500      -82172.5100
     165.000      -82176.9799
     165.500      -82011.9018
     166.000      -82134.6411
     166.500      -82062.2332
     167.000      -82096.5181
     167.500      -81880.8654
     168.000      -81926.7638
     168.500      -82038.4275
     169.000      -81924.3200
     169.500      -82112.1385
     170.000      -81974.9859
     170.500      -81893.5645
     171.000      -82254.9963
     171.500      -82084.4733
     172.000      -82105.2219
     172.500      -82036.6399
     173.000      -82219.8446
     173.500      -82146.2138
     174.000      -82251.7049
     174.500      -82118.1655
     175.000      -81683.3294
     175.500      -81920.3890
     176.000      -81726.3814
     176.500      -81802.4870
     177.000      -81945.7682
     177.500      -82109.4290
     178.000      -82077.7741
     178.500      -82217.1475
     179.000      -82071.0150
     179.500      -82082.0333
     180.000      -82088.6334
     180.500      -82003.7859
     181.000      -81875.4119
     181.500      -81795.1680
     182.000      -81704.8781
     182.500      -81961.4142
     183.000      -81987.1788
     183.500      -81785.3228
     184.000      -81776.5659
     184.500      -81833.2197
     185.000      -82067.9787
     185.500      -82210.4515
     186.000      -82201.9992
     186.500      -82092.9180
     187.000      -82081.1110
     187.500      -82129.0280
     188.000      -81971.6400
     188.500      -82123.4380
     189.000      -82174.2544
     189.500      -82107.1751
     190.000      -81912.4947
     190.500      -81885.3575
     191.000      -82199.0046
     191.500      -82074.2951
     192.000      -81956.8248
     192.500      -82288.2142
     193.000      -82184.4846
     193.500      -81920.2691
     194.000      -81952.8256
     194.500      -82061.9851
     195.000      -82023.8413
     195.500      -82045.8222
     196.000      -82084.8474
     196.500      -82142.8213
     197.000      -82053.8034
     197.500      -81830.1570
     198.000      -82182.5965
     198.500      -82168.7206
     199.000      -81953.4857
     199.500      -82108.1839
     200.000      -81975.3619
     200.500      -82044.0469
     201.000      -82154.1968
     201.500      -81971.8898
     202.000      -81978.6940
     202.500      -81930.0967
     203.000      -81931.8438
     203.500      -81835.4086
     204.000      -81438.6917
     204.500      -81747.0455
     205.000      -81839.8266
     205.500      -81526.6940
     206.000      -81729.4745
     206.500      -81818.5704
     207.000      -81863.8467
     207.500      -81989.0799
     208.000      -82005.0815
     208.500      -82042.0101
     209.000      -82048.7272
     209.500      -82306.9234
     210.000      -82321.1776
     210.500      -81918.4184
     211.000      -81945.7736
     211.500      -82080.1482
     212.000      -81994.1704
     212.500      -81961.4623
     213.000      -81966.8044
     213.500      -82086.6638
     214.000      -81997.1253
     214.500      -82118.1571
     215.000      -82082.7615
     215.500      -81999.9704
     216.000      -81892.9585
     216.500      -82279.3711
     217.000      -82121.3414
     217.500      -82062.9695
     218.000      -81948.8969
     218.500      -81959.8282
     219.000      -82116.6529
     219.500      -82194.6151
     220.000      -81937.6381
     220.500      -81942.9671
     221.000      -82039.8401
     221.500      -82158.1942
     222.000      -82090.3372
     222.500      -82190.2796
     223.000      -82140.2796
     223.500      -82190.5203
     224.000      -82035.0127
     224.500      -82281.1708
     225.000      -82434.7962
     225.500      -82182.9207
     226.000      -82212.1951
     226.500      -82210.7884
     227.000      -82001.7997
     227.500      -82097.9700
     228.000      -82093.7026
     228.500      -82086.1524
     229.000      -82132.4793
     229.500      -81964.4255
     230.000      -82095.3528
     230.500      -82110.8389
     231.000      -82170.8648
     231.500      -82327.8187
     232.000      -82098.7895
     232.500      -82339.7652
     233.000      -82229.8217
     233.500      -82326.5082
     234.000      -81996.0440
     234.500      -82161.6992
     235.000      -82158.1890
     235.500      -82150.0404
     236.000      -82276.6755
     236.500      -82337.6619
     237.000      -82120.9305
     237.500      -82256.8698
     238.000      -82372.6940
     238.500      -82399.0048
     239.000      -82445.6302
     239.500      -82418.1748
     240.000      -82295.3110
     240.500      -82251.4380
     241.000      -82155.5105
     241.500      -82319.9219
     242.000      -82306.5593
     242.500      -82366.3172
     243.000      -82502.4267
     243.500      -82335.2185
     244.000      -82332.3823
     244.500      -82414.5936
     245.000      -82380.0664
     245.500      -82411.0888
     246.000      -82314.2913
     246.500      -82435.6090
     247.000      -82440.3325
     247.500      -82205.1337
     248.000      -82335.5608
     248.500      -82111.5156
     249.000      -82158.5412
     249.500      -82106.5191
     250.000      -82294.9718
     250.500      -82274.0784
     251.000      -82193.7667
     251.500      -81992.7562
     252.000      -82005.8253
     252.500      -82027.9176
     253.000      -82090.8383
     253.500      -82328.1518
     254.000      -82340.4244
     254.500      -82073.9856
     255.000      -82174.9433
     255.500      -82317.5341
     256.000      -82170.5168
     256.500      -82282.1304
     257.000      -82320.2272
     257.500      -82332.5553
     258.000      -82587.8508
     258.500      -82555.1898
     259.000      -82518.1888
     259.500      -82478.7555
     260.000      -82282.6920
     260.500      -82305.7111
     261.000      -82284.3309
     261.500      -82309.8738
     262.000      -82279.6551
     262.500      -82048.2434
     263.000      -82258.2606
     263.500      -82136.0204
     264.000      -82113.4245
     264.500      -81995.1927
     265.000      -82037.4792
     265.500      -82169.0577
     266.000      -82446.7098
     266.500      -82285.4936
     267.000      -82271.6362
     267.500      -82273.0641
     268.000      -82264.6040
     268.500      -82357.2690
     269.000      -82208.6050
     269.500      -82594.4635
     270.000      -82442.9856
     270.500      -82478.2923
     271.000      -82662.7315
     271.500      -82526.2984
     272.000      -82643.2447
     272.500      -82522.8871
     273.000      -82390.0353
     273.500      -82431.2884
     274.000      -82551.5436
     274.500      -82318.9764
     275.000      -82450.8549
     275.500      -82799.8072
     276.000      -82680.1450
     276.500      -82599.9007
     277.000      -82585.6025
     277.500      -82440.3027
     278.000      -82243.5080
     278.500      -82632.0119
     279.000      -82483.7230
     279.500      -82556.4743
     280.000      -82163.4411
     280.500      -82477.2787
     281.000      -82434.5691
     281.500      -82229.5898
     282.000      -82174.7816
     282.500      -82248.5115
     283.000      -82242.1640
     283.500      -82337.3921
     284.000      -82281.8886
     284.500      -82457.3920
     285.000      -82451.0092
     285.500      -82303.0912
     286.000      -82238.2364
     286.500      -82563.8218
     287.000      -82529.5110
     287.500      -82640.7254
     288.000      -82427.0865
     288.500      -82227.3064
     289.000      -82183.5812
     289.500      -82366.0600
     290.000      -82458.9235
     290.500      -82364.5624
     291.000      -82247.0720
     291.500      -82409.7459
     292.000      -82369.3966
     292.500      -82385.1863
     293.000      -82167.3528
     293.500      -82141.9770
     294.000      -82567.5852
     294.500      -82273.8300
     295.000      -82332.4700
     295.500      -82423.7030
     296.000      -82467.4120
     296.500      -82219.9199
     297.000      -82317.5622
     297.500      -82208.5714
     298.000      -82429.7693
     298.500      -82506.6869
     299.000      -82325.5172
     299.500      -82609.4784
     300.000      -82527.1680
     300.500      -82609.5669
     301.000      -82604.1983
     301.500      -82777.4474
     302.000      -82762.8541
     302.500      -82452.7758
     303.000      -82452.0525
     303.500      -82390.4981
     304.000      -82442.0733
     304.500      -82287.1437
     305.000      -82707.9946
     305.500      -82610.3771
     306.000      -82417.5308
     306.500      -82374.6782
     307.000      -82273.5969
     307.500      -82491.1642
     308.000      -82432.9633
     308.500      -82675.7024
     309.000      -82702.1242
     309.500      -82340.8128
     310.000      -82428.2693
     310.500      -82487.3076
     311.000      -82395.2813
     311.500      -82380.3169
     312.000      -82615.7185
     312.500      -82554.3683
     313.000      -82609.7817
     313.500      -82567.3261
     314.000      -82677.2819
     314.500      -82570.5929
     315.000      -82659.0549
     315.500      -82686.2036
     316.000      -82432.8029
     316.500      -82516.2030
     317.000      -82562.8900
     317.500      -82688.7996
     318.000      -82226.6395
     318.500      -82455.6656
     319.000      -82368.2114
     319.500      -82303.2486
     320.000      -82512.0375
     320.500      -82563.4766
     321.000      -82502.4111
     321.500      -82599.9634
     322.000      -82357.4078
     322.500      -82417.7669
     323.000      -82393.4360
     323.500      -82575.9466
     324.000      -82381.6718
     324.500      -82539.4961
     325.000      -82429.1137
     325.500      -82869.2371
     326.000      -82593.1268
     326.500      -82787.3612
     327.000      -82717.0765
     327.500      -82631.2605
     328.000      -82793.2878
     328.500      -82543.9668
     329.000      -82371.3061
     329.500      -82364.2207
     330.000      -82588.3036
     330.500      -82712.4704
     331.000      -82610.3571
     331.500      -82881.1359
     332.000      -82599.6468
     332.500      -82483.7076
     333.000      -82382.4600
     333.500      -82640.3327
     334.000      -82505.5329
     334.500      -82500.0850
     335.000      -82477.8853
     335.500      -82298.9254
     336.000      -82739.3925
     336.500      -82690.2092
     337.000      -82556.9854
     337.500      -82596.4049
     338.000      -82641.9380
     338.500      -82600.1734
     339.000      -82499.8673
     339.500      -82297.7306
     340.000      -82448.9498
     340.500      -82388.7825
     341.000      -82318.4977
     341.500      -82341.5127
     342.000      -82608.1783
     342.500      -82537.6549
     343.000      -82613.8075
     343.500      -82276.7006
     344.000      -82587.1046
     344.500      -82530.4742
     345.000      -82448.9521
     345.500      -82376.4116
     346.000      -82399.0570
     346.500      -82590.9668
     347.000      -82555.7653
     347.500      -82384.4894
     348.000      -82519.5379
     348.500      -82319.7932
     349.000      -82436.8930
     349.500      -82364.9474
     350.000      -82687.2499
     350.500      -82464.1245
     351.000      -82570.3007
     351.500      -82424.0238
     352.000      -82548.6225
     352.500      -82593.1842
     353.000      -82601.8217
     353.500      -82704.5601
     354.000      -82657.3095
     354.500      -82653.9157
     355.000      -82484.1690
     355.500      -82602.9352
     356.000      -82722.6105
     356.500      -82833.0726
     357.000      -82567.3912
     357.500      -82353.4990
     358.000      -82795.1428
     358.500      -82641.8984
     359.000      -82835.7892
     359.500      -82986.7191
     360.000      -82701.8772
     360.500      -82619.3085
     361.000      -82838.3167
     361.500      -82853.2076
     362.000      -82499.6028
     362.500      -82643.0896
     363.000      -82389.3727
     363.500      -82550.7427
     364.000      -82354.1663
     364.500      -82638.1278
     365.000      -82620.6228
     365.500      -82666.5196
     366.000      -82508.8372
     366.500      -82462.2100
     367.000      -82428.4116
     367.500      -82588.4035
     368.000      -82685.8886
     368.500      -82628.0917
     369.000      -82755.1385
     369.500      -82519.4722
     370.000      -82419.8863
     370.500      -82413.9741
     371.000      -82642.8096
     371.500      -82490.9377
     372.000      -82645.4319
     372.500      -82552.7993
     373.000      -82452.0463
     373.500      -82447.6499
     374.000      -82384.1234
     374.500      -82507.6007
     375.000      -82508.1777
     375.500      -82469.7226
     376.000      -82755.9705
     376.500      -82735.7245
     377.000      -82598.1431
     377.500      -82548.9047
     378.000      -82489.2355
     378.500      -82566.0859
     379.000      -82500.6157
     379.500      -82357.9130
     380.000      -82405.6528
     380.500      -82763.4707
     381.000      -82710.2424
     381.500      -82679.2358
     382.000      -82545.8289
     382.500      -82554.3770
     383.000      -82549.5639
     383.500      -82607.9301
     384.000      -82554.7446
     384.500      -82665.4874
     385.000      -82582.6698
     385.500      -82453.8828
     386.000      -82575.0510
     386.500      -82265.7303
     387.000      -82536.9130
     387.500      -82429.0107
     388.000      -82570.9585
     388.500      -82464.1726
     389.000      -82504.5127
     389.500      -82470.4034
     390.000      -82726.7265
     390.500      -82487.2150
     391.000      -82561.8581
     391.500      -82563.0955
     392.000      -82646.2805
     392.500      -82822.0301
     393.000      -82699.2556
     393.500      -82999.5564
     394.000      -82660.6348
     394.500      -82653.4504
     395.000      -82469.6381
     395.500      -82489.2926
     396.000      -82447.0460
     396.500      -82377.5193
     397.000      -82346.9540
     397.500      -82689.9578
     398.000      -82651.8491
     398.500      -82648.0668
     399.000      -82652.3778
     399.500      -82563.4486
     400.000      -82476.6171
