       0.000     -134411.3553
       0.500      -95623.8353
       1.000      -95880.5103
       1.500      -95889.5264
       2.000      -95805.4040
       2.500      -95674.6193
       3.000      -95540.3172
       3.500      -95391.7431
       4.000      -95251.3677
       4.500      -95104.3012
       5.000      -94915.1220
       5.500      -94731.8901
       6.000      -94581.2747
       6.500      -94370.2419
       7.000      -94180.7022
       7.500      -93979.8647
       8.000      -93817.2954
       8.500      -93598.8111
       9.000      -93418.8675
       9.500      -93212.0127
      10.000      -93056.3508
      10.500      -92877.6773
      11.000      -92687.7186
      11.500      -92503.5864
      12.000      -92332.9426
      12.500      -92156.3379
      13.000      -91899.5453
      13.500      -91753.4723
      14.000      -91537.1671
      14.500      -91302.5345
      15.000      -91191.9085
      15.500      -90977.6432
      16.000      -90770.3749
      16.500      -90583.0908
      17.000      -90328.8788
      17.500      -90200.8750
      18.000      -89969.6250
      18.500      -89787.3174
      19.000      -89519.1589
      19.500      -89331.4687
      20.000      -89115.6792
      20.500      -89029.9683
      21.000      -88978.5972
      21.500      -88885.7284
      22.000      -88832.4236
      22.500      -88713.0292
      23.000      -88619.7112
      23.500      -88488.4208
      24.000      -88327.9922
      24.500      -88323.8568
      25.000      -88261.2952
      25.500      -88169.5965
      26.000      -87989.0099
      26.500      -87878.4788
      27.000      -87879.1225
      27.500      -87735.0684
      28.000      -87676.8690
      28.500      -87518.9592
      29.000      -87444.9473
      29.500      -87431.3711
      30.000      -87317.3079
      30.500      -87162.5491
      31.000      -87078.1164
      31.500      -87000.5048
      32.000      -86838.6772
      32.500      -86876.2233
      33.000      -86764.3548
      33.500      -86692.3264
      34.000      -86413.0520
      34.500      -86309.5020
      35.000      -86279.3217
      35.500      -86180.2728
      36.000      -86055.6723
      36.500      -86010.0712
      37.000      -85843.2839
      37.500      -85765.1657
      38.000      -85804.7785
      38.500      -85748.4687
      39.000      -85589.0043
      39.500      -85433.4878
      40.000      -85275.7774
      40.500      -85170.3534
      41.000      -85133.3388
      41.500      -84829.0228
      42.000      -84925.5652
      42.500      -84837.7081
      43.000      -84613.7089
      43.500      -84555.3331
      44.000      -84451.0420
      44.500      -84446.6976
      45.000      -84300.8777
      45.500      -84211.7492
      46.000      -84056.2271
      46.500      -83958.0759
      47.000      -83867.1580
      47.500      -83677.9753
      48.000      -83680.0448
      48.500      -83548.4962
      49.000      -83441.3161
      49.500      -83397.8835
      50.000      -83329.6214
      50.500      -83188.0557
      51.000      -83019.8547
      51.500      -82934.7811
      52.000      -82810.8132
      52.500      -82854.5482
      53.000      -82758.9115
      53.500      -82530.8548
      54.000      -82465.7993
      54.500      -82347.6462
      55.000      -82223.7923
      55.500      -82144.8590
      56.000      -81913.7883
      56.500      -81794.9984
      57.000      -81734.6332
      57.500      -81672.0285
      58.000      -81502.0729
      58.500      -81298.2649
      59.000      -81240.1883
      59.500      -81285.3893
      60.000      -81069.5096
      60.500      -80882.5858
      61.000      -80827.5011
      61.500      -80975.2580
      62.000      -81019.5821
      62.500      -80871.3857
      63.000      -80596.0898
      63.500      -80490.4493
      64.000      -80834.5053
      64.500      -80682.3280
      65.000      -80682.4126
      65.500      -80592.0044
      66.000      -80495.0702
      66.500      -80328.4327
      67.000      -80448.2167
      67.500      -80279.0429
      68.000      -80239.4576
      68.500      -80301.5750
      69.000      -80034.0464
      69.500      -80035.3026
      70.000      -80134.8730
      70.500      -80152.1879
      71.000      -79761.4137
      71.500      -79809.9728
      72.000      -79909.6232
      72.500      -79759.2260
      73.000      -79610.1052
      73.500      -79805.2611
      74.000      -79574.1834
      74.500      -79538.2812
      75.000      -79381.1061
      75.500      -79399.5334
      76.000      -79262.0652
      76.500      -79403.9417
      77.000      -79143.8089
      77.500      -79128.4125
      78.000      -79156.2073
      78.500      -79098.4567
      79.000      -79213.4739
      79.500      -78946.1676
      80.000      -78947.0323
      80.500      -78709.2542
      81.000      -78686.8754
      81.500      -78620.7145
      82.000      -78559.4932
      82.500      -78737.6007
      83.000      -78579.9331
      83.500      -78316.5546
      84.000      -78362.9293
      84.500      -78408.0799
      85.000      -78291.1700
      85.500      -78185.7211
      86.000      -78072.5506
      86.500      -78122.5165
      87.000      -78194.6467
      87.500      -78006.5394
      88.000      -78032.5476
      88.500      -78221.5513
      89.000      -77805.7554
      89.500      -77848.6718
      90.000      -77712.0087
      90.500      -77809.8070
      91.000      -77742.7749
      91.500      -77630.1286
      92.000      -77354.2045
      92.500      -77440.2897
      93.000      -77300.3689
      93.500      -77091.1014
      94.000      -77279.6894
      94.500      -77277.2524
      95.000      -77251.7082
      95.500      -76822.5835
      96.000      -76808.3242
      96.500      -76697.2697
      97.000      -76713.0136
      97.500      -76818.1395
      98.000      -76457.7964
      98.500      -76505.3324
      99.000      -76537.7845
      99.500      -76083.0706
     100.000      -76169.5585
     100.500      -76277.1724
     101.000      -75853.1517
     101.500      -76143.0340
     102.000      -76147.7200
     102.500      -76020.8866
     103.000      -75904.2981
     103.500      -75831.3850
     104.000      -75840.1769
     104.500      -75672.6937
     105.000      -75489.2443
     105.500      -75478.9730
     106.000      -75492.1521
     106.500      -75474.8657
     107.000      -75336.8856
     107.500      -75270.6861
     108.000      -75229.3445
     108.500      -75244.1283
     109.000      -75018.5026
     109.500      -74966.9152
     110.000      -74637.4106
     110.500      -74522.6473
     111.000      -74537.5842
     111.500      -74463.0905
     112.000      -74399.9170
     112.500      -74535.0403
     113.000      -74286.3832
     113.500      -74202.1066
     114.000      -74032.5094
     114.500      -74242.8536
     115.000      -74145.0555
     115.500      -73858.0445
     116.000      -74002.9869
     116.500      -73660.3288
     117.000      -73459.5267
     117.500      -73510.4584
     118.000      -73476.6904
     118.500      -73402.3048
     119.000      -73382.7681
     119.500      -73306.1125
     120.000      -73185.8459
     120.500      -72815.4055
     121.000      -72963.1639
     121.500      -72952.2934
     122.000      -72894.0050
     122.500      -72533.5657
     123.000      -72609.1415
     123.500      -72573.7004
     124.000      -72364.5362
     124.500      -72263.6772
     125.000      -72117.2577
     125.500      -72172.4347
     126.000      -71798.5229
     126.500      -71676.1753
     127.000      -71710.0865
     127.500      -71678.7968
     128.000      -71530.9826
     128.500      -71455.4662
     129.000      -71027.8373
     129.500      -71002.0906
     130.000      -70726.2341
     130.500      -70864.2769
     131.000      -70987.4760
     131.500      -70807.8219
     132.000      -70611.1608
     132.500      -70808.2716
     133.000      -70598.3241
     133.500      -70373.1030
     134.000      -70299.8654
     134.500      -70342.3213
     135.000      -69948.6915
     135.500      -69858.2259
     136.000      -69846.0547
     136.500      -70241.8502
     137.000      -69692.0407
     137.500      -69491.4272
     138.000      -69376.0751
     138.500      -69321.4449
     139.000      -69548.0211
     139.500      -69398.0994
     140.000      -69405.0175
     140.500      -69131.1361
     141.000      -69028.4904
     141.500      -68805.6044
     142.000      -68927.8061
     142.500      -68630.9648
     143.000      -68870.4716
     143.500      -68762.8678
     144.000      -68605.1454
     144.500      -68604.4279
     145.000      -68558.7966
     145.500      -68572.6660
     146.000      -68432.2940
     146.500      -68436.6900
     147.000      -68796.3926
     147.500      -68488.3109
     148.000      -68547.8383
     148.500      -68654.2293
     149.000      -68534.6343
     149.500      -68532.1428
     150.000      -68660.9371
     150.500      -68442.3743
     151.000      -68510.2298
     151.500      -68509.6487
     152.000      -68342.1323
     152.500      -68443.0858
     153.000      -68432.5466
     153.500      -68413.7143
     154.000      -68415.1187
     154.500      -68609.6687
     155.000      -68564.9263
     155.500      -68297.6402
     156.000      -68616.9125
     156.500      -68574.1797
     157.000      -68560.2479
     157.500      -68294.3993
     158.000      -68622.2987
     158.500      -68497.8473
     159.000      -68633.1731
     159.500      -68530.0194
     160.000      -68628.6834
     160.500      -68571.0609
     161.000      -68649.3982
     161.500      -68791.1779
     162.000      -68588.2656
     162.500      -68628.1785
     163.000      -68509.9747
     163.500      -68289.6495
     164.000      -68519.6649
     164.500      -68707.7942
     165.000      -68777.4721
     165.500      -68573.4672
     166.000      -68658.5024
     166.500      -68579.2674
     167.000      -68572.4751
     167.500      -68252.1057
     168.000      -68399.4942
     168.500      -68568.5974
     169.000      -68503.8942
     169.500      -68609.0174
     170.000      -68382.6568
     170.500      -68479.9258
     171.000      -68844.5939
     171.500      -68492.7458
     172.000      -68684.9514
     172.500      -68545.4338
     173.000      -68511.3934
     173.500      -68772.5136
     174.000      -68785.1649
     174.500      -68734.6421
     175.000      -68314.4944
     175.500      -68420.0648
     176.000      -68292.7789
     176.500      -68332.9890
     177.000      -68529.5855
     177.500      -68675.6136
     178.000      -68802.5476
     178.500      -68743.9356
     179.000      -68566.2982
     179.500      -68594.0577
     180.000      -68662.8698
     180.500      -68368.4080
     181.000      -68306.7244
     181.500      -68398.2481
     182.000      -68171.5197
     182.500      -68561.3370
     183.000      -68532.1690
     183.500      -68257.9673
     184.000      -68458.8930
     184.500      -68270.7783
     185.000      -68456.4884
     185.500      -68719.7337
     186.000      -68748.9846
     186.500      -68683.9863
     187.000      -68698.0476
     187.500      -68856.7712
     188.000      -68608.4828
     188.500      -68698.0171
     189.000      -68691.0494
     189.500      -68640.2376
     190.000      -68376.3267
     190.500      -68236.6836
     191.000      -68713.6794
     191.500      -68650.4406
     192.000      -68558.9361
     192.500      -68839.5550
     193.000      -68721.1516
     193.500      -68427.8257
     194.000      -68509.9799
     194.500      -68466.8504
     195.000      -68634.2641
     195.500      -68479.8603
     196.000      -68691.8972
     196.500      -68541.0616
     197.000      -68631.1550
     197.500      -68288.8211
     198.000      -68753.2909
     198.500      -68543.3700
     199.000      -68488.1390
     199.500      -68713.4593
     200.000      -68694.1266
     200.500      -68700.4786
     201.000      -68583.7339
     201.500      -68476.0256
     202.000      -68406.6267
     202.500      -68491.0918
     203.000      -68523.1749
     203.500      -68315.2191
     204.000      -68062.4583
     204.500      -68150.7554
     205.000      -68331.7055
     205.500      -67965.8288
     206.000      -68233.8134
     206.500      -68334.5264
     207.000      -68490.2178
     207.500      -68619.3543
     208.000      -68533.1938
     208.500      -68524.4720
     209.000      -68626.0456
     209.500      -68719.9947
     210.000      -68663.5291
     210.500      -68432.5298
     211.000      -68423.0764
     211.500      -68641.6345
     212.000      -68602.7310
     212.500      -68426.1605
     213.000      -68483.5642
     213.500      -68501.2595
     214.000      -68407.0706
     214.500      -68670.8222
     215.000      -68599.7791
     215.500      -68666.1657
     216.000      -68538.2446
     216.500      -68860.4551
     217.000      -68675.7848
     217.500      -68492.6726
     218.000      -68371.1049
     218.500      -68364.6837
     219.000      -68512.3189
     219.500      -68666.8046
     220.000      -68228.6117
     220.500      -68456.5629
     221.000      -68443.1721
     221.500      -68469.3152
     222.000      -68580.5150
     222.500      -68805.0003
     223.000      -68625.4700
     223.500      -68747.0076
     224.000      -68522.1504
     224.500      -68715.6748
     225.000      -68981.0472
     225.500      -68764.0457
     226.000      -68706.3494
     226.500      -68757.4310
     227.000      -68393.2607
     227.500      -68541.0433
     228.000      -68410.0024
     228.500      -68720.6680
     229.000      -68829.2635
     229.500      -68401.4069
     230.000      -68471.7718
     230.500      -68602.0078
     231.000      -68763.0386
     231.500      -68950.8626
     232.000      -68616.5483
     232.500      -68831.6675
     233.000      -68765.1801
     233.500      -68736.3421
     234.000      -68608.1885
     234.500      -68664.8887
     235.000      -68589.3677
     235.500      -68739.2220
     236.000      -68726.2848
     236.500      -68641.4256
     237.000      -68549.9647
     237.500      -68873.1393
     238.000      -68997.1852
     238.500      -68841.6727
     239.000      -68986.3167
     239.500      -68808.8203
     240.000      -68964.6186
     240.500      -68865.2124
     241.000      -68750.3885
     241.500      -69049.8370
     242.000      -68864.4372
     242.500      -68861.7264
     243.000      -69070.4980
     243.500      -68764.4041
     244.000      -68874.1382
     244.500      -68887.5828
     245.000      -68863.2031
     245.500      -68963.3524
     246.000      -68938.3910
     246.500      -68938.9801
     247.000      -68674.6636
     247.500      -68836.2919
     248.000      -68962.1242
     248.500      -68631.5595
     249.000      -68795.4572
     249.500      -68409.5045
     250.000      -68848.6212
     250.500      -68716.3294
     251.000      -68470.3048
     251.500      -68538.1058
     252.000      -68529.0870
     252.500      -68640.2320
     253.000      -68553.8471
     253.500      -68844.9438
     254.000      -68974.3512
     254.500      -68584.1789
     255.000      -68726.5448
     255.500      -68694.4423
     256.000      -68743.8175
     256.500      -68802.0826
     257.000      -68839.3737
     257.500      -68859.1032
     258.000      -69031.1584
     258.500      -69057.6966
     259.000      -68911.8666
     259.500      -68999.5045
     260.000      -68782.1168
     260.500      -68869.5607
     261.000      -68858.7079
     261.500      -68825.0163
     262.000      -68742.2713
     262.500      -68587.9300
     263.000      -68720.1824
     263.500      -68618.2225
     264.000      -68601.9362
     264.500      -68608.8528
     265.000      -68404.5690
     265.500      -68848.8545
     266.000      -68945.4754
     266.500      -68821.3393
     267.000      -68857.2075
     267.500      -68721.1676
     268.000      -68778.4536
     268.500      -68965.5307
     269.000      -68759.6255
     269.500      -69066.7301
     270.000      -69124.5042
     270.500      -69091.0764
     271.000      -69173.4756
     271.500      -68962.5581
     272.000      -69241.6997
     272.500      -69046.0335
     273.000      -68906.7628
     273.500      -69100.8685
     274.000      -69147.1882
     274.500      -68581.5818
     275.000      -68960.3764
     275.500      -69196.3296
     276.000      -69173.6753
     276.500      -69108.9358
     277.000      -69265.3476
     277.500      -69007.1484
     278.000      -68834.1603
     278.500      -69231.8341
     279.000      -68953.7035
     279.500      -69187.9900
     280.000      -68657.9519
     280.500      -68933.6752
     281.000      -69037.0554
     281.500      -68895.8760
     282.000      -68491.1234
     282.500      -68642.7752
     283.000      -68719.6132
     283.500      -68872.0025
     284.000      -68641.8876
     284.500      -68807.3725
     285.000      -69004.7524
     285.500      -68807.3812
     286.000      -68770.9522
     286.500      -69069.8394
     287.000      -68998.8811
     287.500      -69321.8700
     288.000      -68918.0289
     288.500      -68728.0369
     289.000      -68827.5870
     289.500      -68854.8696
     290.000      -69283.0885
     290.500      -69002.4276
     291.000      -68823.3367
     291.500      -68830.9051
     292.000      -68877.1368
     292.500      -69076.8601
     293.000      -68541.7923
     293.500      -68725.9526
     294.000      -68966.1887
     294.500      -68652.7109
     295.000      -68889.8489
     295.500      -68973.8817
     296.000      -68835.5439
     296.500      -68747.2411
     297.000      -68980.8806
     297.500      -68811.2315
     298.000      -68968.0613
     298.500      -68930.7133
     299.000      -68815.3688
     299.500      -69160.0028
     300.000      -68928.8643
     300.500      -69059.7700
     301.000      -69060.5635
     301.500      -69303.7569
     302.000      -69252.1880
     302.500      -69156.6381
     303.000      -68854.1639
     303.500      -68807.6446
     304.000      -68844.7296
     304.500      -68781.3068
     305.000      -69250.7162
     305.500      -69156.4035
     306.000      -68956.8863
     306.500      -68875.4566
     307.000      -68913.6545
     307.500      -69087.5158
     308.000      -69024.9408
     308.500      -69364.5354
     309.000      -69210.9289
     309.500      -68829.9007
     310.000      -68840.8191
     310.500      -68955.0908
     311.000      -68868.0381
     311.500      -69077.3462
     312.000      -69128.0349
     312.500      -69020.7882
     313.000      -69146.6088
     313.500      -68980.3662
     314.000      -69221.2623
     314.500      -68995.5090
     315.000      -69290.1281
     315.500      -69233.8452
     316.000      -69094.5129
     316.500      -69068.6024
     317.000      -69144.3705
     317.500      -69277.0106
     318.000      -68815.5292
     318.500      -69019.9644
     319.000      -68905.1216
     319.500      -68720.2057
     320.000      -68911.1762
     320.500      -68972.5693
     321.000      -68835.1113
     321.500      -68922.5513
     322.000      -68673.9156
     322.500      -68762.4475
     323.000      -69052.1957
     323.500      -68972.6946
     324.000      -68888.6845
     324.500      -69055.0948
     325.000      -68974.0346
     325.500      -69421.2674
     326.000      -68992.7577
     326.500      -69369.8358
     327.000      -69029.8656
     327.500      -69166.3200
     328.000      -69457.6579
     328.500      -69168.7959
     329.000      -69166.6244
     329.500      -68957.9355
     330.000      -68876.1542
     330.500      -69146.3591
     331.000      -69009.2712
     331.500      -69473.2121
     332.000      -68976.5619
     332.500      -69161.3218
     333.000      -68826.1592
     333.500      -69161.1169
     334.000      -68946.3356
     334.500      -69192.2930
     335.000      -69108.0513
     335.500      -68818.6129
     336.000      -69138.2627
     336.500      -69163.3908
     337.000      -69016.2979
     337.500      -69009.2711
     338.000      -69130.4682
     338.500      -69165.7613
     339.000      -69023.7287
     339.500      -68925.6642
     340.000      -69026.8297
     340.500      -69037.2034
     341.000      -68860.5202
     341.500      -68881.1933
     342.000      -69148.3755
     342.500      -69014.4078
     343.000      -68963.4413
     343.500      -68850.5854
     344.000      -69263.3644
     344.500      -69023.1734
     345.000      -68977.3681
     345.500      -68965.6108
     346.000      -68907.5980
     346.500      -69075.4092
     347.000      -69064.6989
     347.500      -68813.1300
     348.000      -69044.5975
     348.500      -68803.3605
     349.000      -68816.6723
     349.500      -69013.6593
     350.000      -69196.4882
     350.500      -68866.4077
     351.000      -68954.5732
     351.500      -68924.6595
     352.000      -69014.4272
     352.500      -68991.7242
     353.000      -69229.6889
     353.500      -69015.9761
     354.000      -69161.7167
     354.500      -69167.6159
     355.000      -69060.7002
     355.500      -69210.0026
     356.000      -69352.8419
     356.500      -69276.4632
     357.000      -68892.5484
     357.500      -68883.2001
     358.000      -69182.1858
     358.500      -69103.0507
     359.000      -69396.2580
     359.500      -69487.0951
     360.000      -69008.1506
     360.500      -69205.9520
     361.000      -69194.7063
     361.500      -69365.7799
     362.000      -68979.9192
     362.500      -69221.2116
     363.000      -68826.5524
     363.500      -69031.5298
     364.000      -69066.9534
     364.500      -69105.4432
     365.000      -69089.2097
     365.500      -68993.2686
     366.000      -69046.5570
     366.500      -68956.2042
     367.000      -68967.5698
     367.500      -69211.3586
     368.000      -69216.0253
     368.500      -69135.3232
     369.000      -69251.5906
     369.500      -69155.2974
     370.000      -68965.4468
     370.500      -68818.4936
     371.000      -69167.8291
     371.500      -68886.8898
     372.000      -68891.7317
     372.500      -68978.7934
     373.000      -68979.3549
     373.500      -68862.9761
     374.000      -68978.8959
     374.500      -69022.0606
     375.000      -69005.5566
     375.500      -68983.3427
     376.000      -69194.5818
     376.500      -69345.2528
     377.000      -68971.3110
     377.500      -69108.5668
     378.000      -69107.9894
     378.500      -69069.4082
     379.000      -69094.6147
     379.500      -68890.0653
     380.000      -68837.4340
     380.500      -69312.5694
     381.000      -69160.8537
     381.500      -69195.7202
     382.000      -68952.4480
     382.500      -69061.8633
     383.000      -68940.7260
     383.500      -69029.8041
     384.000      -69225.9838
     384.500      -69315.2892
     385.000      -69091.6717
     385.500      -68784.4258
     386.000      -69175.7658
     386.500      -68772.2391
     387.000      -68828.8602
     387.500      -68965.4296
     388.000      -69036.5444
     388.500      -68794.1589
     389.000      -69003.8672
     389.500      -69027.5284
     390.000      -69193.9003
     390.500      -68942.5402
     391.000      -69086.6344
     391.500      -69146.4343
     392.000      -69141.0071
     392.500      -69187.2498
     393.000      -69283.1892
     393.500      -69437.4324
     394.000      -69294.8927
     394.500      -69094.6340
     395.000      -68925.6928
     395.500      -69053.0016
     396.000      -68852.7276
     396.500      -68910.3103
     397.000      -68866.0936
     397.500      -69103.8631
     398.000      -69189.2163
     398.500      -69176.2377
     399.000      -69110.8719
     399.500      -69058.0286
     400.000      -68951.8476
