       0.000       0.00
       0.500       3.74
       1.000       5.27
       1.500       7.27
       2.000       9.73
       2.500      12.20
       3.000      14.68
       3.500      17.20
       4.000      19.88
       4.500      22.03
       5.000      24.75
       5.500      27.39
       6.000      29.55
       6.500      31.94
       7.000      34.63
       7.500      37.33
       8.000      39.15
       8.500      42.18
       9.000      45.16
       9.500      47.62
      10.000      50.14
      10.500      52.14
      11.000      54.86
      11.500      56.75
      12.000      58.89
      12.500      62.10
      13.000      64.84
      13.500      67.38
      14.000      69.20
      14.500      72.35
      15.000      74.25
      15.500      76.19
      16.000      79.78
      16.500      81.75
      17.000      84.88
      17.500      86.42
      18.000      89.15
      18.500      92.15
      19.000      94.60
      19.500      97.21
      20.000      99.31
      20.500     101.53
      21.000     102.08
      21.500     103.71
      22.000     103.79
      22.500     106.14
      23.000     106.75
      23.500     109.76
      24.000     111.53
      24.500     111.42
      25.000     111.30
      25.500     113.49
      26.000     115.88
      26.500     115.91
      27.000     116.45
      27.500     118.50
      28.000     120.86
      28.500     121.41
      29.000     123.36
      29.500     123.25
      30.000     123.87
      30.500     126.53
      31.000     128.56
      31.500     127.29
      32.000     130.97
      32.500     131.15
      33.000     131.49
      33.500     133.69
      34.000     136.21
      34.500     137.54
      35.000     137.37
      35.500     138.21
      36.000     142.08
      36.500     139.82
      37.000     143.40
      37.500     144.27
      38.000     143.90
      38.500     145.47
      39.000     146.91
      39.500     148.65
      40.000     149.39
      40.500     152.31
      41.000     152.22
      41.500     156.20
      42.000     154.58
      42.500     155.08
      43.000     157.27
      43.500     157.89
      44.000     159.53
      44.500     160.06
      45.000     161.40
      45.500     162.59
      46.000     165.85
      46.500     164.30
      47.000     168.45
      47.500     170.68
      48.000     171.31
      48.500     172.67
      49.000     173.82
      49.500     174.47
      50.000     172.86
      50.500     176.01
      51.000     178.01
      51.500     179.26
      52.000     180.45
      52.500     179.41
      53.000     180.73
      53.500     182.91
      54.000     184.24
      54.500     185.95
      55.000     187.21
      55.500     185.77
      56.000     190.58
      56.500     191.35
      57.000     191.88
      57.500     191.70
      58.000     193.91
      58.500     198.31
      59.000     199.32
      59.500     198.51
      60.000     199.00
      60.500     201.43
      61.000     204.28
      61.500     202.63
      62.000     202.94
      62.500     200.98
      63.000     204.12
      63.500     206.86
      64.000     204.15
      64.500     205.44
      65.000     205.17
      65.500     205.89
      66.000     208.08
      66.500     210.97
      67.000     207.57
      67.500     210.07
      68.000     209.06
      68.500     208.65
      69.000     210.36
      69.500     212.32
      70.000     210.17
      70.500     211.11
      71.000     213.73
      71.500     216.39
      72.000     213.99
      72.500     215.24
      73.000     216.32
      73.500     215.93
      74.000     216.91
      74.500     219.16
      75.000     220.88
      75.500     220.08
      76.000     220.25
      76.500     219.69
      77.000     221.11
      77.500     222.76
      78.000     220.70
      78.500     221.38
      79.000     222.16
      79.500     223.82
      80.000     225.55
      80.500     224.69
      81.000     227.93
      81.500     227.20
      82.000     227.34
      82.500     226.10
      83.000     228.51
      83.500     231.56
      84.000     230.65
      84.500     228.60
      85.000     230.26
      85.500     232.83
      86.000     233.09
      86.500     234.50
      87.000     232.29
      87.500     232.68
      88.000     233.85
      88.500     234.06
      89.000     236.97
      89.500     236.86
      90.000     240.43
      90.500     237.04
      91.000     236.05
      91.500     238.74
      92.000     239.30
      92.500     238.33
      93.000     240.90
      93.500     242.31
      94.000     243.18
      94.500     239.74
      95.000     241.63
      95.500     245.25
      96.000     245.29
      96.500     243.74
      97.000     246.58
      97.500     246.73
      98.000     249.59
      98.500     248.52
      99.000     245.72
      99.500     250.84
     100.000     253.16
     100.500     249.78
     101.000     252.21
     101.500     252.02
     102.000     251.90
     102.500     253.27
     103.000     252.15
     103.500     255.12
     104.000     257.66
     104.500     256.83
     105.000     257.17
     105.500     258.43
     106.000     256.28
     106.500     257.69
     107.000     257.14
     107.500     260.36
     108.000     260.96
     108.500     258.52
     109.000     261.90
     109.500     260.55
     110.000     264.12
     110.500     265.86
     111.000     264.57
     111.500     262.75
     112.000     266.09
     112.500     263.68
     113.000     263.98
     113.500     268.55
     114.000     268.73
     114.500     267.05
     115.000     268.56
     115.500     271.06
     116.000     269.15
     116.500     270.04
     117.000     273.84
     117.500     273.06
     118.000     272.37
     118.500     272.86
     119.000     275.37
     119.500     275.44
     120.000     275.68
     120.500     278.23
     121.000     276.66
     121.500     277.17
     122.000     276.45
     122.500     279.04
     123.000     278.43
     123.500     277.39
     124.000     278.57
     124.500     282.66
     125.000     282.31
     125.500     281.18
     126.000     282.05
     126.500     284.40
     127.000     284.13
     127.500     285.78
     128.000     281.49
     128.500     284.71
     129.000     287.66
     129.500     286.04
     130.000     290.07
     130.500     289.36
     131.000     286.15
     131.500     287.50
     132.000     290.33
     132.500     287.29
     133.000     290.64
     133.500     291.27
     134.000     291.94
     134.500     291.17
     135.000     291.14
     135.500     296.38
     136.000     295.08
     136.500     287.95
     137.000     296.21
     137.500     298.36
     138.000     297.82
     138.500     298.66
     139.000     299.73
     139.500     295.82
     140.000     297.04
     140.500     300.35
     141.000     299.23
     141.500     300.92
     142.000     298.27
     142.500     302.46
     143.000     299.37
     143.500     302.39
     144.000     300.89
     144.500     298.03
     145.000     298.49
     145.500     300.71
     146.000     298.85
     146.500     301.46
     147.000     296.29
     147.500     302.77
     148.000     298.33
     148.500     297.95
     149.000     299.85
     149.500     299.91
     150.000     299.38
     150.500     301.46
     151.000     300.07
     151.500     300.47
     152.000     302.28
     152.500     301.06
     153.000     300.48
     153.500     301.36
     154.000     298.99
     154.500     297.90
     155.000     294.63
     155.500     300.10
     156.000     299.92
     156.500     299.99
     157.000     300.34
     157.500     301.96
     158.000     299.36
     158.500     300.36
     159.000     297.76
     159.500     299.13
     160.000     295.93
     160.500     297.03
     161.000     298.91
     161.500     301.38
     162.000     300.42
     162.500     299.63
     163.000     300.15
     163.500     303.65
     164.000     298.62
     164.500     299.45
     165.000     298.00
     165.500     298.87
     166.000     299.71
     166.500     299.86
     167.000     300.77
     167.500     303.10
     168.000     300.85
     168.500     299.57
     169.000     298.47
     169.500     300.31
     170.000     302.29
     170.500     298.32
     171.000     298.25
     171.500     302.28
     172.000     298.47
     172.500     300.04
     173.000     304.87
     173.500     297.43
     174.000     299.49
     174.500     297.65
     175.000     297.32
     175.500     300.25
     176.000     298.76
     176.500     299.56
     177.000     298.37
     177.500     298.77
     178.000     295.24
     178.500     299.64
     179.000     300.34
     179.500     299.97
     180.000     298.59
     180.500     303.25
     181.000     301.77
     181.500     297.95
     182.000     300.98
     182.500     298.02
     183.000     299.24
     183.500     300.85
     184.000     296.18
     184.500     301.63
     185.000     302.72
     185.500     300.03
     186.000     299.19
     186.500     298.21
     187.000     297.64
     187.500     295.17
     188.000     297.20
     188.500     298.58
     189.000     299.87
     189.500     299.50
     190.000     301.04
     190.500     303.55
     191.000     299.91
     191.500     298.55
     192.000     297.97
     192.500     299.10
     193.000     299.42
     193.500     300.07
     194.000     298.97
     194.500     302.35
     195.000     297.78
     195.500     301.71
     196.000     297.86
     196.500     302.50
     197.000     298.52
     197.500     301.16
     198.000     298.67
     198.500     303.03
     199.000     299.47
     199.500     297.90
     200.000     295.37
     200.500     296.76
     201.000     301.81
     201.500     300.15
     202.000     301.84
     202.500     298.88
     203.000     298.21
     203.500     300.69
     204.000     297.49
     204.500     302.38
     205.000     300.42
     205.500     301.59
     206.000     300.14
     206.500     299.88
     207.000     297.43
     207.500     297.34
     208.000     299.61
     208.500     300.63
     209.000     298.52
     209.500     302.17
     210.000     303.75
     210.500     299.93
     211.000     300.74
     211.500     298.87
     212.000     297.82
     212.500     301.02
     213.000     299.87
     213.500     302.14
     214.000     302.24
     214.500     299.07
     215.000     299.86
     215.500     296.54
     216.000     297.01
     216.500     298.44
     217.000     299.03
     217.500     301.80
     218.000     301.97
     218.500     302.35
     219.000     302.56
     219.500     300.86
     220.000     304.89
     220.500     299.94
     221.000     302.39
     221.500     304.44
     222.000     300.46
     222.500     297.69
     223.000     300.57
     223.500     298.98
     224.000     300.53
     224.500     301.70
     225.000     299.21
     225.500     298.43
     226.000     300.37
     226.500     299.20
     227.000     302.65
     227.500     301.50
     228.000     304.32
     228.500     297.25
     229.000     295.86
     229.500     301.64
     230.000     302.99
     230.500     300.44
     231.000     298.19
     231.500     297.50
     232.000     299.84
     232.500     300.42
     233.000     299.45
     233.500     302.24
     234.000     297.74
     234.500     300.17
     235.000     301.77
     235.500     298.26
     236.000     301.36
     236.500     304.60
     237.000     301.82
     237.500     297.65
     238.000     297.47
     238.500     301.51
     239.000     299.33
     239.500     302.67
     240.000     296.47
     240.500     297.71
     241.000     298.13
     241.500     295.13
     242.000     298.95
     242.500     300.34
     243.000     298.73
     243.500     301.81
     244.000     299.31
     244.500     300.84
     245.000     300.61
     245.500     299.08
     246.000     297.48
     246.500     300.16
     247.000     306.15
     247.500     297.32
     248.000     297.42
     248.500     299.79
     249.000     297.19
     249.500     304.62
     250.000     299.05
     250.500     301.52
     251.000     305.21
     251.500     299.23
     252.000     299.72
     252.500     297.74
     253.000     301.06
     253.500     299.87
     254.000     297.26
     254.500     300.01
     255.000     299.09
     255.500     302.98
     256.000     298.61
     256.500     299.80
     257.000     299.81
     257.500     299.65
     258.000     301.50
     258.500     300.18
     259.000     302.60
     259.500     299.78
     260.000     300.25
     260.500     298.82
     261.000     298.58
     261.500     299.90
     262.000     301.07
     262.500     299.36
     263.000     301.09
     263.500     300.63
     264.000     300.49
     264.500     297.71
     265.000     303.19
     265.500     296.24
     266.000     300.27
     266.500     299.44
     267.000     298.34
     267.500     301.39
     268.000     299.93
     268.500     297.83
     269.000     299.10
     269.500     300.86
     270.000     296.20
     270.500     297.73
     271.000     300.00
     271.500     301.66
     272.000     298.05
     272.500     299.72
     273.000     299.87
     273.500     296.47
     274.000     298.11
     274.500     305.52
     275.000     300.03
     275.500     302.54
     276.000     300.38
     276.500     300.04
     277.000     296.24
     277.500     298.75
     278.000     298.22
     278.500     298.02
     279.000     300.91
     279.500     297.31
     280.000     300.36
     280.500     301.21
     281.000     297.96
     281.500     296.54
     282.000     304.32
     282.500     302.59
     283.000     300.74
     283.500     299.47
     284.000     303.35
     284.500     303.58
     285.000     299.04
     285.500     300.14
     286.000     299.51
     286.500     300.11
     287.000     300.92
     287.500     296.21
     288.000     300.44
     288.500     300.22
     289.000     297.04
     289.500     300.49
     290.000     293.03
     290.500     297.17
     291.000     298.54
     291.500     301.99
     292.000     300.07
     292.500     295.98
     293.000     303.03
     293.500     298.37
     294.000     302.49
     294.500     302.93
     295.000     298.96
     295.500     299.12
     296.000     303.17
     296.500     299.63
     297.000     296.61
     297.500     297.96
     298.000     299.39
     298.500     301.93
     299.000     300.46
     299.500     299.12
     300.000     302.43
     300.500     301.35
     301.000     301.21
     301.500     299.65
     302.000     300.48
     302.500     295.71
     303.000     302.42
     303.500     302.08
     304.000     302.40
     304.500     300.37
     305.000     299.29
     305.500     299.22
     306.000     299.36
     306.500     300.22
     307.000     297.12
     307.500     298.10
     308.000     298.19
     308.500     296.04
     309.000     300.04
     309.500     300.48
     310.000     302.18
     310.500     300.96
     311.000     300.84
     311.500     295.86
     312.000     299.97
     312.500     300.99
     313.000     299.42
     313.500     302.17
     314.000     299.26
     314.500     301.91
     315.000     297.32
     315.500     299.18
     316.000     296.64
     316.500     299.07
     317.000     298.43
     317.500     298.28
     318.000     298.26
     318.500     298.81
     319.000     299.42
     319.500     302.09
     320.000     302.48
     320.500     302.26
     321.000     303.96
     321.500     304.18
     322.000     304.32
     322.500     303.69
     323.000     296.71
     323.500     302.54
     324.000     300.08
     324.500     299.89
     325.000     299.24
     325.500     299.08
     326.000     302.47
     326.500     298.40
     327.000     304.40
     327.500     299.46
     328.000     296.58
     328.500     297.46
     329.000     293.67
     329.500     298.15
     330.000     304.96
     330.500     301.71
     331.000     302.49
     331.500     298.19
     332.000     302.98
     332.500     296.29
     333.000     301.49
     333.500     299.78
     334.000     301.56
     334.500     295.96
     335.000     297.34
     335.500     299.80
     336.000     302.49
     336.500     300.84
     337.000     301.14
     337.500     302.18
     338.000     300.49
     338.500     298.78
     339.000     299.71
     339.500     297.39
     340.000     298.51
     340.500     296.94
     341.000     299.30
     341.500     299.36
     342.000     299.34
     342.500     300.76
     343.000     303.58
     343.500     298.60
     344.000     296.32
     344.500     300.40
     345.000     299.61
     345.500     298.26
     346.000     300.05
     346.500     300.58
     347.000     300.04
     347.500     301.83
     348.000     299.68
     348.500     300.60
     349.000     302.91
     349.500     296.93
     350.000     300.03
     350.500     302.41
     351.000     302.81
     351.500     300.22
     352.000     301.00
     352.500     302.50
     353.000     297.40
     353.500     304.43
     354.000     300.14
     354.500     299.93
     355.000     298.54
     355.500     297.86
     356.000     297.34
     356.500     301.50
     357.000     304.13
     357.500     299.58
     358.000     302.75
     358.500     301.10
     359.000     298.89
     359.500     300.23
     360.000     304.55
     360.500     298.31
     361.000     303.43
     361.500     299.96
     362.000     300.68
     362.500     298.50
     363.000     301.64
     363.500     300.67
     364.000     295.51
     364.500     300.97
     365.000     300.94
     365.500     304.09
     366.000     299.40
     366.500     300.37
     367.000     299.37
     367.500     297.50
     368.000     299.57
     368.500     300.08
     369.000     300.32
     369.500     297.22
     370.000     299.23
     370.500     302.36
     371.000     299.68
     371.500     302.55
     372.000     305.88
     372.500     301.88
     373.000     299.63
     373.500     302.12
     374.000     298.13
     374.500     299.92
     375.000     300.30
     375.500     299.94
     376.000     301.60
     376.500     297.80
     377.000     303.06
     377.500     298.91
     378.000     297.60
     378.500     300.17
     379.000     298.15
     379.500     299.52
     380.000     301.76
     380.500     299.15
     381.000     301.34
     381.500     299.87
     382.000     302.32
     382.500     300.07
     383.000     302.66
     383.500     301.98
     384.000     296.43
     384.500     296.91
     385.000     300.04
     385.500     304.01
     386.000     298.00
     386.500     300.09
     387.000     304.87
     387.500     299.43
     388.000     301.00
     388.500     304.02
     389.000     300.25
     389.500     298.97
     390.000     300.97
     390.500     301.23
     391.000     299.69
     391.500     298.39
     392.000     300.36
     392.500     303.24
     393.000     298.37
     393.500     301.62
     394.000     297.25
     394.500     301.55
     395.000     301.22
     395.500     298.82
     396.000     302.34
     396.500     299.51
     397.000     299.81
     397.500     302.15
     398.000     299.41
     398.500     299.61
     399.000     301.16
     399.500     300.36
     400.000     300.79
