       0.000           0.0000
       1.000         221.2693
       2.000         428.3117
       3.000         644.6627
       4.000         856.0258
       5.000        1084.2450
       6.000        1287.9026
       7.000        1516.8652
       8.000        1720.1863
       9.000        1960.2622
      10.000        2168.2349
      11.000        2413.8252
      12.000        2629.0422
      13.000        2814.5640
      14.000        3066.0171
      15.000        3264.4734
      16.000        3503.6699
      17.000        3702.1509
      18.000        3927.7039
      19.000        4110.3105
      20.000        4424.1885
      21.000        4442.8682
      22.000        4556.8140
      23.000        4711.5591
      24.000        4870.9053
      25.000        4907.6738
      26.000        5111.3521
      27.000        5181.1948
      28.000        5289.1855
      29.000        5367.6558
      30.000        5462.4277
      31.000        5525.9727
      32.000        5639.6968
      33.000        5751.5063
      34.000        5971.3818
      35.000        5968.5400
      36.000        6089.3330
      37.000        6241.5996
      38.000        6402.4790
      39.000        6460.3086
      40.000        6536.7183
      41.000        6737.0825
      42.000        6753.1870
      43.000        6914.3726
      44.000        7072.7290
      45.000        7117.4292
      46.000        7248.2529
      47.000        7375.1816
      48.000        7539.8506
      49.000        7574.2607
      50.000        7588.0557
      51.000        7786.6792
      52.000        7795.2529
      53.000        8020.6821
      54.000        8136.9712
      55.000        8188.5332
      56.000        8318.8730
      57.000        8354.4307
      58.000        8551.2861
      59.000        8663.1758
      60.000        8746.9209
      61.000        8833.1992
      62.000        8926.3232
      63.000        8905.3662
      64.000        8903.5488
      65.000        8987.6787
      66.000        9095.7646
      67.000        9092.4521
      68.000        9167.5977
      69.000        9189.8896
      70.000        9307.7773
      71.000        9450.6533
      72.000        9464.6670
      73.000        9457.4004
      74.000        9502.1807
      75.000        9514.3320
      76.000        9566.4355
      77.000        9700.2197
      78.000        9815.2578
      79.000        9885.6270
      80.000        9783.0234
      81.000       10041.8799
      82.000       10015.8936
      83.000       10056.3574
      84.000       10130.2988
      85.000       10248.0127
      86.000       10125.8887
      87.000       10160.6279
      88.000       10373.6025
      89.000       10351.0244
      90.000       10351.2090
      91.000       10445.7852
      92.000       10491.6523
      93.000       10579.8818
      94.000       10690.6748
      95.000       10602.2646
      96.000       10742.6543
      97.000       10838.2393
      98.000       10787.9209
      99.000       10852.2568
     100.000       11051.3008
     101.000       11058.2197
     102.000       11175.2119
     103.000       11129.2295
     104.000       11107.5479
     105.000       11313.0811
     106.000       11285.6484
     107.000       11293.8125
     108.000       11378.5986
     109.000       11523.0791
     110.000       11515.5703
     111.000       11429.9717
     112.000       11565.1133
     113.000       11732.6553
     114.000       11797.5312
     115.000       11884.4668
     116.000       11768.0967
     117.000       11777.1914
     118.000       11882.8525
     119.000       12104.6641
     120.000       12033.1035
     121.000       12155.7285
     122.000       12197.3252
     123.000       12339.8682
     124.000       12299.9834
     125.000       12227.3730
     126.000       12315.0928
     127.000       12388.1016
     128.000       12346.8174
     129.000       12560.6934
     130.000       12512.5527
     131.000       12622.2471
     132.000       12813.9062
     133.000       12749.1787
     134.000       12736.4697
     135.000       12887.7627
     136.000       12974.1572
     137.000       12874.3701
     138.000       12954.2070
     139.000       13109.8906
     140.000       13175.7588
     141.000       13103.2119
     142.000       13080.1123
     143.000       13190.4990
     144.000       13113.4453
     145.000       13165.9365
     146.000       13225.4189
     147.000       13071.1484
     148.000       13038.4971
     149.000       13151.5537
     150.000       13131.8340
     151.000       13248.1152
     152.000       13146.3027
     153.000       13047.6133
     154.000       13200.0020
     155.000       13185.6982
     156.000       13152.9854
     157.000       13158.1270
     158.000       13143.8203
     159.000       13302.5713
     160.000       13160.9453
     161.000       13193.6416
     162.000       13115.9541
     163.000       13110.5879
     164.000       13245.7158
     165.000       13082.6123
     166.000       13101.3301
     167.000       13207.2676
     168.000       13209.6621
     169.000       13247.7383
     170.000       13045.7207
     171.000       12975.4814
     172.000       13005.5410
     173.000       13119.7422
     174.000       13172.5605
     175.000       13182.8271
     176.000       13074.9092
     177.000       13079.5557
     178.000       13129.4717
     179.000       13214.1348
     180.000       13007.6182
     181.000       13375.9336
     182.000       13283.2246
     183.000       13136.2754
     184.000       13125.3115
     185.000       13021.1396
     186.000       13113.2930
     187.000       13255.1729
     188.000       13286.1689
     189.000       13255.1777
     190.000       13010.6738
     191.000       13028.7500
     192.000       13035.8848
     193.000       13119.2734
     194.000       13163.5195
     195.000       13203.2412
     196.000       13146.0176
     197.000       13060.0557
     198.000       13164.0742
     199.000       13199.5312
     200.000       13139.5596
     201.000       13171.0586
     202.000       13108.1094
     203.000       13070.2158
     204.000       13169.6465
     205.000       13183.1260
     206.000       13246.2734
     207.000       13182.1445
     208.000       13172.7812
     209.000       12971.8682
     210.000       13075.1660
     211.000       13320.0732
     212.000       13039.4229
     213.000       13209.0029
     214.000       13229.1963
     215.000       13191.0801
     216.000       13388.8955
     217.000       13135.3213
     218.000       13002.0225
     219.000       13200.0254
     220.000       13068.0752
     221.000       13270.5586
     222.000       13140.2393
     223.000       13311.7568
     224.000       13154.7363
     225.000       13031.7080
     226.000       13177.6514
     227.000       13180.0459
     228.000       13095.7988
     229.000       13135.4375
     230.000       13205.5957
     231.000       13239.3164
     232.000       13123.6992
     233.000       13127.4062
     234.000       13196.7324
     235.000       13118.8076
     236.000       13257.7812
     237.000       13130.7158
     238.000       13153.3643
     239.000       13161.8740
     240.000       13078.9434
     241.000       13096.8145
     242.000       13005.3047
     243.000       13359.4697
     244.000       13282.0244
     245.000       13217.9385
     246.000       13260.3721
     247.000       13071.9658
     248.000       13103.0264
     249.000       13338.5283
     250.000       13252.9150
     251.000       13358.0566
     252.000       13217.4033
     253.000       13070.4570
     254.000       13171.9072
     255.000       13061.1436
     256.000       13159.4121
     257.000       13101.7852
     258.000       13253.5498
     259.000       13244.2217
     260.000       13127.6260
     261.000       13136.4971
     262.000       13211.0225
     263.000       13044.2998
     264.000       13151.4883
     265.000       13089.8584
     266.000       13157.1572
     267.000       13207.6562
     268.000       13244.2656
     269.000       13313.2158
     270.000       13230.1426
     271.000       13312.6270
     272.000       13177.9258
     273.000       13080.7920
     274.000       13027.8701
     275.000       13297.6768
     276.000       13174.5273
     277.000       13077.3145
     278.000       13186.5654
     279.000       13166.5811
     280.000       13197.0117
     281.000       13079.2617
     282.000       13143.0459
     283.000       13221.2852
     284.000       13149.5127
     285.000       13126.0752
     286.000       13169.8174
     287.000       13099.6016
     288.000       13185.5244
     289.000       13249.8438
     290.000       13176.5586
     291.000       13058.5586
     292.000       13134.0576
     293.000       13163.0000
     294.000       13200.7959
     295.000       13179.1826
     296.000       13008.8799
     297.000       13095.9297
     298.000       13263.7764
     299.000       13077.5830
     300.000       13180.8740
     301.000       13250.5459
     302.000       13081.4658
     303.000       13121.5859
     304.000       13175.9541
     305.000       13160.9209
     306.000       13105.5264
     307.000       13144.3291
     308.000       13164.1836
     309.000       13219.7764
     310.000       13191.5430
     311.000       12981.1895
     312.000       13168.6963
     313.000       13358.0176
     314.000       13077.3223
     315.000       13148.1885
     316.000       13095.5205
     317.000       13108.2236
     318.000       13222.5273
     319.000       13094.5996
     320.000       12922.9531
     321.000       13221.7188
     322.000       13113.0947
     323.000       13209.0049
     324.000       13165.1904
     325.000       13050.1484
     326.000       13123.9502
     327.000       13220.9980
     328.000       13180.6240
     329.000       13243.4424
     330.000       13064.4766
     331.000       13111.1367
     332.000       13315.0811
     333.000       13123.9443
     334.000       13147.9814
     335.000       13144.1787
     336.000       13084.3799
     337.000       13244.8340
     338.000       13366.4717
     339.000       13335.7480
     340.000       13227.4863
     341.000       13041.7910
     342.000       13149.4355
     343.000       13007.4346
     344.000       13227.6035
     345.000       13299.9277
     346.000       13099.2578
     347.000       13233.7979
     348.000       13157.2891
     349.000       13247.8916
     350.000       13151.5684
     351.000       13122.1543
     352.000       13295.0439
     353.000       13122.1973
     354.000       13024.5732
     355.000       13195.5977
     356.000       13090.6270
     357.000       13195.2842
     358.000       13203.4619
     359.000       13152.6016
     360.000       13166.0859
     361.000       13162.3057
     362.000       13281.3389
     363.000       13129.1719
     364.000       13095.2705
     365.000       13047.0049
     366.000       13207.1533
     367.000       13360.3896
     368.000       13252.5283
     369.000       13257.6660
     370.000       13205.6768
     371.000       13135.5293
     372.000       13164.2451
     373.000       13067.8809
     374.000       13194.5889
     375.000       13108.9971
     376.000       13145.9072
     377.000       13181.4854
     378.000       13086.9619
     379.000       13129.0488
     380.000       13265.7822
     381.000       12983.1465
     382.000       13124.9072
     383.000       13183.2979
     384.000       13092.5137
     385.000       13017.5215
     386.000       13090.7979
     387.000       13247.2168
     388.000       13221.0361
     389.000       13123.3643
     390.000       13357.7939
     391.000       13169.6377
     392.000       13215.8936
     393.000       13183.8193
     394.000       13072.1152
     395.000       12946.4883
     396.000       13213.5117
     397.000       13171.8652
     398.000       13306.0225
     399.000       13191.1807
     400.000       13033.3389
