       0.000     -125349.0198
       1.000      -90432.8383
       2.000      -90561.9093
       3.000      -90542.3763
       4.000      -90433.2272
       5.000      -90305.6687
       6.000      -90154.5973
       7.000      -90033.2260
       8.000      -89864.7152
       9.000      -89717.4675
      10.000      -89581.5994
      11.000      -89437.3990
      12.000      -89260.1976
      13.000      -89051.7583
      14.000      -88896.9077
      15.000      -88711.2495
      16.000      -88519.2854
      17.000      -88371.3391
      18.000      -88156.0920
      19.000      -87958.7400
      20.000      -87794.0224
      21.000      -87717.2087
      22.000      -87635.2835
      23.000      -87603.3411
      24.000      -87550.5680
      25.000      -87388.8435
      26.000      -87344.7184
      27.000      -87276.2333
      28.000      -87152.5072
      29.000      -87142.5896
      30.000      -87014.0317
      31.000      -86900.4172
      32.000      -86824.1964
      33.000      -86833.5517
      34.000      -86756.6179
      35.000      -86660.9872
      36.000      -86570.8524
      37.000      -86508.7609
      38.000      -86435.5270
      39.000      -86279.2927
      40.000      -86204.2619
      41.000      -86082.5716
      42.000      -85963.9861
      43.000      -85805.1771
      44.000      -85840.8157
      45.000      -85626.1403
      46.000      -85579.1363
      47.000      -85482.9789
      48.000      -85356.8207
      49.000      -85283.4661
      50.000      -85278.3044
      51.000      -85187.8133
      52.000      -85065.9222
      53.000      -84891.3742
      54.000      -84758.1761
      55.000      -84759.6793
      56.000      -84697.3537
      57.000      -84521.1972
      58.000      -84396.6065
      59.000      -84408.8470
      60.000      -84164.5773
      61.000      -84122.4772
      62.000      -84095.2073
      63.000      -84075.2485
      64.000      -84195.7981
      65.000      -83988.3455
      66.000      -83957.1540
      67.000      -84072.8866
      68.000      -84032.5044
      69.000      -83893.0074
      70.000      -83868.3148
      71.000      -83826.1865
      72.000      -83788.6225
      73.000      -83681.3846
      74.000      -83628.0574
      75.000      -83736.9717
      76.000      -83449.8609
      77.000      -83508.8677
      78.000      -83560.7173
      79.000      -83364.6882
      80.000      -83386.8199
      81.000      -83295.2218
      82.000      -83352.8138
      83.000      -83232.9695
      84.000      -83102.6077
      85.000      -83031.7334
      86.000      -82802.6380
      87.000      -82810.1742
      88.000      -82742.4052
      89.000      -82585.8844
      90.000      -82517.4781
      91.000      -82472.8163
      92.000      -82484.7954
      93.000      -82208.5724
      94.000      -82440.1356
      95.000      -82385.3925
      96.000      -82167.8857
      97.000      -82163.1501
      98.000      -82076.0368
      99.000      -81826.3372
     100.000      -81925.3503
     101.000      -81717.7156
     102.000      -81728.4091
     103.000      -81535.4766
     104.000      -81476.2360
     105.000      -81551.6419
     106.000      -81533.0049
     107.000      -81533.0778
     108.000      -81157.4860
     109.000      -81152.1244
     110.000      -80993.0492
     111.000      -80737.3762
     112.000      -80841.2259
     113.000      -80687.1295
     114.000      -80707.6343
     115.000      -80517.5905
     116.000      -80270.8412
     117.000      -80297.4839
     118.000      -80463.2495
     119.000      -80057.6548
     120.000      -80074.2273
     121.000      -79763.6246
     122.000      -79665.9542
     123.000      -79571.7145
     124.000      -79466.9546
     125.000      -79299.8597
     126.000      -79101.2890
     127.000      -79117.0347
     128.000      -78786.2320
     129.000      -78791.3967
     130.000      -78730.6812
     131.000      -78411.8321
     132.000      -78561.2100
     133.000      -78133.7102
     134.000      -78030.3858
     135.000      -77953.4727
     136.000      -77991.3441
     137.000      -77463.7818
     138.000      -77376.0806
     139.000      -77131.9858
     140.000      -76905.3092
     141.000      -77015.7902
     142.000      -76577.8840
     143.000      -76748.5942
     144.000      -76640.8780
     145.000      -76558.9526
     146.000      -76783.9029
     147.000      -76794.1996
     148.000      -76671.2737
     149.000      -76557.8277
     150.000      -76425.2128
     151.000      -76552.6684
     152.000      -76613.7597
     153.000      -76676.4205
     154.000      -76632.4133
     155.000      -76674.4483
     156.000      -76623.1360
     157.000      -76806.6988
     158.000      -76445.1100
     159.000      -76731.4458
     160.000      -76828.7642
     161.000      -76642.8744
     162.000      -76725.1128
     163.000      -76540.0660
     164.000      -76505.4340
     165.000      -76659.6682
     166.000      -76492.3542
     167.000      -76482.1509
     168.000      -76479.4972
     169.000      -76572.8458
     170.000      -76496.4221
     171.000      -76707.4459
     172.000      -76619.6114
     173.000      -76812.4498
     174.000      -76800.5221
     175.000      -76665.5887
     176.000      -76606.0508
     177.000      -76727.7355
     178.000      -76670.0712
     179.000      -76616.2462
     180.000      -76751.5109
     181.000      -76794.1577
     182.000      -77081.9412
     183.000      -76863.7291
     184.000      -76971.2071
     185.000      -76693.9049
     186.000      -76697.0317
     187.000      -76982.0315
     188.000      -76882.0038
     189.000      -76849.1807
     190.000      -76664.1642
     191.000      -76793.3719
     192.000      -76708.2925
     193.000      -76656.9657
     194.000      -76591.7962
     195.000      -76541.4452
     196.000      -76665.2386
     197.000      -76998.1816
     198.000      -76877.3421
     199.000      -76990.9398
     200.000      -76776.9608
     201.000      -76883.0302
     202.000      -76640.4463
     203.000      -76787.4527
     204.000      -76878.8377
     205.000      -76787.2539
     206.000      -76771.1258
     207.000      -76743.8596
     208.000      -76940.9136
     209.000      -76852.4572
     210.000      -77150.5341
     211.000      -76861.5268
     212.000      -76740.9341
     213.000      -76834.1508
     214.000      -77081.3112
     215.000      -76699.4479
     216.000      -76649.0923
     217.000      -76799.0903
     218.000      -76865.3129
     219.000      -76645.9001
     220.000      -76855.6329
     221.000      -76757.2003
     222.000      -76949.9547
     223.000      -77103.1806
     224.000      -76935.7645
     225.000      -76817.4520
     226.000      -76857.8388
     227.000      -77016.3860
     228.000      -77252.7966
     229.000      -77227.4330
     230.000      -77143.5880
     231.000      -77054.5631
     232.000      -77232.1918
     233.000      -77278.5679
     234.000      -77309.4471
     235.000      -77248.1823
     236.000      -77386.0534
     237.000      -77287.6370
     238.000      -77173.5427
     239.000      -77130.0854
     240.000      -77071.1743
     241.000      -77351.2199
     242.000      -77149.7236
     243.000      -77177.4213
     244.000      -77336.5815
     245.000      -77184.6181
     246.000      -77303.3058
     247.000      -77104.3257
     248.000      -77131.1904
     249.000      -77187.9697
     250.000      -77156.8397
     251.000      -77486.1522
     252.000      -77279.1802
     253.000      -77065.1011
     254.000      -76985.2195
     255.000      -77094.0344
     256.000      -77035.7683
     257.000      -77099.5221
     258.000      -77265.0991
     259.000      -77115.0802
     260.000      -77364.8736
     261.000      -77654.4650
     262.000      -77539.2606
     263.000      -77463.7076
     264.000      -77255.8481
     265.000      -77374.1669
     266.000      -77305.5637
     267.000      -76966.8096
     268.000      -77249.3525
     269.000      -77159.4111
     270.000      -77211.5933
     271.000      -77373.0507
     272.000      -77121.8375
     273.000      -77622.0095
     274.000      -77402.6083
     275.000      -77338.4845
     276.000      -77505.8260
     277.000      -77415.5419
     278.000      -77575.3571
     279.000      -77604.6440
     280.000      -77370.3203
     281.000      -77233.4616
     282.000      -77287.6034
     283.000      -77402.9971
     284.000      -77442.5282
     285.000      -77332.1234
     286.000      -77322.4177
     287.000      -77087.8152
     288.000      -77503.1540
     289.000      -77238.2775
     290.000      -77426.6372
     291.000      -77394.0498
     292.000      -77493.8985
     293.000      -77447.4635
     294.000      -77249.2833
     295.000      -77364.3975
     296.000      -77423.7908
     297.000      -77357.3536
     298.000      -77423.3391
     299.000      -77429.1800
     300.000      -77573.5988
     301.000      -77515.9284
     302.000      -77447.4596
     303.000      -77715.7674
     304.000      -77237.8869
     305.000      -77369.1124
     306.000      -77412.2758
     307.000      -77381.9447
     308.000      -77716.1258
     309.000      -77540.0186
     310.000      -77471.0955
     311.000      -77617.3327
     312.000      -77616.0356
     313.000      -77766.9835
     314.000      -77500.8839
     315.000      -77444.6889
     316.000      -77612.4663
     317.000      -77448.8936
     318.000      -77293.3057
     319.000      -77363.7062
     320.000      -77363.8285
     321.000      -77272.7374
     322.000      -77765.2863
     323.000      -77749.5019
     324.000      -77627.7021
     325.000      -77548.2021
     326.000      -77542.2694
     327.000      -77836.5511
     328.000      -77891.6237
     329.000      -77640.3004
     330.000      -77846.6984
     331.000      -77749.0005
     332.000      -77523.0378
     333.000      -77649.7863
     334.000      -77760.4828
     335.000      -77737.7565
     336.000      -77804.6610
     337.000      -77517.0687
     338.000      -77776.6060
     339.000      -77714.5568
     340.000      -77521.8470
     341.000      -77728.9526
     342.000      -77589.0986
     343.000      -77973.2640
     344.000      -77463.0568
     345.000      -77561.9889
     346.000      -77652.2211
     347.000      -77742.8538
     348.000      -77773.3429
     349.000      -77752.6819
     350.000      -77648.8987
     351.000      -77629.9757
     352.000      -77570.6729
     353.000      -77670.0355
     354.000      -77732.5813
     355.000      -77755.3780
     356.000      -77766.3430
     357.000      -77566.0007
     358.000      -77753.7795
     359.000      -77745.3226
     360.000      -77673.7018
     361.000      -77788.7051
     362.000      -77541.1518
     363.000      -77914.0157
     364.000      -77844.7444
     365.000      -77934.7900
     366.000      -77496.9579
     367.000      -77736.0340
     368.000      -77669.9845
     369.000      -77520.9697
     370.000      -77413.6702
     371.000      -77661.3054
     372.000      -77948.7183
     373.000      -77785.4299
     374.000      -77715.4313
     375.000      -77584.3462
     376.000      -77687.3473
     377.000      -77774.6227
     378.000      -77953.0622
     379.000      -77736.6982
     380.000      -77708.2764
     381.000      -77785.2214
     382.000      -77864.9806
     383.000      -77590.2132
     384.000      -77672.9216
     385.000      -77612.9476
     386.000      -77673.7290
     387.000      -77561.2131
     388.000      -77593.1293
     389.000      -77800.6863
     390.000      -77828.4951
     391.000      -77828.6390
     392.000      -77827.8961
     393.000      -77864.8051
     394.000      -77677.4658
     395.000      -77846.5171
     396.000      -77933.8868
     397.000      -77883.4990
     398.000      -77901.9004
     399.000      -77739.2870
     400.000      -77955.7200
