       0.000     -125349.0198
       1.000      -90211.5691
       2.000      -90133.5976
       3.000      -89897.7136
       4.000      -89577.2015
       5.000      -89221.4237
       6.000      -88866.6947
       7.000      -88516.3607
       8.000      -88144.5289
       9.000      -87757.2053
      10.000      -87413.3646
      11.000      -87023.5738
      12.000      -86631.1554
      13.000      -86237.1944
      14.000      -85830.8906
      15.000      -85446.7761
      16.000      -85015.6154
      17.000      -84669.1882
      18.000      -84228.3881
      19.000      -83848.4295
      20.000      -83369.8339
      21.000      -83274.3406
      22.000      -83078.4695
      23.000      -82891.7821
      24.000      -82679.6627
      25.000      -82481.1697
      26.000      -82233.3664
      27.000      -82095.0385
      28.000      -81863.3216
      29.000      -81774.9338
      30.000      -81551.6039
      31.000      -81374.4445
      32.000      -81184.4996
      33.000      -81082.0453
      34.000      -80785.2360
      35.000      -80692.4472
      36.000      -80481.5194
      37.000      -80267.1613
      38.000      -80033.0480
      39.000      -79818.9841
      40.000      -79667.5437
      41.000      -79345.4891
      42.000      -79210.7991
      43.000      -78890.8046
      44.000      -78768.0867
      45.000      -78508.7111
      46.000      -78330.8834
      47.000      -78107.7972
      48.000      -77816.9701
      49.000      -77709.2053
      50.000      -77690.2488
      51.000      -77401.1341
      52.000      -77270.6693
      53.000      -76870.6920
      54.000      -76621.2049
      55.000      -76571.1461
      56.000      -76378.4807
      57.000      -76166.7665
      58.000      -75845.3203
      59.000      -75745.6712
      60.000      -75417.6564
      61.000      -75289.2779
      62.000      -75168.8840
      63.000      -75169.8823
      64.000      -75292.2493
      65.000      -75000.6668
      66.000      -74861.3894
      67.000      -74980.4345
      68.000      -74864.9067
      69.000      -74703.1178
      70.000      -74560.5374
      71.000      -74375.5331
      72.000      -74323.9555
      73.000      -74223.9842
      74.000      -74125.8767
      75.000      -74222.6397
      76.000      -73883.4253
      77.000      -73808.6479
      78.000      -73745.4595
      79.000      -73479.0613
      80.000      -73603.7965
      81.000      -73253.3419
      82.000      -73336.9202
      83.000      -73176.6120
      84.000      -72972.3089
      85.000      -72783.7207
      86.000      -72676.7493
      87.000      -72649.5463
      88.000      -72368.8027
      89.000      -72234.8600
      90.000      -72166.2691
      91.000      -72027.0312
      92.000      -71993.1431
      93.000      -71628.6906
      94.000      -71749.4608
      95.000      -71783.1278
      96.000      -71425.2314
      97.000      -71324.9108
      98.000      -71288.1159
      99.000      -70974.0804
     100.000      -70874.0495
     101.000      -70659.4959
     102.000      -70553.1972
     103.000      -70406.2471
     104.000      -70368.6881
     105.000      -70238.5608
     106.000      -70247.3564
     107.000      -70239.2653
     108.000      -69778.8874
     109.000      -69629.0452
     110.000      -69477.4789
     111.000      -69307.4045
     112.000      -69276.1126
     113.000      -68954.4742
     114.000      -68910.1030
     115.000      -68633.1237
     116.000      -68502.7446
     117.000      -68520.2925
     118.000      -68580.3969
     119.000      -67952.9907
     120.000      -68041.1238
     121.000      -67607.8961
     122.000      -67468.6290
     123.000      -67231.8463
     124.000      -67166.9712
     125.000      -67072.4866
     126.000      -66786.1962
     127.000      -66728.9331
     128.000      -66439.4147
     129.000      -66230.7033
     130.000      -66218.1285
     131.000      -65789.5850
     132.000      -65747.3038
     133.000      -65384.5315
     134.000      -65293.9161
     135.000      -65065.7100
     136.000      -65017.1869
     137.000      -64589.4117
     138.000      -64421.8736
     139.000      -64022.0951
     140.000      -63729.5504
     141.000      -63912.5783
     142.000      -63497.7716
     143.000      -63558.0952
     144.000      -63527.4327
     145.000      -63393.0161
     146.000      -63558.4839
     147.000      -63723.0512
     148.000      -63632.7766
     149.000      -63406.2740
     150.000      -63293.3789
     151.000      -63304.5531
     152.000      -63467.4569
     153.000      -63628.8072
     154.000      -63432.4114
     155.000      -63488.7500
     156.000      -63470.1507
     157.000      -63648.5718
     158.000      -63301.2897
     159.000      -63428.8745
     160.000      -63667.8189
     161.000      -63449.2328
     162.000      -63609.1587
     163.000      -63429.4781
     164.000      -63259.7182
     165.000      -63577.0559
     166.000      -63391.0241
     167.000      -63274.8833
     168.000      -63269.8351
     169.000      -63325.1075
     170.000      -63450.7014
     171.000      -63731.9645
     172.000      -63614.0704
     173.000      -63692.7076
     174.000      -63627.9616
     175.000      -63482.7616
     176.000      -63531.1417
     177.000      -63648.1799
     178.000      -63540.5995
     179.000      -63402.1115
     180.000      -63743.8927
     181.000      -63418.2241
     182.000      -63798.7166
     183.000      -63727.4537
     184.000      -63845.8956
     185.000      -63672.7652
     186.000      -63583.7388
     187.000      -63726.8587
     188.000      -63595.8349
     189.000      -63594.0030
     190.000      -63653.4904
     191.000      -63764.6219
     192.000      -63672.4077
     193.000      -63537.6922
     194.000      -63428.2767
     195.000      -63338.2040
     196.000      -63519.2211
     197.000      -63938.1259
     198.000      -63713.2679
     199.000      -63791.4086
     200.000      -63637.4012
     201.000      -63711.9716
     202.000      -63532.3370
     203.000      -63717.2368
     204.000      -63709.1912
     205.000      -63604.1279
     206.000      -63524.8524
     207.000      -63561.7151
     208.000      -63768.1324
     209.000      -63880.5890
     210.000      -64075.3681
     211.000      -63541.4535
     212.000      -63701.5112
     213.000      -63625.1478
     214.000      -63852.1149
     215.000      -63508.3678
     216.000      -63260.1968
     217.000      -63663.7690
     218.000      -63863.2905
     219.000      -63445.8747
     220.000      -63787.5577
     221.000      -63486.6417
     222.000      -63809.7154
     223.000      -63791.4237
     224.000      -63781.0282
     225.000      -63785.7440
     226.000      -63680.1874
     227.000      -63836.3401
     228.000      -64156.9978
     229.000      -64091.9955
     230.000      -63937.9923
     231.000      -63815.2467
     232.000      -64108.4926
     233.000      -64151.1617
     234.000      -64112.7146
     235.000      -64129.3747
     236.000      -64128.2722
     237.000      -64156.9212
     238.000      -64020.1785
     239.000      -63968.2114
     240.000      -63992.2309
     241.000      -64254.4054
     242.000      -64144.4190
     243.000      -63817.9516
     244.000      -64054.5571
     245.000      -63966.6796
     246.000      -64042.9337
     247.000      -64032.3598
     248.000      -64028.1640
     249.000      -63849.4413
     250.000      -63903.9247
     251.000      -64128.0955
     252.000      -64061.7769
     253.000      -63994.6441
     254.000      -63813.3123
     255.000      -64032.8908
     256.000      -63876.3561
     257.000      -63997.7369
     258.000      -64011.5493
     259.000      -63870.8585
     260.000      -64237.2476
     261.000      -64517.9680
     262.000      -64328.2381
     263.000      -64419.4078
     264.000      -64104.3598
     265.000      -64284.3085
     266.000      -64148.4065
     267.000      -63759.1533
     268.000      -64005.0869
     269.000      -63846.1953
     270.000      -63981.4507
     271.000      -64060.4238
     272.000      -63943.9117
     273.000      -64541.2175
     274.000      -64374.7382
     275.000      -64040.8077
     276.000      -64331.2986
     277.000      -64338.2275
     278.000      -64388.7917
     279.000      -64438.0629
     280.000      -64173.3086
     281.000      -64154.1999
     282.000      -64144.5575
     283.000      -64181.7119
     284.000      -64293.0155
     285.000      -64206.0482
     286.000      -64152.6004
     287.000      -63988.2136
     288.000      -64317.6296
     289.000      -63988.4338
     290.000      -64250.0786
     291.000      -64335.4912
     292.000      -64359.8409
     293.000      -64284.4635
     294.000      -64048.4874
     295.000      -64185.2149
     296.000      -64414.9109
     297.000      -64261.4239
     298.000      -64159.5627
     299.000      -64351.5970
     300.000      -64392.7248
     301.000      -64265.3825
     302.000      -64365.9937
     303.000      -64594.1814
     304.000      -64061.9328
     305.000      -64208.1915
     306.000      -64306.7494
     307.000      -64237.6156
     308.000      -64551.9422
     309.000      -64320.2422
     310.000      -64279.5525
     311.000      -64636.1432
     312.000      -64447.3393
     313.000      -64408.9659
     314.000      -64423.5616
     315.000      -64296.5004
     316.000      -64516.9458
     317.000      -64340.6700
     318.000      -64070.7783
     319.000      -64269.1066
     320.000      -64440.8753
     321.000      -64051.0187
     322.000      -64652.1915
     323.000      -64540.4970
     324.000      -64462.5117
     325.000      -64498.0536
     326.000      -64418.3192
     327.000      -64615.5531
     328.000      -64710.9996
     329.000      -64396.8580
     330.000      -64782.2219
     331.000      -64637.8638
     332.000      -64207.9567
     333.000      -64525.8419
     334.000      -64612.5014
     335.000      -64593.5778
     336.000      -64720.2811
     337.000      -64272.2347
     338.000      -64410.1344
     339.000      -64378.8088
     340.000      -64294.3607
     341.000      -64687.1616
     342.000      -64439.6630
     343.000      -64965.8294
     344.000      -64235.4533
     345.000      -64262.0611
     346.000      -64552.9633
     347.000      -64509.0559
     348.000      -64616.0539
     349.000      -64504.7903
     350.000      -64497.3304
     351.000      -64507.8214
     352.000      -64275.6290
     353.000      -64547.8382
     354.000      -64708.0080
     355.000      -64559.7803
     356.000      -64675.7160
     357.000      -64370.7165
     358.000      -64550.3176
     359.000      -64592.7210
     360.000      -64507.6158
     361.000      -64626.3994
     362.000      -64259.8130
     363.000      -64784.8438
     364.000      -64749.4739
     365.000      -64887.7851
     366.000      -64289.8046
     367.000      -64375.6444
     368.000      -64417.4562
     369.000      -64263.3037
     370.000      -64207.9935
     371.000      -64525.7762
     372.000      -64784.4732
     373.000      -64717.5490
     374.000      -64520.8424
     375.000      -64475.3491
     376.000      -64541.4401
     377.000      -64593.1373
     378.000      -64866.1003
     379.000      -64607.6494
     380.000      -64442.4941
     381.000      -64802.0750
     382.000      -64740.0734
     383.000      -64406.9153
     384.000      -64580.4080
     385.000      -64595.4261
     386.000      -64582.9312
     387.000      -64313.9963
     388.000      -64372.0931
     389.000      -64677.3220
     390.000      -64470.7011
     391.000      -64659.0013
     392.000      -64612.0026
     393.000      -64680.9858
     394.000      -64605.3506
     395.000      -64900.0288
     396.000      -64720.3751
     397.000      -64711.6338
     398.000      -64595.8779
     399.000      -64548.1063
     400.000      -64922.3812
