       0.000       0.00
       1.000       5.04
       2.000       9.76
       3.000      14.69
       4.000      19.51
       5.000      24.71
       6.000      29.36
       7.000      34.58
       8.000      39.21
       9.000      44.68
      10.000      49.42
      11.000      55.02
      12.000      59.93
      13.000      64.16
      14.000      69.89
      15.000      74.41
      16.000      79.86
      17.000      84.39
      18.000      89.53
      19.000      93.69
      20.000     100.84
      21.000     101.27
      22.000     103.87
      23.000     107.40
      24.000     111.03
      25.000     111.87
      26.000     116.51
      27.000     118.10
      28.000     120.56
      29.000     122.35
      30.000     124.51
      31.000     125.96
      32.000     128.55
      33.000     131.10
      34.000     136.11
      35.000     136.05
      36.000     138.80
      37.000     142.27
      38.000     145.94
      39.000     147.26
      40.000     149.00
      41.000     153.56
      42.000     153.93
      43.000     157.61
      44.000     161.22
      45.000     162.23
      46.000     165.22
      47.000     168.11
      48.000     171.86
      49.000     172.65
      50.000     172.96
      51.000     177.49
      52.000     177.68
      53.000     182.82
      54.000     185.47
      55.000     186.65
      56.000     189.62
      57.000     190.43
      58.000     194.92
      59.000     197.47
      60.000     199.38
      61.000     201.34
      62.000     203.47
      63.000     202.99
      64.000     202.95
      65.000     204.86
      66.000     207.33
      67.000     207.25
      68.000     208.97
      69.000     209.47
      70.000     212.16
      71.000     215.42
      72.000     215.74
      73.000     215.57
      74.000     216.59
      75.000     216.87
      76.000     218.06
      77.000     221.11
      78.000     223.73
      79.000     225.33
      80.000     222.99
      81.000     228.89
      82.000     228.30
      83.000     229.22
      84.000     230.91
      85.000     233.59
      86.000     230.81
      87.000     231.60
      88.000     236.46
      89.000     235.94
      90.000     235.95
      91.000     238.10
      92.000     239.15
      93.000     241.16
      94.000     243.68
      95.000     241.67
      96.000     244.87
      97.000     247.05
      98.000     245.90
      99.000     247.37
     100.000     251.90
     101.000     252.06
     102.000     254.73
     103.000     253.68
     104.000     253.19
     105.000     257.87
     106.000     257.24
     107.000     257.43
     108.000     259.36
     109.000     262.66
     110.000     262.49
     111.000     260.53
     112.000     263.61
     113.000     267.43
     114.000     268.91
     115.000     270.89
     116.000     268.24
     117.000     268.45
     118.000     270.86
     119.000     275.91
     120.000     274.28
     121.000     277.08
     122.000     278.03
     123.000     281.27
     124.000     280.37
     125.000     278.71
     126.000     280.71
     127.000     282.37
     128.000     281.43
     129.000     286.31
     130.000     285.21
     131.000     287.71
     132.000     292.08
     133.000     290.60
     134.000     290.31
     135.000     293.76
     136.000     295.73
     137.000     293.46
     138.000     295.28
     139.000     298.83
     140.000     300.33
     141.000     298.67
     142.000     298.15
     143.000     300.66
     144.000     298.91
     145.000     300.10
     146.000     301.46
     147.000     297.94
     148.000     297.20
     149.000     299.78
     150.000     299.33
     151.000     301.98
     152.000     299.66
     153.000     297.41
     154.000     300.88
     155.000     300.55
     156.000     299.81
     157.000     299.93
     158.000     299.60
     159.000     303.22
     160.000     299.99
     161.000     300.74
     162.000     298.96
     163.000     298.84
     164.000     301.92
     165.000     298.20
     166.000     298.63
     167.000     301.05
     168.000     301.10
     169.000     301.97
     170.000     297.36
     171.000     295.76
     172.000     296.45
     173.000     299.05
     174.000     300.26
     175.000     300.49
     176.000     298.03
     177.000     298.14
     178.000     299.27
     179.000     301.20
     180.000     296.50
     181.000     304.89
     182.000     302.78
     183.000     299.43
     184.000     299.18
     185.000     296.80
     186.000     298.90
     187.000     302.14
     188.000     302.84
     189.000     302.14
     190.000     296.57
     191.000     296.98
     192.000     297.14
     193.000     299.04
     194.000     300.05
     195.000     300.95
     196.000     299.65
     197.000     297.69
     198.000     300.06
     199.000     300.87
     200.000     299.50
     201.000     300.22
     202.000     298.79
     203.000     297.92
     204.000     300.19
     205.000     300.50
     206.000     301.94
     207.000     300.47
     208.000     300.26
     209.000     295.68
     210.000     298.04
     211.000     303.62
     212.000     297.22
     213.000     301.09
     214.000     301.55
     215.000     300.68
     216.000     305.19
     217.000     299.41
     218.000     296.37
     219.000     300.88
     220.000     297.87
     221.000     302.49
     222.000     299.52
     223.000     303.43
     224.000     299.85
     225.000     297.04
     226.000     300.37
     227.000     300.43
     228.000     298.51
     229.000     299.41
     230.000     301.01
     231.000     301.78
     232.000     299.14
     233.000     299.23
     234.000     300.81
     235.000     299.03
     236.000     302.20
     237.000     299.30
     238.000     299.82
     239.000     300.01
     240.000     298.12
     241.000     298.53
     242.000     296.44
     243.000     304.52
     244.000     302.75
     245.000     301.29
     246.000     302.26
     247.000     297.96
     248.000     298.67
     249.000     304.04
     250.000     302.09
     251.000     304.48
     252.000     301.28
     253.000     297.93
     254.000     300.24
     255.000     297.72
     256.000     299.96
     257.000     298.64
     258.000     302.10
     259.000     301.89
     260.000     299.23
     261.000     299.43
     262.000     301.13
     263.000     297.33
     264.000     299.77
     265.000     298.37
     266.000     299.90
     267.000     301.06
     268.000     301.89
     269.000     303.46
     270.000     301.57
     271.000     303.45
     272.000     300.38
     273.000     298.16
     274.000     296.96
     275.000     303.11
     276.000     300.30
     277.000     298.08
     278.000     300.57
     279.000     300.12
     280.000     300.81
     281.000     298.13
     282.000     299.58
     283.000     301.37
     284.000     299.73
     285.000     299.20
     286.000     300.19
     287.000     298.59
     288.000     300.55
     289.000     302.02
     290.000     300.35
     291.000     297.66
     292.000     299.38
     293.000     300.04
     294.000     300.90
     295.000     300.41
     296.000     296.52
     297.000     298.51
     298.000     302.33
     299.000     298.09
     300.000     300.44
     301.000     302.03
     302.000     298.18
     303.000     299.09
     304.000     300.33
     305.000     299.99
     306.000     298.73
     307.000     299.61
     308.000     300.06
     309.000     301.33
     310.000     300.69
     311.000     295.89
     312.000     300.17
     313.000     304.48
     314.000     298.08
     315.000     299.70
     316.000     298.50
     317.000     298.79
     318.000     301.39
     319.000     298.48
     320.000     294.57
     321.000     301.38
     322.000     298.90
     323.000     301.09
     324.000     300.09
     325.000     297.46
     326.000     299.15
     327.000     301.36
     328.000     300.44
     329.000     301.87
     330.000     297.79
     331.000     298.86
     332.000     303.50
     333.000     299.15
     334.000     299.69
     335.000     299.61
     336.000     298.25
     337.000     301.90
     338.000     304.68
     339.000     303.97
     340.000     301.51
     341.000     297.27
     342.000     299.73
     343.000     296.49
     344.000     301.51
     345.000     303.16
     346.000     298.58
     347.000     301.65
     348.000     299.91
     349.000     301.97
     350.000     299.78
     351.000     299.11
     352.000     303.05
     353.000     299.11
     354.000     296.88
     355.000     300.78
     356.000     298.39
     357.000     300.77
     358.000     300.96
     359.000     299.80
     360.000     300.11
     361.000     300.02
     362.000     302.73
     363.000     299.27
     364.000     298.49
     365.000     297.39
     366.000     301.04
     367.000     304.54
     368.000     302.08
     369.000     302.19
     370.000     301.01
     371.000     299.41
     372.000     300.07
     373.000     297.87
     374.000     300.76
     375.000     298.81
     376.000     299.65
     377.000     300.46
     378.000     298.30
     379.000     299.26
     380.000     302.38
     381.000     295.94
     382.000     299.17
     383.000     300.50
     384.000     298.43
     385.000     296.72
     386.000     298.39
     387.000     301.96
     388.000     301.36
     389.000     299.13
     390.000     304.48
     391.000     300.19
     392.000     301.24
     393.000     300.51
     394.000     297.97
     395.000     295.10
     396.000     301.19
     397.000     300.24
     398.000     303.30
     399.000     300.68
     400.000     297.08
