   20100.000     -250400.2110
   20200.000     -250012.2817
   20300.000     -249185.5159
   20400.000     -250152.1894
   20500.000     -250485.9521
   20600.000     -250682.8297
   20700.000     -250035.3928
   20800.000     -250044.2389
   20900.000     -250121.4787
   21000.000     -250319.7317
   21100.000     -249901.7919
   21200.000     -250426.4792
   21300.000     -250103.3195
   21400.000     -250418.2139
   21500.000     -250267.7304
   21600.000     -250081.4077
   21700.000     -249846.9536
   21800.000     -250592.3051
   21900.000     -250784.7700
   22000.000     -250120.7073
   22100.000     -250182.5574
   22200.000     -250302.8536
   22300.000     -249916.1205
   22400.000     -249931.3144
   22500.000     -250478.7812
   22600.000     -250429.9016
   22700.000     -250468.8645
   22800.000     -249283.2365
   22900.000     -250011.4707
   23000.000     -250022.6930
   23100.000     -250125.5309
   23200.000     -249537.5317
   23300.000     -250367.6813
   23400.000     -249611.6901
   23500.000     -250089.1278
   23600.000     -249544.3533
   23700.000     -250261.3245
   23800.000     -249965.4319
   23900.000     -250120.6661
   24000.000     -250143.2690
   24100.000     -249472.0609
   24200.000     -249998.3771
   24300.000     -250160.3941
   24400.000     -249918.2095
   24500.000     -250158.9461
   24600.000     -249839.6777
   24700.000     -250130.5092
   24800.000     -250212.5444
   24900.000     -250099.9749
   25000.000     -250448.8350
   25100.000     -249734.7096
   25200.000     -249866.1751
   25300.000     -249956.2421
   25400.000     -250352.0023
   25500.000     -250554.6643
   25600.000     -250466.6728
   25700.000     -250075.0863
   25800.000     -250492.6350
   25900.000     -249762.6444
   26000.000     -250003.8288
   26100.000     -250131.1770
   26200.000     -249696.2689
   26300.000     -249988.3757
   26400.000     -250605.0059
   26500.000     -250142.9134
   26600.000     -249986.8040
   26700.000     -250618.7383
   26800.000     -250352.6021
   26900.000     -250338.5510
   27000.000     -249955.8461
   27100.000     -249829.0755
   27200.000     -250054.3193
   27300.000     -250184.6845
   27400.000     -250203.3845
   27500.000     -249845.1438
   27600.000     -250167.5191
   27700.000     -249829.0220
   27800.000     -250147.4258
   27900.000     -250056.3190
   28000.000     -250357.6635
   28100.000     -250283.8360
   28200.000     -249965.4408
   28300.000     -250208.2300
   28400.000     -249965.0571
   28500.000     -249734.6335
   28600.000     -250455.5074
   28700.000     -250077.7139
   28800.000     -249650.2919
   28900.000     -249892.4751
   29000.000     -250083.0876
   29100.000     -250340.8994
   29200.000     -250245.6355
   29300.000     -249722.8656
   29400.000     -249438.8530
   29500.000     -249761.6624
   29600.000     -249603.3678
   29700.000     -249811.3109
   29800.000     -250496.4231
   29900.000     -249845.2118
   30000.000     -249696.5138
   30100.000     -249687.3020
   30200.000     -250580.4647
   30300.000     -250158.6457
   30400.000     -250386.4293
   30500.000     -249812.3099
   30600.000     -250158.1412
   30700.000     -250267.8989
   30800.000     -250977.5711
   30900.000     -249924.3590
   31000.000     -250051.8510
   31100.000     -250556.9419
   31200.000     -249487.7585
   31300.000     -249948.9060
   31400.000     -250992.6188
   31500.000     -250603.4072
   31600.000     -249661.7706
   31700.000     -249850.8271
   31800.000     -250338.8922
   31900.000     -250106.9792
   32000.000     -250201.1967
   32100.000     -250219.3896
   32200.000     -249780.9564
   32300.000     -250528.1506
   32400.000     -249593.2206
   32500.000     -250381.5916
   32600.000     -250080.4822
   32700.000     -250357.3797
   32800.000     -250176.3969
   32900.000     -250464.9347
   33000.000     -250045.1977
   33100.000     -250462.5540
   33200.000     -250218.2000
   33300.000     -250518.9290
   33400.000     -250533.8410
   33500.000     -250182.7759
   33600.000     -250475.1147
   33700.000     -250371.0881
   33800.000     -250936.4785
   33900.000     -250028.1123
   34000.000     -249883.7236
   34100.000     -249809.2076
   34200.000     -250119.8292
   34300.000     -250273.1869
   34400.000     -250522.7554
   34500.000     -249992.2398
   34600.000     -250382.9437
   34700.000     -249717.4058
   34800.000     -250227.8690
   34900.000     -250668.8430
   35000.000     -250045.5003
   35100.000     -249775.6845
   35200.000     -250329.7103
   35300.000     -250116.8489
   35400.000     -249850.9253
   35500.000     -249786.9032
   35600.000     -249649.3768
   35700.000     -250441.7436
   35800.000     -250213.4939
   35900.000     -250074.3187
   36000.000     -250004.6530
   36100.000     -250479.6945
   36200.000     -249916.6603
   36300.000     -250069.0647
   36400.000     -249991.3027
   36500.000     -250065.1230
   36600.000     -250466.4118
   36700.000     -250287.3602
   36800.000     -249514.5145
   36900.000     -249954.3885
   37000.000     -249859.9843
   37100.000     -250073.5708
   37200.000     -250359.3841
   37300.000     -250305.9166
   37400.000     -250154.5968
   37500.000     -249887.4990
   37600.000     -250271.5576
   37700.000     -250314.0621
   37800.000     -250696.6280
   37900.000     -250400.1873
   38000.000     -249687.8138
   38100.000     -250085.7896
   38200.000     -250690.9981
   38300.000     -250446.8732
   38400.000     -250688.2671
   38500.000     -250028.1449
   38600.000     -249945.2185
   38700.000     -250531.8812
   38800.000     -250447.6731
   38900.000     -250392.1563
   39000.000     -249571.5382
   39100.000     -250040.0102
   39200.000     -249855.6986
   39300.000     -249727.6225
   39400.000     -249818.1481
   39500.000     -250263.5707
   39600.000     -250058.5527
   39700.000     -250255.6612
   39800.000     -249677.9139
   39900.000     -250354.0965
   40000.000     -249647.5881
   40100.000     -249983.0099
   40200.000     -250314.5338
   40300.000     -250454.3465
   40400.000     -250235.4079
   40500.000     -249978.3588
   40600.000     -250132.1281
   40700.000     -249963.4321
   40800.000     -250177.0380
   40900.000     -250180.8395
   41000.000     -250125.5688
   41100.000     -250197.1843
   41200.000     -250493.7343
   41300.000     -250425.0502
   41400.000     -250191.3032
   41500.000     -250875.7970
   41600.000     -250244.7769
   41700.000     -250619.1743
   41800.000     -250440.6381
   41900.000     -250200.6972
   42000.000     -250895.2903
   42100.000     -250135.4824
   42200.000     -250355.0224
   42300.000     -250104.7610
   42400.000     -250119.0849
   42500.000     -250278.5142
   42600.000     -250174.6443
   42700.000     -250236.7460
   42800.000     -250478.0966
   42900.000     -250125.7037
   43000.000     -249841.8822
   43100.000     -250406.3694
   43200.000     -250646.2457
   43300.000     -250690.6835
   43400.000     -250322.9991
   43500.000     -250099.4539
   43600.000     -250144.8276
   43700.000     -250319.3977
   43800.000     -250099.7657
   43900.000     -249262.0602
   44000.000     -250221.0422
   44100.000     -250220.4679
   44200.000     -250244.8180
   44300.000     -250459.3552
   44400.000     -250272.3002
   44500.000     -250548.0668
   44600.000     -250251.1522
   44700.000     -249970.8031
   44800.000     -249849.7030
   44900.000     -250132.3579
   45000.000     -249790.0899
   45100.000     -250038.8958
   45200.000     -250316.8078
   45300.000     -249566.5337
   45400.000     -250281.0544
   45500.000     -250611.0408
   45600.000     -250158.8069
   45700.000     -250400.2191
   45800.000     -250258.3948
   45900.000     -250338.7530
   46000.000     -249762.5112
   46100.000     -250131.3752
   46200.000     -250394.3773
   46300.000     -250104.5793
   46400.000     -250094.4620
   46500.000     -250736.2205
   46600.000     -249791.3548
   46700.000     -250053.7815
   46800.000     -250056.1509
   46900.000     -249701.4583
   47000.000     -250016.7477
   47100.000     -250297.7333
   47200.000     -250104.0752
   47300.000     -250104.1561
   47400.000     -250605.6365
   47500.000     -249798.0597
   47600.000     -250262.1431
   47700.000     -250669.3059
   47800.000     -250534.9644
   47900.000     -250176.6926
   48000.000     -249950.2044
   48100.000     -250079.6854
   48200.000     -250162.7758
   48300.000     -249954.2270
   48400.000     -250779.0314
   48500.000     -250103.3613
   48600.000     -250270.5698
   48700.000     -249885.3363
   48800.000     -250351.9379
   48900.000     -250654.6273
   49000.000     -250023.7128
   49100.000     -249736.1595
   49200.000     -250505.6582
   49300.000     -249704.6216
   49400.000     -250114.3535
   49500.000     -249961.2506
   49600.000     -250445.0714
   49700.000     -250223.4772
   49800.000     -250444.7443
   49900.000     -250342.5038
   50000.000     -250312.2744
   50100.000     -250282.4867
   50200.000     -249914.6886
   50300.000     -250018.7704
   50400.000     -249976.8503
   50500.000     -249856.8070
   50600.000     -249976.0160
   50700.000     -249938.9439
   50800.000     -249808.6202
   50900.000     -250029.1338
   51000.000     -249881.6286
   51100.000     -250427.0937
   51200.000     -249934.0169
   51300.000     -250261.0352
   51400.000     -250312.1693
   51500.000     -249947.8074
   51600.000     -250789.9388
   51700.000     -250012.8168
   51800.000     -250248.1917
   51900.000     -250039.3611
   52000.000     -249960.2896
   52100.000     -250375.3864
   52200.000     -249909.4399
   52300.000     -250192.9461
   52400.000     -250175.4212
   52500.000     -249796.0695
   52600.000     -250244.2403
   52700.000     -250291.0287
   52800.000     -250083.0273
   52900.000     -249790.4982
   53000.000     -250600.6754
   53100.000     -249840.7692
   53200.000     -250029.8618
   53300.000     -250446.3644
   53400.000     -249461.1372
   53500.000     -249620.3657
   53600.000     -249800.0517
   53700.000     -249359.4244
   53800.000     -250654.0715
   53900.000     -249395.0442
   54000.000     -249828.6529
   54100.000     -249700.3167
   54200.000     -250429.1150
   54300.000     -250285.0255
   54400.000     -250486.4826
   54500.000     -250678.6564
   54600.000     -250401.8079
   54700.000     -250497.2183
   54800.000     -250330.4704
   54900.000     -250514.9868
   55000.000     -249741.6908
   55100.000     -249915.8646
   55200.000     -250085.8591
   55300.000     -250365.8513
   55400.000     -249955.7973
   55500.000     -250503.0770
   55600.000     -250101.2599
   55700.000     -250509.4799
   55800.000     -249433.3079
   55900.000     -250283.0126
   56000.000     -250369.9759
   56100.000     -250275.7824
   56200.000     -250042.0491
   56300.000     -249570.6123
   56400.000     -250086.4564
   56500.000     -250179.8597
   56600.000     -250082.9634
   56700.000     -249745.0491
   56800.000     -249809.6409
   56900.000     -250020.2799
   57000.000     -249869.8224
   57100.000     -250456.3280
   57200.000     -250358.6686
   57300.000     -249937.3009
   57400.000     -249922.5911
   57500.000     -250443.6301
   57600.000     -250193.8058
   57700.000     -250099.9896
   57800.000     -250296.9059
   57900.000     -249917.9728
   58000.000     -250165.2697
   58100.000     -250177.8644
   58200.000     -249899.5642
   58300.000     -250479.1098
   58400.000     -250002.9724
   58500.000     -250099.4972
   58600.000     -249568.1079
   58700.000     -250407.7091
   58800.000     -249729.3286
   58900.000     -249946.2266
   59000.000     -250339.0104
   59100.000     -250346.2187
   59200.000     -250180.0502
   59300.000     -249704.0195
   59400.000     -249967.8395
   59500.000     -250040.2110
   59600.000     -250784.6631
   59700.000     -249823.9722
   59800.000     -250284.7766
   59900.000     -250265.0188
   60000.000     -249776.7878
   60100.000     -250777.0624
   60200.000     -250078.4736
   60300.000     -249337.7953
   60400.000     -249779.4171
   60500.000     -250509.8215
   60600.000     -249923.7985
   60700.000     -250803.8002
   60800.000     -250278.4706
   60900.000     -249833.5867
   61000.000     -250809.4867
   61100.000     -250048.8742
   61200.000     -249714.6544
   61300.000     -250204.4607
   61400.000     -249720.3695
   61500.000     -250279.3627
   61600.000     -250135.3259
   61700.000     -250113.8870
   61800.000     -250392.7047
   61900.000     -250382.7594
   62000.000     -250171.7137
   62100.000     -249960.3450
   62200.000     -250241.4615
   62300.000     -250983.3932
   62400.000     -250250.0733
   62500.000     -249953.2483
   62600.000     -249935.5984
   62700.000     -250157.0643
   62800.000     -250403.6665
   62900.000     -250053.4818
   63000.000     -249986.9906
   63100.000     -250138.9592
   63200.000     -250004.0765
   63300.000     -250148.5195
   63400.000     -249878.8174
   63500.000     -250464.2079
   63600.000     -250245.5623
   63700.000     -249825.2176
   63800.000     -250113.5599
   63900.000     -250334.4059
   64000.000     -250283.4640
   64100.000     -250669.3791
   64200.000     -249786.9326
   64300.000     -250379.9555
   64400.000     -250168.2431
   64500.000     -250519.0874
   64600.000     -250286.9076
   64700.000     -250379.5806
   64800.000     -249890.9910
   64900.000     -250420.3562
   65000.000     -250149.7832
   65100.000     -249740.3087
   65200.000     -250040.5408
   65300.000     -250356.4533
   65400.000     -250440.3173
   65500.000     -250366.1623
   65600.000     -249804.1041
   65700.000     -249842.1951
   65800.000     -250313.9292
   65900.000     -250075.5534
   66000.000     -250348.6566
   66100.000     -250367.6582
   66200.000     -250291.5434
   66300.000     -250320.2724
   66400.000     -250042.5376
   66500.000     -250024.3000
   66600.000     -250979.7362
   66700.000     -250262.0541
   66800.000     -250160.0358
   66900.000     -250772.3983
   67000.000     -250471.6254
   67100.000     -250125.6538
   67200.000     -250768.4615
   67300.000     -250355.4348
   67400.000     -250333.5562
   67500.000     -250008.5462
   67600.000     -249929.0439
   67700.000     -250377.6619
   67800.000     -250448.9022
   67900.000     -250010.4525
   68000.000     -250163.1823
   68100.000     -250297.4191
   68200.000     -250389.5409
   68300.000     -250379.4178
   68400.000     -250146.1619
   68500.000     -250512.5988
   68600.000     -250576.1431
   68700.000     -250515.7354
   68800.000     -250391.0955
   68900.000     -250312.9258
   69000.000     -250424.8730
   69100.000     -250506.1317
   69200.000     -250329.0962
   69300.000     -250800.3433
   69400.000     -250134.8620
   69500.000     -249929.1697
   69600.000     -250637.0101
   69700.000     -250258.7730
   69800.000     -250033.4995
   69900.000     -250021.6374
   70000.000     -250194.7580
   70100.000     -250217.5323
   70200.000     -250371.4952
   70300.000     -250176.4649
   70400.000     -250645.5048
   70500.000     -250357.8074
   70600.000     -250031.5316
   70700.000     -250114.6360
   70800.000     -249946.4535
   70900.000     -250318.8090
   71000.000     -250365.2079
   71100.000     -250674.2788
   71200.000     -250173.4054
   71300.000     -250468.4517
   71400.000     -250194.4944
   71500.000     -250450.5910
   71600.000     -250408.2383
   71700.000     -249965.2582
   71800.000     -249816.0760
   71900.000     -250356.0548
   72000.000     -250622.3489
   72100.000     -250857.9136
   72200.000     -250240.2805
   72300.000     -250232.6084
   72400.000     -249978.9021
   72500.000     -250134.1892
   72600.000     -250585.3715
   72700.000     -250337.9147
   72800.000     -250507.0211
   72900.000     -250079.3705
   73000.000     -250431.9628
   73100.000     -249777.4570
   73200.000     -249590.9355
   73300.000     -250306.3449
   73400.000     -250080.8975
   73500.000     -250530.6516
   73600.000     -250082.1446
   73700.000     -250453.8933
   73800.000     -250219.7163
   73900.000     -250403.5394
   74000.000     -250131.7688
   74100.000     -249951.1857
   74200.000     -249916.0568
   74300.000     -250413.3173
   74400.000     -250024.2115
   74500.000     -250171.8161
   74600.000     -249597.4028
   74700.000     -250800.3007
   74800.000     -250016.8736
   74900.000     -250337.6929
   75000.000     -250638.9373
   75100.000     -250501.0746
   75200.000     -250227.4500
   75300.000     -250038.8489
   75400.000     -250306.1697
   75500.000     -250022.1308
   75600.000     -249683.4232
   75700.000     -250540.4738
   75800.000     -250146.0308
   75900.000     -249737.1305
   76000.000     -250051.8831
   76100.000     -250952.0391
   76200.000     -250570.3723
   76300.000     -250030.1221
   76400.000     -250245.0930
   76500.000     -250409.4075
   76600.000     -250485.2820
   76700.000     -250160.2914
   76800.000     -250053.5210
   76900.000     -250470.6468
   77000.000     -250227.0207
   77100.000     -250354.1477
   77200.000     -250506.1774
   77300.000     -250420.3860
   77400.000     -250340.3275
   77500.000     -249978.0139
   77600.000     -250279.7442
   77700.000     -250305.3491
   77800.000     -250322.7616
   77900.000     -250341.3881
   78000.000     -250232.9595
   78100.000     -250218.2772
   78200.000     -249695.0646
   78300.000     -250746.2108
   78400.000     -250087.4094
   78500.000     -250459.6736
   78600.000     -250275.0191
   78700.000     -250461.9470
   78800.000     -250143.6978
   78900.000     -250646.4202
   79000.000     -249841.3657
   79100.000     -249872.2428
   79200.000     -250640.2723
   79300.000     -250014.9964
   79400.000     -249912.8118
   79500.000     -249923.3518
   79600.000     -250866.8080
   79700.000     -250108.2844
   79800.000     -250190.5362
   79900.000     -250598.1919
   80000.000     -250545.7695
   80100.000     -250421.5581
   80200.000     -249924.2911
   80300.000     -250713.9549
   80400.000     -250453.9191
   80500.000     -249671.1384
   80600.000     -250371.9251
   80700.000     -249862.7775
   80800.000     -250146.5350
   80900.000     -250150.1198
   81000.000     -249985.2037
   81100.000     -249852.8014
   81200.000     -250188.1983
   81300.000     -250210.3202
   81400.000     -250687.9263
   81500.000     -250051.8932
   81600.000     -250551.0847
   81700.000     -250471.0448
   81800.000     -249725.3285
   81900.000     -250674.7372
   82000.000     -249870.5115
   82100.000     -249849.1689
   82200.000     -250235.8693
   82300.000     -249909.5058
   82400.000     -250453.2404
   82500.000     -250373.1093
   82600.000     -250194.7296
   82700.000     -249701.8227
   82800.000     -249893.9130
   82900.000     -249940.0427
   83000.000     -249825.0587
   83100.000     -250174.1241
   83200.000     -250002.7539
   83300.000     -249741.8497
   83400.000     -250354.3710
   83500.000     -250091.5264
   83600.000     -249513.3514
   83700.000     -249784.3225
   83800.000     -250159.7845
   83900.000     -250306.5671
   84000.000     -250701.7349
   84100.000     -249871.8796
   84200.000     -250531.0593
   84300.000     -249813.5881
   84400.000     -249749.6271
   84500.000     -249783.7113
   84600.000     -249900.5977
   84700.000     -250430.2602
   84800.000     -249814.3121
   84900.000     -249470.6087
   85000.000     -250474.6705
   85100.000     -250116.9105
   85200.000     -250053.4035
   85300.000     -250032.2323
   85400.000     -249823.3261
   85500.000     -249861.0315
   85600.000     -250349.1690
   85700.000     -249818.0580
   85800.000     -250092.3802
   85900.000     -250049.7052
   86000.000     -250315.9146
   86100.000     -249931.6317
   86200.000     -249709.8496
   86300.000     -250140.0185
   86400.000     -250547.0137
   86500.000     -250178.8229
   86600.000     -249995.1240
   86700.000     -250543.3607
   86800.000     -250340.9298
   86900.000     -250081.2561
   87000.000     -250151.0569
   87100.000     -250357.6492
   87200.000     -250139.5380
   87300.000     -250697.7066
   87400.000     -250238.5333
   87500.000     -249856.0614
   87600.000     -249869.6809
   87700.000     -250535.7498
   87800.000     -250261.3222
   87900.000     -250172.7864
   88000.000     -250199.5472
   88100.000     -250517.0711
   88200.000     -250571.7611
   88300.000     -249662.6868
   88400.000     -250414.9955
   88500.000     -250001.6973
   88600.000     -249950.9271
   88700.000     -250486.3916
   88800.000     -250562.5449
   88900.000     -250017.5093
   89000.000     -249836.1909
   89100.000     -250018.9103
   89200.000     -250088.7140
   89300.000     -250493.9734
   89400.000     -250256.4440
   89500.000     -250231.3214
   89600.000     -250039.3313
   89700.000     -250393.9371
   89800.000     -250637.4487
   89900.000     -250787.8093
   90000.000     -250100.7079
   90100.000     -250361.3831
   90200.000     -250011.6504
   90300.000     -250145.5205
   90400.000     -250149.9481
   90500.000     -249910.1502
   90600.000     -250350.4102
   90700.000     -249631.8971
   90800.000     -250823.9493
   90900.000     -250265.9757
   91000.000     -250153.3288
   91100.000     -250498.3769
   91200.000     -249742.6052
   91300.000     -249695.3950
   91400.000     -249985.0423
   91500.000     -249917.6104
   91600.000     -250495.7182
   91700.000     -250227.6728
   91800.000     -250396.3419
   91900.000     -250594.4708
   92000.000     -250260.8645
   92100.000     -250088.5717
   92200.000     -250396.4249
   92300.000     -250173.5919
   92400.000     -250099.1053
   92500.000     -250821.9235
   92600.000     -250081.6056
   92700.000     -250022.2164
   92800.000     -250059.4547
   92900.000     -250406.0052
   93000.000     -250135.5659
   93100.000     -250268.0590
   93200.000     -250357.2055
   93300.000     -250361.9629
   93400.000     -250454.3697
   93500.000     -249968.5945
   93600.000     -250190.2770
   93700.000     -250420.1372
   93800.000     -250353.5678
   93900.000     -250450.3326
   94000.000     -250165.5380
   94100.000     -250082.9937
   94200.000     -250381.3829
   94300.000     -249935.2567
   94400.000     -250081.4735
   94500.000     -250059.4079
   94600.000     -249853.7599
   94700.000     -250317.9309
   94800.000     -250344.8102
   94900.000     -249767.0286
   95000.000     -249995.1674
   95100.000     -250256.9970
   95200.000     -250182.9680
   95300.000     -249903.6672
   95400.000     -249890.5220
   95500.000     -250280.0811
   95600.000     -250715.6708
   95700.000     -250305.6303
   95800.000     -250250.3055
   95900.000     -249916.8014
   96000.000     -250336.4609
   96100.000     -250728.0985
   96200.000     -250454.9442
   96300.000     -249684.5730
   96400.000     -249866.5835
   96500.000     -250083.2952
   96600.000     -250014.3517
   96700.000     -250266.5206
   96800.000     -250314.6002
   96900.000     -250363.6471
   97000.000     -250083.8744
   97100.000     -250447.3854
   97200.000     -250787.5545
   97300.000     -250018.6474
   97400.000     -250353.6995
   97500.000     -250785.6514
   97600.000     -250336.1828
   97700.000     -250723.5413
   97800.000     -250128.4383
   97900.000     -250112.2945
   98000.000     -250208.3401
   98100.000     -250093.6811
   98200.000     -250247.3576
   98300.000     -249964.0569
   98400.000     -250492.2694
   98500.000     -250171.2796
   98600.000     -250270.1896
   98700.000     -250603.7620
   98800.000     -250274.4254
   98900.000     -250279.8545
   99000.000     -250607.7619
   99100.000     -250375.3613
   99200.000     -250390.0389
   99300.000     -250607.3217
   99400.000     -250518.7723
   99500.000     -250083.3351
   99600.000     -250203.5384
   99700.000     -250087.5100
   99800.000     -250149.8837
   99900.000     -250033.8006
  100000.000     -250104.5236
  100100.000     -250061.3497
  100200.000     -250150.9647
  100300.000     -250134.7833
  100400.000     -250250.4236
  100500.000     -250581.4918
  100600.000     -250169.4147
  100700.000     -250493.5090
  100800.000     -250721.9233
  100900.000     -250102.8411
  101000.000     -250207.1558
  101100.000     -250235.5678
  101200.000     -250544.3757
  101300.000     -250128.8971
  101400.000     -250453.8426
  101500.000     -250233.4217
  101600.000     -250329.8104
  101700.000     -249746.7156
  101800.000     -250318.4249
  101900.000     -250294.9788
  102000.000     -250622.3241
  102100.000     -250201.9819
  102200.000     -249731.8632
  102300.000     -250106.9119
  102400.000     -250677.2298
  102500.000     -250424.1144
  102600.000     -249827.5923
  102700.000     -250270.9244
  102800.000     -250236.9482
  102900.000     -250443.3303
  103000.000     -250371.7867
  103100.000     -249909.6031
  103200.000     -249566.8710
  103300.000     -250486.1560
  103400.000     -250625.2512
  103500.000     -249664.3018
  103600.000     -249984.5005
  103700.000     -250717.0193
  103800.000     -250302.3743
  103900.000     -250319.0633
  104000.000     -250196.7811
  104100.000     -249987.2334
  104200.000     -250384.0178
  104300.000     -250312.7356
  104400.000     -250579.5387
  104500.000     -250361.2654
  104600.000     -250485.7381
  104700.000     -249952.5656
  104800.000     -250108.5607
  104900.000     -250566.7813
  105000.000     -250283.8049
  105100.000     -249676.6657
  105200.000     -250309.4659
  105300.000     -249669.7203
  105400.000     -250984.7030
  105500.000     -250067.2635
  105600.000     -250364.1175
  105700.000     -250117.0574
  105800.000     -250342.2278
  105900.000     -249925.7663
  106000.000     -250240.3141
  106100.000     -250242.8290
  106200.000     -250641.8075
  106300.000     -250114.0167
  106400.000     -250502.0861
  106500.000     -250155.8374
  106600.000     -250093.4326
  106700.000     -250296.8091
  106800.000     -249816.4577
  106900.000     -249882.1989
  107000.000     -249761.8794
  107100.000     -249934.5513
  107200.000     -250300.0572
  107300.000     -250501.7045
  107400.000     -250240.3476
  107500.000     -250314.3672
  107600.000     -249963.3961
  107700.000     -249576.7057
  107800.000     -250508.1046
  107900.000     -251023.8607
  108000.000     -250708.4259
  108100.000     -250488.2970
  108200.000     -249885.6650
  108300.000     -250189.5419
  108400.000     -250166.9628
  108500.000     -250324.9962
  108600.000     -250272.1672
  108700.000     -249619.4527
  108800.000     -249760.1933
  108900.000     -250161.3306
  109000.000     -250045.4914
  109100.000     -249913.6277
  109200.000     -250672.2103
  109300.000     -250604.6540
  109400.000     -250728.4218
  109500.000     -249816.9296
  109600.000     -250385.4541
  109700.000     -250261.0078
  109800.000     -250337.9464
  109900.000     -249937.4945
  110000.000     -250130.8337
  110100.000     -250524.2348
  110200.000     -250400.9500
  110300.000     -250176.1197
  110400.000     -250472.1653
  110500.000     -250334.5437
  110600.000     -249635.9282
  110700.000     -250268.4622
  110800.000     -250561.2115
  110900.000     -250277.1221
  111000.000     -250688.6397
  111100.000     -249950.6554
  111200.000     -249896.6486
  111300.000     -249763.3910
  111400.000     -250178.4341
  111500.000     -250529.3589
  111600.000     -249633.3012
  111700.000     -249976.8668
  111800.000     -250160.9763
  111900.000     -250049.0485
  112000.000     -250225.5999
  112100.000     -250256.7134
  112200.000     -250489.4420
  112300.000     -250233.5326
  112400.000     -249938.4615
  112500.000     -251120.4214
  112600.000     -250312.3977
  112700.000     -250225.5539
  112800.000     -249733.9774
  112900.000     -250363.0266
  113000.000     -250513.5243
  113100.000     -250151.2188
  113200.000     -250401.8930
  113300.000     -250086.4766
  113400.000     -249971.1261
  113500.000     -250655.9590
  113600.000     -249967.3903
  113700.000     -250254.6410
  113800.000     -250401.3762
  113900.000     -250119.8512
  114000.000     -249787.0760
  114100.000     -250311.6782
  114200.000     -250669.8051
  114300.000     -251015.4315
  114400.000     -249589.9922
  114500.000     -249917.4548
  114600.000     -249994.9419
  114700.000     -250189.4978
  114800.000     -250146.3416
  114900.000     -249755.1173
  115000.000     -250728.8663
  115100.000     -249821.5332
  115200.000     -250564.7013
  115300.000     -249974.2321
  115400.000     -250285.6400
  115500.000     -250531.2654
  115600.000     -250334.4661
  115700.000     -250364.6135
  115800.000     -250314.9723
  115900.000     -249962.5515
  116000.000     -250926.1687
  116100.000     -250829.3769
  116200.000     -250237.7595
  116300.000     -250788.6869
  116400.000     -249975.7872
  116500.000     -250622.0124
  116600.000     -250176.5125
  116700.000     -250496.4366
  116800.000     -250266.1221
  116900.000     -250508.7036
  117000.000     -250176.3279
  117100.000     -250710.6833
  117200.000     -250382.6913
  117300.000     -249745.4567
  117400.000     -249631.8924
  117500.000     -250342.8671
  117600.000     -249974.7227
  117700.000     -249970.6109
  117800.000     -250230.9675
  117900.000     -250145.3523
  118000.000     -250282.6221
  118100.000     -250768.1910
  118200.000     -249686.1763
  118300.000     -249962.4675
  118400.000     -250468.4989
  118500.000     -250066.2866
  118600.000     -250443.2894
  118700.000     -250620.7045
  118800.000     -249857.9118
  118900.000     -250394.1599
  119000.000     -250513.3132
  119100.000     -249981.8459
  119200.000     -250163.5117
  119300.000     -250718.4530
  119400.000     -250326.2028
  119500.000     -250066.1284
  119600.000     -250479.7427
  119700.000     -250050.4270
  119800.000     -249639.7351
  119900.000     -250140.5298
  120000.000     -250076.1353
  120100.000     -250083.2089
  120200.000     -249483.8510
  120300.000     -249887.9288
  120400.000     -250270.8689
  120500.000     -250004.8889
  120600.000     -249522.4150
  120700.000     -250121.2459
  120800.000     -250712.8363
  120900.000     -250592.1951
  121000.000     -250080.6815
  121100.000     -249831.8520
  121200.000     -250128.9891
  121300.000     -250427.9056
  121400.000     -250020.9584
  121500.000     -250519.4536
  121600.000     -250260.5270
  121700.000     -250191.9780
  121800.000     -250378.0516
  121900.000     -250407.2419
  122000.000     -250627.9084
  122100.000     -249635.0305
  122200.000     -250200.4247
  122300.000     -250200.6466
  122400.000     -250265.1067
  122500.000     -249813.8387
  122600.000     -250252.7112
  122700.000     -250037.4504
  122800.000     -249910.0251
  122900.000     -249524.5739
  123000.000     -249658.5061
  123100.000     -250170.4902
  123200.000     -250725.6724
  123300.000     -250531.1045
  123400.000     -250006.8914
  123500.000     -249757.6200
  123600.000     -250298.3079
  123700.000     -250277.8050
  123800.000     -250744.2233
  123900.000     -250093.0475
  124000.000     -250006.5017
  124100.000     -250415.9005
  124200.000     -250540.2858
  124300.000     -250467.3033
  124400.000     -249913.3928
  124500.000     -250031.3389
  124600.000     -250382.3553
  124700.000     -249852.7460
  124800.000     -250679.2533
  124900.000     -249907.3822
  125000.000     -249958.9891
  125100.000     -250349.3496
  125200.000     -250133.6439
  125300.000     -250345.6797
  125400.000     -250257.1273
  125500.000     -250339.9148
  125600.000     -250177.5104
  125700.000     -250217.2052
  125800.000     -250692.1099
  125900.000     -250603.0538
  126000.000     -250401.7362
  126100.000     -250354.6561
  126200.000     -250807.2856
  126300.000     -249835.0843
  126400.000     -250414.2453
  126500.000     -250074.2579
  126600.000     -250574.2201
  126700.000     -249740.6003
  126800.000     -250084.4693
  126900.000     -250032.9735
  127000.000     -250466.0209
  127100.000     -250238.5760
  127200.000     -250736.8990
  127300.000     -250385.6346
  127400.000     -250268.8145
  127500.000     -249957.5175
  127600.000     -249898.5562
  127700.000     -250145.0550
  127800.000     -250139.6978
  127900.000     -250292.7765
  128000.000     -250053.2411
  128100.000     -250169.6241
  128200.000     -250528.2921
  128300.000     -250277.3006
  128400.000     -250084.8489
  128500.000     -250647.5049
  128600.000     -249787.9356
  128700.000     -250480.1719
  128800.000     -249715.6901
  128900.000     -250321.1714
  129000.000     -249815.1295
  129100.000     -250001.7881
  129200.000     -250306.1574
  129300.000     -250468.3783
  129400.000     -249536.2221
  129500.000     -250610.8772
  129600.000     -250027.1122
  129700.000     -250462.4972
  129800.000     -250418.1633
  129900.000     -250729.8979
  130000.000     -250692.2736
  130100.000     -250180.9045
  130200.000     -250021.8852
  130300.000     -250235.9679
  130400.000     -249978.0711
  130500.000     -250459.1958
  130600.000     -250520.5200
  130700.000     -250717.3081
  130800.000     -250346.2685
  130900.000     -250725.2087
  131000.000     -250564.7497
  131100.000     -250183.5238
  131200.000     -250195.4617
  131300.000     -250281.1893
  131400.000     -249588.7575
  131500.000     -250389.9539
  131600.000     -250471.0216
  131700.000     -250415.3934
  131800.000     -250403.4265
  131900.000     -250033.5091
  132000.000     -250445.0980
  132100.000     -249817.9765
  132200.000     -249994.8682
  132300.000     -250435.7959
  132400.000     -249911.1436
  132500.000     -249998.1213
  132600.000     -250277.2141
  132700.000     -250356.0180
  132800.000     -249651.3066
  132900.000     -250778.8054
  133000.000     -250347.4623
  133100.000     -250245.3579
  133200.000     -250156.6330
  133300.000     -250326.2584
  133400.000     -250095.7214
  133500.000     -250238.4737
  133600.000     -250124.2362
  133700.000     -249885.3121
  133800.000     -250632.9669
  133900.000     -250172.9409
  134000.000     -249913.6496
  134100.000     -250521.1528
  134200.000     -250187.5952
  134300.000     -249899.8150
  134400.000     -250763.5983
  134500.000     -250210.8708
  134600.000     -249989.7905
  134700.000     -249878.0648
  134800.000     -250789.4290
  134900.000     -249576.5404
  135000.000     -250325.3530
  135100.000     -250347.0165
  135200.000     -250279.7746
  135300.000     -250016.4789
  135400.000     -250341.1272
  135500.000     -250392.9141
  135600.000     -250062.3355
  135700.000     -249951.4922
  135800.000     -250548.3080
  135900.000     -249926.3429
  136000.000     -250371.1284
  136100.000     -250037.5114
  136200.000     -250094.8892
  136300.000     -250453.3929
  136400.000     -250667.1323
  136500.000     -249599.8940
  136600.000     -250022.9844
  136700.000     -249829.9219
  136800.000     -249961.5467
  136900.000     -249648.0561
  137000.000     -250366.1052
  137100.000     -250081.6827
  137200.000     -250221.1719
  137300.000     -249666.0760
  137400.000     -249703.3947
  137500.000     -250487.5714
  137600.000     -249880.7679
  137700.000     -250608.1412
  137800.000     -250409.7644
  137900.000     -249816.7772
  138000.000     -249707.6708
  138100.000     -249836.5200
  138200.000     -249741.1064
  138300.000     -250464.5098
  138400.000     -250456.1519
  138500.000     -250615.7108
  138600.000     -249713.2717
  138700.000     -250014.4066
  138800.000     -249702.3182
  138900.000     -249744.7624
  139000.000     -250253.1417
  139100.000     -250163.5430
  139200.000     -250577.3201
  139300.000     -250425.5619
  139400.000     -250244.2039
  139500.000     -250280.5206
  139600.000     -250025.8625
  139700.000     -250035.0759
  139800.000     -250022.3393
  139900.000     -250349.2387
  140000.000     -250054.4842
  140100.000     -249601.8569
  140200.000     -249982.2879
  140300.000     -250292.7738
  140400.000     -250287.3258
  140500.000     -250283.9723
  140600.000     -250252.3142
  140700.000     -250207.3064
  140800.000     -250481.0771
  140900.000     -250255.7957
  141000.000     -250480.6754
  141100.000     -249992.1482
  141200.000     -250013.8493
  141300.000     -250248.7373
  141400.000     -250246.7644
  141500.000     -249564.2604
  141600.000     -250451.7771
  141700.000     -250379.6756
  141800.000     -250606.3155
  141900.000     -250641.6634
  142000.000     -249994.7696
  142100.000     -249911.2570
  142200.000     -249804.9696
  142300.000     -250275.6703
  142400.000     -249847.3294
  142500.000     -249707.5758
  142600.000     -250553.0794
  142700.000     -250106.2914
  142800.000     -249964.6038
  142900.000     -249742.8831
  143000.000     -250327.0646
  143100.000     -250185.9228
  143200.000     -250247.9026
  143300.000     -250449.9430
  143400.000     -250251.1107
  143500.000     -249966.4821
  143600.000     -250158.4804
  143700.000     -250164.4845
  143800.000     -250582.1199
  143900.000     -250421.2561
  144000.000     -250412.3924
  144100.000     -250528.1873
  144200.000     -250418.2087
  144300.000     -250531.6986
  144400.000     -250197.4233
  144500.000     -250156.1747
  144600.000     -250032.9245
  144700.000     -250011.4230
  144800.000     -250681.2501
  144900.000     -250031.9464
  145000.000     -250477.8313
  145100.000     -250157.7765
  145200.000     -249786.7842
  145300.000     -250375.9592
  145400.000     -250172.0615
  145500.000     -250177.5685
  145600.000     -250287.3997
  145700.000     -249830.6876
  145800.000     -250630.3481
  145900.000     -250706.8566
  146000.000     -249917.6392
  146100.000     -250495.3084
  146200.000     -250398.7650
  146300.000     -250428.9185
  146400.000     -250444.1867
  146500.000     -250088.3673
  146600.000     -250438.0398
  146700.000     -250524.5357
  146800.000     -249865.1743
  146900.000     -249756.5932
  147000.000     -250672.3727
  147100.000     -249928.2367
  147200.000     -250177.7459
  147300.000     -250393.9348
  147400.000     -250596.6313
  147500.000     -249982.5265
  147600.000     -250110.6684
  147700.000     -249970.2294
  147800.000     -250192.3696
  147900.000     -250665.8450
  148000.000     -250480.4666
  148100.000     -249862.0470
  148200.000     -249713.0367
  148300.000     -250214.6099
  148400.000     -250010.5205
  148500.000     -250522.6439
  148600.000     -250465.9640
  148700.000     -250155.3920
  148800.000     -250720.2244
  148900.000     -250230.7419
  149000.000     -250053.7230
  149100.000     -250177.0497
  149200.000     -250031.7940
  149300.000     -250512.7237
  149400.000     -249962.2279
  149500.000     -250031.6013
  149600.000     -250376.3913
  149700.000     -250159.4881
  149800.000     -250015.4806
  149900.000     -250279.3881
  150000.000     -249960.8940
  150100.000     -250351.2129
  150200.000     -250275.9968
  150300.000     -250044.4620
  150400.000     -250143.4849
  150500.000     -250279.0192
  150600.000     -250156.4259
  150700.000     -249901.2815
  150800.000     -250580.3075
  150900.000     -250248.9790
  151000.000     -250142.8216
  151100.000     -250385.0705
  151200.000     -250730.4325
  151300.000     -250613.1068
  151400.000     -249958.4114
  151500.000     -249888.2508
  151600.000     -250259.4823
  151700.000     -249946.0535
  151800.000     -250041.8711
  151900.000     -250301.1970
  152000.000     -250304.0722
  152100.000     -249588.9496
  152200.000     -250609.1040
  152300.000     -250397.7999
  152400.000     -250108.0867
  152500.000     -250626.6873
  152600.000     -250116.7292
  152700.000     -250054.8715
  152800.000     -250132.3581
  152900.000     -250183.6789
  153000.000     -250039.3702
  153100.000     -250231.6747
  153200.000     -250470.5147
  153300.000     -250212.0115
  153400.000     -250637.4197
  153500.000     -249858.3273
  153600.000     -250252.6342
  153700.000     -250616.5874
  153800.000     -250215.1938
  153900.000     -249556.3765
  154000.000     -250000.2490
  154100.000     -250823.6663
  154200.000     -250597.7639
  154300.000     -250282.1853
  154400.000     -251027.0910
  154500.000     -249983.0756
  154600.000     -250215.5716
  154700.000     -249958.8264
  154800.000     -250184.5826
  154900.000     -250168.3445
  155000.000     -249895.1797
  155100.000     -250071.1637
  155200.000     -250053.8583
  155300.000     -250363.7101
  155400.000     -249859.9108
  155500.000     -250112.2341
  155600.000     -249772.5422
  155700.000     -250210.4067
  155800.000     -250614.9349
  155900.000     -250228.9575
  156000.000     -249748.8530
  156100.000     -250162.0513
  156200.000     -249862.7020
  156300.000     -250472.7630
  156400.000     -249932.2439
  156500.000     -250114.1582
  156600.000     -250294.2757
  156700.000     -250579.1039
  156800.000     -250258.7286
  156900.000     -249835.2897
  157000.000     -249927.0949
  157100.000     -250271.5338
  157200.000     -249986.0686
  157300.000     -250620.9446
  157400.000     -250391.1955
  157500.000     -250203.0771
  157600.000     -250655.9256
  157700.000     -250225.1806
  157800.000     -250176.7106
  157900.000     -249843.5786
  158000.000     -250291.2214
  158100.000     -249927.7809
  158200.000     -250780.7613
  158300.000     -250288.0401
  158400.000     -249902.2955
  158500.000     -250579.5027
  158600.000     -250022.4855
  158700.000     -250413.1740
  158800.000     -250398.5310
  158900.000     -249868.3263
  159000.000     -250176.9362
  159100.000     -249965.4770
  159200.000     -250374.3977
  159300.000     -250569.6187
  159400.000     -250224.4510
  159500.000     -250352.6116
  159600.000     -250274.2707
  159700.000     -249929.0331
  159800.000     -249896.4797
  159900.000     -250251.0756
  160000.000     -250005.1090
  160100.000     -250100.7382
  160200.000     -250777.8936
  160300.000     -249996.1666
  160400.000     -249819.5646
  160500.000     -250654.6922
  160600.000     -250568.1555
  160700.000     -250634.8335
  160800.000     -250402.2141
  160900.000     -250050.7895
  161000.000     -250246.7600
  161100.000     -250618.0131
  161200.000     -250218.4304
  161300.000     -250228.8908
  161400.000     -249749.6223
  161500.000     -250063.4230
  161600.000     -250304.6522
  161700.000     -250281.8395
  161800.000     -250266.5271
  161900.000     -250483.2368
  162000.000     -250800.7567
  162100.000     -250127.4079
  162200.000     -250502.2369
  162300.000     -250204.5711
  162400.000     -250512.6842
  162500.000     -250280.9209
  162600.000     -250434.1720
  162700.000     -250424.8137
  162800.000     -250271.3885
  162900.000     -250442.0541
  163000.000     -250253.7550
  163100.000     -249670.4593
  163200.000     -250110.4797
  163300.000     -250422.0090
  163400.000     -250467.5002
  163500.000     -249575.4947
  163600.000     -250350.1446
  163700.000     -250243.0904
  163800.000     -250018.1232
  163900.000     -250396.2004
  164000.000     -250123.4200
  164100.000     -249913.5546
  164200.000     -249820.2133
  164300.000     -250438.2271
  164400.000     -250349.6198
  164500.000     -250257.3431
  164600.000     -250143.2005
  164700.000     -250226.7670
  164800.000     -250786.7887
  164900.000     -250243.7807
  165000.000     -250311.0026
  165100.000     -250272.2761
  165200.000     -250473.6153
  165300.000     -249686.3480
  165400.000     -250416.0913
  165500.000     -250107.2796
  165600.000     -250768.1776
  165700.000     -250271.4717
  165800.000     -249846.6481
  165900.000     -250556.4888
  166000.000     -250307.3972
  166100.000     -250505.7409
  166200.000     -250042.6841
  166300.000     -250191.7991
  166400.000     -249507.6983
  166500.000     -250482.9205
  166600.000     -250060.8833
  166700.000     -250351.6219
  166800.000     -250251.7371
  166900.000     -249457.0861
  167000.000     -250000.6942
  167100.000     -250416.5746
  167200.000     -250053.6165
  167300.000     -250540.0326
  167400.000     -250196.3353
  167500.000     -250069.4113
  167600.000     -250078.3328
  167700.000     -250255.5435
  167800.000     -250096.4321
  167900.000     -249831.5687
  168000.000     -250008.9487
  168100.000     -250056.4931
  168200.000     -249658.5906
  168300.000     -250122.6738
  168400.000     -250474.6613
  168500.000     -250196.9813
  168600.000     -250074.2511
  168700.000     -250260.9082
  168800.000     -250131.5690
  168900.000     -249679.5951
  169000.000     -250555.2336
  169100.000     -250332.6485
  169200.000     -250637.0889
  169300.000     -250264.0440
  169400.000     -249974.0921
  169500.000     -250304.8381
  169600.000     -250082.8282
  169700.000     -250223.0977
  169800.000     -250380.1299
  169900.000     -250299.5128
  170000.000     -249963.9180
  170100.000     -249883.8666
  170200.000     -250654.3001
  170300.000     -249806.2160
  170400.000     -249854.2102
  170500.000     -249992.0824
  170600.000     -250577.2969
  170700.000     -250333.5900
  170800.000     -250121.9797
  170900.000     -250507.2051
  171000.000     -249722.1998
  171100.000     -249917.4750
  171200.000     -249798.6765
  171300.000     -249833.7157
  171400.000     -249685.9917
  171500.000     -249887.3360
  171600.000     -250217.4067
  171700.000     -250867.3343
  171800.000     -249674.7034
  171900.000     -250764.5717
  172000.000     -250235.6391
  172100.000     -250296.8893
  172200.000     -250068.1184
  172300.000     -249476.9634
  172400.000     -249744.6774
  172500.000     -250428.9306
  172600.000     -249675.2085
  172700.000     -250255.8808
  172800.000     -249962.4121
  172900.000     -250102.6438
  173000.000     -249527.5008
  173100.000     -249455.5801
  173200.000     -250557.2350
  173300.000     -249743.2521
  173400.000     -250523.4606
  173500.000     -250267.2220
  173600.000     -250293.0210
  173700.000     -249688.1881
  173800.000     -249721.8318
  173900.000     -250996.8266
  174000.000     -249961.7220
  174100.000     -250009.9627
  174200.000     -250124.9290
  174300.000     -249875.4866
  174400.000     -250150.5421
  174500.000     -249747.8111
  174600.000     -250389.5012
  174700.000     -250675.5040
  174800.000     -250602.6242
  174900.000     -250078.3045
  175000.000     -249779.9372
  175100.000     -250134.9275
  175200.000     -250220.7040
  175300.000     -249538.5914
  175400.000     -250292.3098
  175500.000     -250137.8269
  175600.000     -250513.6158
  175700.000     -250244.5462
  175800.000     -250645.7675
  175900.000     -250436.6340
  176000.000     -250198.3357
  176100.000     -250838.8506
  176200.000     -250678.8040
  176300.000     -249970.9276
  176400.000     -250307.7704
  176500.000     -250414.4729
  176600.000     -249379.2966
  176700.000     -250316.1604
  176800.000     -250508.1153
  176900.000     -250013.7044
  177000.000     -250318.0624
  177100.000     -250842.8980
  177200.000     -249985.9457
  177300.000     -249629.6314
  177400.000     -250547.4976
  177500.000     -250281.6887
  177600.000     -250366.7269
  177700.000     -249905.0648
  177800.000     -250068.5386
  177900.000     -249966.1432
  178000.000     -250099.6528
  178100.000     -250125.4011
  178200.000     -250459.2375
  178300.000     -250331.3290
  178400.000     -249495.0648
  178500.000     -249704.7567
  178600.000     -250025.6885
  178700.000     -250289.0756
  178800.000     -249985.2806
  178900.000     -250250.6161
  179000.000     -249785.9554
  179100.000     -250472.6995
  179200.000     -250560.0691
  179300.000     -250326.4016
  179400.000     -250482.1325
  179500.000     -250306.4070
  179600.000     -250221.2015
  179700.000     -250392.0286
  179800.000     -250691.0535
  179900.000     -250159.8102
  180000.000     -250116.0078
  180100.000     -250256.2858
  180200.000     -249693.0729
  180300.000     -250416.4918
  180400.000     -249589.4880
  180500.000     -250049.2531
  180600.000     -250474.6859
  180700.000     -250372.2450
  180800.000     -249790.3295
  180900.000     -249856.8435
  181000.000     -250195.5498
  181100.000     -250212.8789
  181200.000     -250328.0844
  181300.000     -250404.0477
  181400.000     -250141.0007
  181500.000     -250525.0762
  181600.000     -249888.2255
  181700.000     -250308.9743
  181800.000     -250038.4208
  181900.000     -249894.3924
  182000.000     -250877.0026
  182100.000     -250258.3423
  182200.000     -250011.2122
  182300.000     -250206.2865
  182400.000     -250116.0888
  182500.000     -250523.1489
  182600.000     -250435.5416
  182700.000     -250167.9750
  182800.000     -250239.8330
  182900.000     -249763.3293
  183000.000     -249624.7505
  183100.000     -250229.7079
  183200.000     -249994.2254
  183300.000     -250149.3153
  183400.000     -250255.8492
  183500.000     -250087.5580
  183600.000     -250167.0644
  183700.000     -250432.0982
  183800.000     -249711.0226
  183900.000     -250280.6612
  184000.000     -250032.4352
  184100.000     -250804.7871
  184200.000     -250065.2978
  184300.000     -250204.6153
  184400.000     -249426.3544
  184500.000     -250008.3213
  184600.000     -249986.8319
  184700.000     -250463.0416
  184800.000     -250554.7704
  184900.000     -250149.2257
  185000.000     -250243.9085
  185100.000     -250236.2084
  185200.000     -249648.6128
  185300.000     -249962.2160
  185400.000     -250336.0111
  185500.000     -249999.9915
  185600.000     -250455.5128
  185700.000     -249494.8251
  185800.000     -249619.4375
  185900.000     -250241.8286
  186000.000     -249858.7156
  186100.000     -250615.9611
  186200.000     -249887.3141
  186300.000     -250170.0815
  186400.000     -249664.9258
  186500.000     -250175.3503
  186600.000     -249958.4203
  186700.000     -250081.4062
  186800.000     -250337.3126
  186900.000     -250223.1968
  187000.000     -250149.8856
  187100.000     -250400.6545
  187200.000     -250484.9705
  187300.000     -249924.2272
  187400.000     -250101.6693
  187500.000     -250523.8784
  187600.000     -249635.4662
  187700.000     -250254.1682
  187800.000     -250110.2627
  187900.000     -249946.9755
  188000.000     -250223.3606
  188100.000     -250311.8140
  188200.000     -250232.8224
  188300.000     -250038.1422
  188400.000     -250384.6787
  188500.000     -250512.8055
  188600.000     -249826.8463
  188700.000     -250144.5698
  188800.000     -249758.1270
  188900.000     -250207.3848
  189000.000     -250291.8689
  189100.000     -250395.9245
  189200.000     -249951.1745
  189300.000     -249994.6936
  189400.000     -249836.4519
  189500.000     -250279.8438
  189600.000     -250444.5357
  189700.000     -250278.2823
  189800.000     -250199.3700
  189900.000     -250297.7117
  190000.000     -250411.0295
  190100.000     -250050.9880
  190200.000     -250026.2714
  190300.000     -249747.0277
  190400.000     -250493.8891
  190500.000     -250382.5820
  190600.000     -250096.4642
  190700.000     -250125.9265
  190800.000     -249778.5643
  190900.000     -250162.7080
  191000.000     -249967.7361
  191100.000     -250797.3898
  191200.000     -250088.5738
  191300.000     -250165.6950
  191400.000     -250493.2079
  191500.000     -249322.8138
  191600.000     -250201.6354
  191700.000     -250550.0252
  191800.000     -249961.7626
  191900.000     -250465.5941
  192000.000     -250661.6349
  192100.000     -249872.7688
  192200.000     -249797.2225
  192300.000     -249768.8695
  192400.000     -250023.6215
  192500.000     -250296.3293
  192600.000     -250040.0693
  192700.000     -249976.0394
  192800.000     -250283.2935
  192900.000     -249883.8608
  193000.000     -249553.8534
  193100.000     -250083.5537
  193200.000     -250952.7568
  193300.000     -250396.7698
  193400.000     -251049.6966
  193500.000     -250468.4324
  193600.000     -250237.0723
  193700.000     -249908.6268
  193800.000     -250079.6690
  193900.000     -249602.1523
  194000.000     -250142.9013
  194100.000     -250262.9222
  194200.000     -250298.3153
  194300.000     -250882.8146
  194400.000     -250053.5490
  194500.000     -250871.0199
  194600.000     -250135.5953
  194700.000     -250308.4858
  194800.000     -250205.7803
  194900.000     -249896.0026
  195000.000     -250133.6348
  195100.000     -250113.1276
  195200.000     -249997.1630
  195300.000     -250190.1803
  195400.000     -250322.0325
  195500.000     -249905.7124
  195600.000     -250531.0518
  195700.000     -250154.9463
  195800.000     -250557.7089
  195900.000     -250361.3193
  196000.000     -250268.8235
  196100.000     -250218.9875
  196200.000     -250174.2609
  196300.000     -249517.4963
  196400.000     -250196.5201
  196500.000     -249671.7052
  196600.000     -250088.1950
  196700.000     -249871.7868
  196800.000     -250102.7192
  196900.000     -250612.1123
  197000.000     -249563.3092
  197100.000     -250436.6762
  197200.000     -250169.0668
  197300.000     -250454.9217
  197400.000     -250217.1158
  197500.000     -250523.1665
  197600.000     -250488.0733
  197700.000     -250220.4432
  197800.000     -249759.3321
  197900.000     -249847.7796
  198000.000     -250179.5438
  198100.000     -249715.6804
  198200.000     -250229.9052
  198300.000     -249425.1618
  198400.000     -250905.4851
  198500.000     -250174.8064
  198600.000     -250147.8778
  198700.000     -250333.2844
  198800.000     -250538.5222
  198900.000     -249940.7472
  199000.000     -250245.1667
  199100.000     -250047.2505
  199200.000     -249948.6836
  199300.000     -250220.1142
  199400.000     -250469.6185
  199500.000     -249829.4577
  199600.000     -249768.6129
  199700.000     -250135.7826
  199800.000     -250439.1131
  199900.000     -250130.4604
  200000.000     -250471.9254
  200100.000     -250481.8857
  200200.000     -250093.5811
  200300.000     -249936.7843
  200400.000     -250073.5862
  200500.000     -249948.2931
  200600.000     -250252.7524
  200700.000     -249999.8393
  200800.000     -250337.2986
  200900.000     -250407.4353
  201000.000     -249542.5674
  201100.000     -250332.3526
  201200.000     -250084.6737
  201300.000     -250017.2878
  201400.000     -249837.7451
  201500.000     -250175.0240
  201600.000     -250158.4127
  201700.000     -249987.8424
  201800.000     -250021.5528
  201900.000     -250293.9295
  202000.000     -250189.4303
  202100.000     -250428.6414
  202200.000     -249709.7670
  202300.000     -250491.1541
  202400.000     -250874.5305
  202500.000     -250544.4467
  202600.000     -250040.1065
  202700.000     -250397.6831
  202800.000     -250246.8977
  202900.000     -250033.7430
  203000.000     -249954.8381
  203100.000     -249776.6738
  203200.000     -250770.2265
  203300.000     -249959.5910
  203400.000     -250419.4072
  203500.000     -250262.4612
  203600.000     -250231.6776
  203700.000     -249572.5693
  203800.000     -250597.6793
  203900.000     -250447.9896
  204000.000     -250322.5369
  204100.000     -250471.3757
  204200.000     -250017.4468
  204300.000     -250861.9237
  204400.000     -250173.1907
  204500.000     -250348.9774
  204600.000     -250826.8786
  204700.000     -249971.8991
  204800.000     -249501.4826
  204900.000     -250446.0657
  205000.000     -251095.2425
  205100.000     -250430.8491
  205200.000     -250482.3531
  205300.000     -250073.6252
  205400.000     -250412.2901
  205500.000     -249992.9169
  205600.000     -250167.2862
  205700.000     -250767.2083
  205800.000     -250297.8240
  205900.000     -250502.5715
  206000.000     -249749.4324
  206100.000     -250494.0971
  206200.000     -250221.1062
  206300.000     -250191.6764
  206400.000     -250101.1806
  206500.000     -250072.7208
  206600.000     -250008.5071
  206700.000     -249899.0214
  206800.000     -250416.4019
  206900.000     -250381.8191
  207000.000     -250230.3594
  207100.000     -250206.5921
  207200.000     -249770.3523
  207300.000     -250109.5072
  207400.000     -250125.6494
  207500.000     -250184.8836
  207600.000     -249898.9652
  207700.000     -249627.6841
  207800.000     -249842.3622
  207900.000     -249623.6449
  208000.000     -249923.2978
  208100.000     -250206.1910
  208200.000     -250196.8709
  208300.000     -250585.5415
  208400.000     -250371.2292
  208500.000     -249930.9003
  208600.000     -249785.1405
  208700.000     -250247.9572
  208800.000     -249683.9300
  208900.000     -250264.4583
  209000.000     -250075.3280
  209100.000     -249482.1749
  209200.000     -250152.1256
  209300.000     -250286.7717
  209400.000     -250282.4152
  209500.000     -249714.5768
  209600.000     -250594.3823
  209700.000     -250431.4432
  209800.000     -250128.4872
  209900.000     -250422.8945
  210000.000     -249998.1322
  210100.000     -250013.9499
  210200.000     -250476.1896
  210300.000     -249998.6278
  210400.000     -250498.5643
  210500.000     -249594.0581
  210600.000     -249848.5502
  210700.000     -249958.4937
  210800.000     -250148.8452
  210900.000     -249528.9235
  211000.000     -249939.3201
  211100.000     -250515.8017
  211200.000     -249890.4085
  211300.000     -250014.4871
  211400.000     -250384.4075
  211500.000     -250304.7887
  211600.000     -249820.7764
  211700.000     -250638.9235
  211800.000     -250429.8516
  211900.000     -250342.8278
  212000.000     -250142.0823
  212100.000     -249724.3361
  212200.000     -250043.2287
  212300.000     -249750.6356
  212400.000     -250354.7013
  212500.000     -250097.7071
  212600.000     -250282.5812
  212700.000     -250208.3519
  212800.000     -249482.9902
  212900.000     -250009.0657
  213000.000     -250018.8476
  213100.000     -250090.6275
  213200.000     -250038.5748
  213300.000     -249907.7215
  213400.000     -250076.2709
  213500.000     -249963.3797
  213600.000     -250366.0725
  213700.000     -249367.8579
  213800.000     -250043.7006
  213900.000     -250921.8987
  214000.000     -250227.9523
  214100.000     -250378.4115
  214200.000     -249981.9255
  214300.000     -250130.1023
  214400.000     -250308.8365
  214500.000     -250034.4872
  214600.000     -250634.3045
  214700.000     -249880.5880
  214800.000     -250209.5979
  214900.000     -250543.7213
  215000.000     -250565.9817
  215100.000     -249843.2011
  215200.000     -251040.9327
  215300.000     -250561.0367
  215400.000     -250068.8324
  215500.000     -250563.4978
  215600.000     -250016.9821
  215700.000     -249963.7581
  215800.000     -250610.1609
  215900.000     -250222.7951
  216000.000     -250177.9464
  216100.000     -250090.2323
  216200.000     -250003.8564
  216300.000     -250387.5646
  216400.000     -250294.9809
  216500.000     -250017.5544
  216600.000     -249869.9191
  216700.000     -250098.5815
  216800.000     -250242.8357
  216900.000     -250180.8081
  217000.000     -250026.6918
  217100.000     -250236.9653
  217200.000     -250989.3647
  217300.000     -250039.8264
  217400.000     -250129.4538
  217500.000     -250273.2933
  217600.000     -249589.9000
  217700.000     -250872.0466
  217800.000     -249785.0378
  217900.000     -250497.1292
  218000.000     -250255.7348
  218100.000     -249827.4127
  218200.000     -250080.5949
  218300.000     -250070.7587
  218400.000     -250434.3922
  218500.000     -250031.3966
  218600.000     -250143.2370
  218700.000     -249985.0995
  218800.000     -250359.7915
  218900.000     -250540.0098
  219000.000     -250741.1596
  219100.000     -249830.2444
  219200.000     -250346.8768
  219300.000     -250169.2766
  219400.000     -250181.3195
  219500.000     -250510.2959
  219600.000     -250051.7184
  219700.000     -250388.6036
  219800.000     -250091.9675
  219900.000     -250004.9710
  220000.000     -249738.3606
  220100.000     -250331.5154
  220200.000     -249836.3170
  220300.000     -249996.3967
  220400.000     -250459.9637
  220500.000     -250292.7764
  220600.000     -250447.0021
  220700.000     -250421.4404
  220800.000     -249756.8181
  220900.000     -250332.2175
  221000.000     -250459.6192
  221100.000     -249790.5895
  221200.000     -250539.2777
  221300.000     -250952.6591
  221400.000     -250012.4253
  221500.000     -250163.3698
  221600.000     -250510.2837
  221700.000     -250036.3170
  221800.000     -249568.1070
  221900.000     -249723.1020
  222000.000     -250340.2295
  222100.000     -250175.7798
  222200.000     -249951.2322
  222300.000     -250499.1144
  222400.000     -250452.3667
  222500.000     -249601.7489
  222600.000     -250849.1696
  222700.000     -250059.5066
  222800.000     -249415.3544
  222900.000     -250240.1827
  223000.000     -250205.6002
  223100.000     -250375.3591
  223200.000     -250625.7970
  223300.000     -250373.9584
  223400.000     -250468.4764
  223500.000     -250584.5496
  223600.000     -250022.7602
  223700.000     -250410.5119
  223800.000     -249851.3544
  223900.000     -250556.9711
  224000.000     -249913.0815
  224100.000     -249563.6527
  224200.000     -250238.0026
  224300.000     -251118.9032
  224400.000     -250321.8336
  224500.000     -249900.7275
  224600.000     -250181.4580
  224700.000     -250980.3942
  224800.000     -249732.2191
  224900.000     -250496.8396
  225000.000     -250624.6672
  225100.000     -250343.7168
  225200.000     -250613.8454
  225300.000     -249979.5176
  225400.000     -250019.3064
  225500.000     -250192.3728
  225600.000     -250180.0930
  225700.000     -250117.1538
  225800.000     -250446.5970
  225900.000     -250113.7902
  226000.000     -249987.0600
  226100.000     -250425.5528
  226200.000     -250116.8102
  226300.000     -250360.1984
  226400.000     -250293.3678
  226500.000     -250547.2468
  226600.000     -249797.3440
  226700.000     -250638.3702
  226800.000     -250373.8074
  226900.000     -250087.3073
  227000.000     -250018.1548
  227100.000     -250451.3061
  227200.000     -250489.3493
  227300.000     -250578.3212
  227400.000     -250219.1871
  227500.000     -250586.3906
  227600.000     -250133.3894
  227700.000     -250080.0978
  227800.000     -250153.2015
  227900.000     -250132.9140
  228000.000     -250151.8073
  228100.000     -250403.9206
  228200.000     -250243.9592
  228300.000     -250768.3826
  228400.000     -249818.0469
  228500.000     -250638.0844
  228600.000     -250509.4578
  228700.000     -250229.3667
  228800.000     -250484.7955
  228900.000     -249810.2148
  229000.000     -250724.5720
  229100.000     -250366.6692
  229200.000     -249956.7302
  229300.000     -249851.4694
  229400.000     -250077.5040
  229500.000     -250395.9583
  229600.000     -249818.2737
  229700.000     -250187.2361
  229800.000     -249987.9487
  229900.000     -249811.9020
  230000.000     -250953.4603
  230100.000     -250310.0260
  230200.000     -250231.3265
  230300.000     -250385.9749
  230400.000     -250553.1018
  230500.000     -250196.7735
  230600.000     -250661.7213
  230700.000     -250519.4619
  230800.000     -250479.6889
  230900.000     -249860.2915
  231000.000     -250366.9605
  231100.000     -250236.8934
  231200.000     -250317.0492
  231300.000     -249943.1211
  231400.000     -250076.2551
  231500.000     -250502.0098
  231600.000     -250041.7927
  231700.000     -249986.8523
  231800.000     -250243.7207
  231900.000     -249497.8775
  232000.000     -250194.8358
  232100.000     -250088.8394
  232200.000     -250539.7790
  232300.000     -250441.0177
  232400.000     -250235.0955
  232500.000     -250106.3057
  232600.000     -249978.9337
  232700.000     -250333.5775
  232800.000     -250022.5874
  232900.000     -250668.5449
  233000.000     -250332.5254
  233100.000     -249852.2659
  233200.000     -249445.1399
  233300.000     -249846.6000
  233400.000     -250135.8128
  233500.000     -250285.5197
  233600.000     -250414.0218
  233700.000     -250340.1527
  233800.000     -250054.2421
  233900.000     -250188.2792
  234000.000     -250245.2334
  234100.000     -250540.8737
  234200.000     -250582.2138
  234300.000     -250127.5725
  234400.000     -249946.5865
  234500.000     -250585.6710
  234600.000     -250073.7879
  234700.000     -250212.9614
  234800.000     -250093.5137
  234900.000     -250302.9385
  235000.000     -249998.8135
  235100.000     -250302.2323
  235200.000     -250198.6816
  235300.000     -249966.8405
  235400.000     -250312.4648
  235500.000     -250544.7061
  235600.000     -250040.0952
  235700.000     -250241.0913
  235800.000     -249793.3919
  235900.000     -250697.2666
  236000.000     -250496.0209
  236100.000     -250254.4230
  236200.000     -249750.6618
  236300.000     -249800.5460
  236400.000     -250089.8141
  236500.000     -249998.6686
  236600.000     -249517.0995
  236700.000     -250267.5435
  236800.000     -250323.0795
  236900.000     -249974.1831
  237000.000     -250211.9844
  237100.000     -250465.5406
  237200.000     -250534.8483
  237300.000     -249991.5554
  237400.000     -250584.1761
  237500.000     -250251.0629
  237600.000     -249966.1512
  237700.000     -250215.3998
  237800.000     -249993.2770
  237900.000     -250691.0430
  238000.000     -250874.3783
  238100.000     -250185.7496
  238200.000     -250381.5731
  238300.000     -250640.9059
  238400.000     -249959.9574
  238500.000     -249869.3700
  238600.000     -249606.1102
  238700.000     -250011.2771
  238800.000     -250358.8821
  238900.000     -250318.9286
  239000.000     -250374.6703
  239100.000     -250151.7806
  239200.000     -249891.0976
  239300.000     -250559.2499
  239400.000     -250268.9430
  239500.000     -250545.6726
  239600.000     -250287.7205
  239700.000     -249917.4306
  239800.000     -250323.8467
  239900.000     -250321.8514
  240000.000     -249926.9227
  240100.000     -250077.6734
  240200.000     -250354.1100
  240300.000     -249809.4534
  240400.000     -249644.3296
  240500.000     -250706.4809
  240600.000     -250528.3905
  240700.000     -250412.0580
  240800.000     -250122.5213
  240900.000     -250173.4778
  241000.000     -250204.9206
  241100.000     -250446.6623
  241200.000     -249912.6047
  241300.000     -250035.4342
  241400.000     -250395.6236
  241500.000     -250313.8051
  241600.000     -250066.4180
  241700.000     -250464.8942
  241800.000     -249939.9152
  241900.000     -250010.0449
  242000.000     -250425.1300
  242100.000     -250379.3578
  242200.000     -250569.3925
  242300.000     -250602.6056
  242400.000     -249430.4432
  242500.000     -250306.6004
  242600.000     -250301.0778
  242700.000     -249990.6322
  242800.000     -250665.3550
  242900.000     -250289.2599
  243000.000     -249877.7949
  243100.000     -249799.2241
  243200.000     -250250.2561
  243300.000     -249991.6800
  243400.000     -250166.3785
  243500.000     -250282.4722
  243600.000     -249683.6216
  243700.000     -250502.4021
  243800.000     -249591.6347
  243900.000     -250146.9465
  244000.000     -249978.0372
  244100.000     -250333.5798
  244200.000     -249608.4351
  244300.000     -249585.6648
  244400.000     -250340.7536
  244500.000     -250248.7979
  244600.000     -250244.9757
  244700.000     -250209.1866
  244800.000     -250341.7011
  244900.000     -250396.9774
  245000.000     -249997.7276
  245100.000     -249528.0838
  245200.000     -249735.4017
  245300.000     -250061.7467
  245400.000     -250037.9198
  245500.000     -250010.1667
  245600.000     -250492.1737
  245700.000     -250606.9032
  245800.000     -249923.3145
  245900.000     -249968.2401
  246000.000     -250089.9442
  246100.000     -250404.7642
  246200.000     -249991.5875
  246300.000     -250159.2798
  246400.000     -249986.3688
  246500.000     -250228.3359
  246600.000     -249956.1534
  246700.000     -249480.9703
  246800.000     -250516.0840
  246900.000     -250253.5020
  247000.000     -250057.8739
  247100.000     -250025.2950
  247200.000     -250291.7182
  247300.000     -250292.8118
  247400.000     -250570.9985
  247500.000     -250777.5189
  247600.000     -250182.5076
  247700.000     -249471.1469
  247800.000     -250514.6596
  247900.000     -249868.4298
  248000.000     -250159.5831
  248100.000     -250283.8308
  248200.000     -250469.6073
  248300.000     -250518.3622
  248400.000     -250166.8721
  248500.000     -249947.7392
  248600.000     -250157.4943
  248700.000     -250351.9070
  248800.000     -249970.6464
  248900.000     -250397.4384
  249000.000     -249804.0586
  249100.000     -250041.9589
  249200.000     -250681.1457
  249300.000     -250331.4190
  249400.000     -250039.7604
  249500.000     -250095.8565
  249600.000     -249786.0708
  249700.000     -249886.1023
  249800.000     -250430.3207
  249900.000     -250373.8529
  250000.000     -250445.3595
  250100.000     -250531.1024
  250200.000     -250562.5684
  250300.000     -250558.8465
  250400.000     -250039.8043
  250500.000     -249738.5497
  250600.000     -250219.9069
  250700.000     -250312.5274
  250800.000     -250024.5838
  250900.000     -249770.2650
  251000.000     -250125.7795
  251100.000     -249822.3655
  251200.000     -250668.4754
  251300.000     -250321.1363
  251400.000     -250109.5661
  251500.000     -250025.3595
  251600.000     -250080.1598
  251700.000     -249818.1871
  251800.000     -250188.1417
  251900.000     -249777.0547
  252000.000     -250484.7285
  252100.000     -250346.0725
  252200.000     -249797.5385
  252300.000     -250145.1026
  252400.000     -250234.4349
  252500.000     -249997.6027
  252600.000     -249859.1406
  252700.000     -250483.0544
  252800.000     -249872.7389
  252900.000     -250352.0823
  253000.000     -249767.4310
  253100.000     -250752.1050
  253200.000     -250130.9715
  253300.000     -249599.2612
  253400.000     -250144.4802
  253500.000     -250219.6012
  253600.000     -250094.6946
  253700.000     -250213.4750
  253800.000     -250434.6798
  253900.000     -250375.3368
  254000.000     -250056.6816
  254100.000     -250029.1838
  254200.000     -250718.0971
  254300.000     -250313.4736
  254400.000     -249714.0869
  254500.000     -249741.0535
  254600.000     -250285.9016
  254700.000     -249497.2453
  254800.000     -249967.8821
  254900.000     -249842.7217
  255000.000     -249784.5558
  255100.000     -250171.0321
  255200.000     -250005.2367
  255300.000     -249805.6813
  255400.000     -250394.8502
  255500.000     -250002.7056
  255600.000     -250407.5260
  255700.000     -249905.3013
  255800.000     -250510.5114
  255900.000     -250412.5970
  256000.000     -250112.6742
  256100.000     -250061.1297
  256200.000     -250652.9297
  256300.000     -250475.0097
  256400.000     -249964.8502
  256500.000     -250029.4817
  256600.000     -250223.9030
  256700.000     -250531.2732
  256800.000     -249897.3152
  256900.000     -249745.6563
  257000.000     -249996.3934
  257100.000     -249740.5671
  257200.000     -250259.6893
  257300.000     -250363.5871
  257400.000     -250408.2436
  257500.000     -249657.6307
  257600.000     -249833.1986
  257700.000     -250066.6544
  257800.000     -249704.4955
  257900.000     -250226.3685
  258000.000     -250125.4627
  258100.000     -250388.7816
  258200.000     -250099.9359
  258300.000     -250145.9412
  258400.000     -249660.0174
  258500.000     -250034.3014
  258600.000     -249993.4579
  258700.000     -249519.2400
  258800.000     -249865.2110
  258900.000     -250329.3475
  259000.000     -250000.6681
  259100.000     -250244.7033
  259200.000     -249844.8047
  259300.000     -250283.9558
  259400.000     -250032.1993
  259500.000     -250389.2429
  259600.000     -250204.4598
  259700.000     -249724.9785
  259800.000     -249980.0481
  259900.000     -250003.1631
  260000.000     -249740.1896
  260100.000     -249846.0669
  260200.000     -250205.6096
  260300.000     -250018.2893
  260400.000     -249890.2927
  260500.000     -250229.3591
  260600.000     -249829.4048
  260700.000     -250872.9913
  260800.000     -250264.2334
  260900.000     -249935.2443
  261000.000     -250384.2712
  261100.000     -250302.1630
  261200.000     -250288.8722
  261300.000     -249621.2400
  261400.000     -250345.9003
  261500.000     -250544.1384
  261600.000     -249892.4210
  261700.000     -250175.8491
  261800.000     -250085.3418
  261900.000     -250669.5895
  262000.000     -250010.0754
  262100.000     -250056.2018
  262200.000     -250263.6016
  262300.000     -250209.8547
  262400.000     -250389.9447
  262500.000     -250553.0585
  262600.000     -249980.4122
  262700.000     -250591.7112
  262800.000     -250091.7612
  262900.000     -249431.9665
  263000.000     -249981.3888
  263100.000     -249929.3558
  263200.000     -250343.5321
  263300.000     -250605.6255
  263400.000     -250198.5215
  263500.000     -250373.6721
  263600.000     -249575.2169
  263700.000     -250317.3304
  263800.000     -249868.2000
  263900.000     -250364.9984
  264000.000     -250030.9794
  264100.000     -250538.7233
  264200.000     -250206.4636
  264300.000     -250309.6936
  264400.000     -250090.1218
  264500.000     -250255.4784
  264600.000     -250670.3997
  264700.000     -249915.9376
  264800.000     -250745.6243
  264900.000     -250199.3251
  265000.000     -249782.2756
  265100.000     -250186.1767
  265200.000     -249501.3728
  265300.000     -250816.3028
  265400.000     -250057.7516
  265500.000     -250416.0817
  265600.000     -250112.6737
  265700.000     -250030.6890
  265800.000     -249807.8094
  265900.000     -250797.8982
  266000.000     -250325.3327
  266100.000     -250096.4175
  266200.000     -250218.1844
  266300.000     -250407.6368
  266400.000     -249902.7204
  266500.000     -250407.3370
  266600.000     -249970.3783
  266700.000     -249939.6867
  266800.000     -250288.9344
  266900.000     -250082.5376
  267000.000     -250375.0970
  267100.000     -250012.1991
  267200.000     -250260.2863
  267300.000     -250077.9532
  267400.000     -250311.1722
  267500.000     -249425.3211
  267600.000     -249899.9015
  267700.000     -249942.1005
  267800.000     -250280.1910
  267900.000     -250331.6599
  268000.000     -250263.0095
  268100.000     -249951.0359
  268200.000     -250348.3720
  268300.000     -250157.6461
  268400.000     -250157.3796
  268500.000     -250296.5385
  268600.000     -250142.4220
  268700.000     -250102.6406
  268800.000     -250884.9992
  268900.000     -250077.7929
  269000.000     -249642.1164
  269100.000     -250806.6752
  269200.000     -249970.9287
  269300.000     -250308.9996
  269400.000     -249849.8186
  269500.000     -251081.7288
  269600.000     -250469.3653
  269700.000     -249816.8441
  269800.000     -250361.7405
  269900.000     -250118.3045
  270000.000     -250135.1003
  270100.000     -250541.5882
  270200.000     -249918.3005
  270300.000     -250583.3214
  270400.000     -250296.3395
  270500.000     -249964.6048
  270600.000     -250075.7886
  270700.000     -250310.8811
  270800.000     -249663.2915
  270900.000     -250163.9114
  271000.000     -250370.5742
  271100.000     -249416.4582
  271200.000     -250325.7624
  271300.000     -250017.3795
  271400.000     -250373.6484
  271500.000     -250384.8002
  271600.000     -250028.0439
  271700.000     -250362.5953
  271800.000     -249853.0173
  271900.000     -249749.5843
  272000.000     -250679.2282
  272100.000     -249832.3111
  272200.000     -250086.9659
  272300.000     -250156.4855
  272400.000     -250475.7413
  272500.000     -250255.0914
  272600.000     -249622.3890
  272700.000     -250245.8012
  272800.000     -250172.3601
  272900.000     -250202.8355
  273000.000     -249897.3195
  273100.000     -250328.7855
  273200.000     -250323.4689
  273300.000     -250308.9135
  273400.000     -250381.3454
  273500.000     -250176.2999
  273600.000     -249580.2823
  273700.000     -250445.2251
  273800.000     -250687.4478
  273900.000     -250195.8124
  274000.000     -250701.1095
  274100.000     -249754.4412
  274200.000     -249857.4785
  274300.000     -249723.7283
  274400.000     -250438.1748
  274500.000     -250317.0231
  274600.000     -250133.7278
  274700.000     -250300.6493
  274800.000     -250297.5289
  274900.000     -250690.3241
  275000.000     -250900.4098
  275100.000     -250372.6138
  275200.000     -250397.9605
  275300.000     -250041.1555
  275400.000     -250564.0872
  275500.000     -250811.1580
  275600.000     -250175.1595
  275700.000     -249862.0804
  275800.000     -250058.2200
  275900.000     -250283.9446
  276000.000     -249800.8997
  276100.000     -250110.5604
  276200.000     -250252.8328
  276300.000     -250028.1072
  276400.000     -249987.2218
  276500.000     -250047.7465
  276600.000     -250502.4476
  276700.000     -250287.6583
  276800.000     -250297.3436
  276900.000     -249875.2532
  277000.000     -250539.6823
  277100.000     -250423.6783
  277200.000     -250170.0365
  277300.000     -250737.4920
  277400.000     -250730.9119
  277500.000     -250090.5835
  277600.000     -250766.1043
  277700.000     -249489.8949
  277800.000     -249880.2876
  277900.000     -250329.7766
  278000.000     -249824.7796
  278100.000     -250633.9635
  278200.000     -250458.8639
  278300.000     -250023.4349
  278400.000     -250073.6228
  278500.000     -250053.5285
  278600.000     -249477.9266
  278700.000     -250424.0051
  278800.000     -249576.4567
  278900.000     -249855.9850
  279000.000     -250348.9590
  279100.000     -250176.2990
  279200.000     -250021.6553
  279300.000     -250345.5855
  279400.000     -250053.2347
  279500.000     -250313.0935
  279600.000     -249703.1170
  279700.000     -249732.7328
  279800.000     -250755.5890
  279900.000     -250635.6121
  280000.000     -250447.2758
  280100.000     -250655.4233
  280200.000     -250210.2378
  280300.000     -250380.9437
  280400.000     -250179.2500
  280500.000     -250232.7672
  280600.000     -250206.1382
  280700.000     -250416.0949
  280800.000     -250362.9192
  280900.000     -250477.8570
  281000.000     -250283.6133
  281100.000     -250093.1737
  281200.000     -250202.9220
  281300.000     -250342.5871
  281400.000     -250003.0359
  281500.000     -249711.0345
  281600.000     -250413.5124
  281700.000     -250124.0703
  281800.000     -250271.8478
  281900.000     -249787.4829
  282000.000     -250451.6998
  282100.000     -250038.7852
  282200.000     -251055.1491
  282300.000     -249883.8784
  282400.000     -250420.3434
  282500.000     -250565.8515
  282600.000     -250939.6177
  282700.000     -249829.9430
  282800.000     -250598.8068
  282900.000     -250261.9564
  283000.000     -249779.8825
  283100.000     -250042.5636
  283200.000     -250514.6928
  283300.000     -249269.9502
  283400.000     -250284.4499
  283500.000     -250363.1570
  283600.000     -250592.8499
  283700.000     -250321.6442
  283800.000     -250203.4978
  283900.000     -250076.1526
  284000.000     -250010.4475
  284100.000     -250383.1987
  284200.000     -249967.5213
  284300.000     -249876.3206
  284400.000     -250377.7485
  284500.000     -249781.7239
  284600.000     -250483.4917
  284700.000     -250398.6853
  284800.000     -250159.2526
  284900.000     -250246.0954
  285000.000     -249795.4038
  285100.000     -249702.8531
  285200.000     -250676.1305
  285300.000     -249893.0876
  285400.000     -249894.0688
  285500.000     -250189.0776
  285600.000     -249904.7666
  285700.000     -250115.2760
  285800.000     -250019.1597
  285900.000     -250113.4060
  286000.000     -250319.3684
  286100.000     -250341.4589
  286200.000     -249846.8278
  286300.000     -249841.6157
  286400.000     -250247.1554
  286500.000     -250299.4357
  286600.000     -249869.9181
  286700.000     -250069.8701
  286800.000     -250056.2057
  286900.000     -250231.4228
  287000.000     -250336.6015
  287100.000     -249984.6169
  287200.000     -249746.6881
  287300.000     -250126.5052
  287400.000     -250730.0595
  287500.000     -249797.4488
  287600.000     -250650.9542
  287700.000     -249979.2946
  287800.000     -249929.5998
  287900.000     -250278.4640
  288000.000     -249665.7732
  288100.000     -249883.4280
  288200.000     -250112.1712
  288300.000     -250414.9013
  288400.000     -249524.9039
  288500.000     -250240.0261
  288600.000     -250004.3168
  288700.000     -250185.8009
  288800.000     -250437.9174
  288900.000     -249874.9781
  289000.000     -250280.7381
  289100.000     -250340.3398
  289200.000     -249995.6869
  289300.000     -250351.8331
  289400.000     -249971.3923
  289500.000     -250425.6805
  289600.000     -249751.7792
  289700.000     -250380.3166
  289800.000     -250120.9113
  289900.000     -250395.8600
  290000.000     -250188.9925
  290100.000     -250119.6488
  290200.000     -250228.5931
  290300.000     -250413.6530
  290400.000     -250173.0881
  290500.000     -249808.7929
  290600.000     -250100.4302
  290700.000     -250680.9698
  290800.000     -250103.2538
  290900.000     -250099.9184
  291000.000     -250025.0923
  291100.000     -249653.6714
  291200.000     -249803.1852
  291300.000     -250217.7741
  291400.000     -250401.5589
  291500.000     -249638.2451
  291600.000     -249985.8457
  291700.000     -250101.2923
  291800.000     -250540.1502
  291900.000     -249848.9942
  292000.000     -250016.5352
  292100.000     -249786.6902
  292200.000     -250498.7006
  292300.000     -249927.2050
  292400.000     -250051.8937
  292500.000     -249871.3773
  292600.000     -250378.5548
  292700.000     -249923.9426
  292800.000     -249744.9095
  292900.000     -250195.3474
  293000.000     -250475.2557
  293100.000     -249930.9438
  293200.000     -250013.9106
  293300.000     -250514.4816
  293400.000     -249438.8163
  293500.000     -250464.7441
  293600.000     -250439.3402
  293700.000     -250311.5555
  293800.000     -250103.9315
  293900.000     -249978.7628
  294000.000     -249951.9721
  294100.000     -250147.1576
  294200.000     -250653.3153
  294300.000     -250005.7550
  294400.000     -250345.3136
  294500.000     -249827.7304
  294600.000     -249926.4232
  294700.000     -250370.5032
  294800.000     -249937.3596
  294900.000     -249725.5453
  295000.000     -250323.7820
  295100.000     -250132.9837
  295200.000     -249721.3853
  295300.000     -250044.1202
  295400.000     -250068.9802
  295500.000     -250500.2234
  295600.000     -250488.2908
  295700.000     -250012.6247
  295800.000     -249791.9352
  295900.000     -250758.7669
  296000.000     -250191.3421
  296100.000     -249942.1082
  296200.000     -250883.4739
  296300.000     -249724.7263
  296400.000     -250033.7439
  296500.000     -249734.6424
  296600.000     -250214.8714
  296700.000     -249955.2804
  296800.000     -249874.5525
  296900.000     -250000.1100
  297000.000     -250280.5198
  297100.000     -250371.2862
  297200.000     -250414.3893
  297300.000     -250480.9448
  297400.000     -250486.0640
  297500.000     -250448.8226
  297600.000     -249995.0272
  297700.000     -249853.7597
  297800.000     -249936.4561
  297900.000     -250002.8959
  298000.000     -250081.4918
  298100.000     -250324.4156
  298200.000     -249873.5763
  298300.000     -250259.2951
  298400.000     -250821.6964
  298500.000     -249901.2268
  298600.000     -249966.0189
  298700.000     -250205.7834
  298800.000     -250324.1092
  298900.000     -250213.8322
  299000.000     -250458.9852
  299100.000     -250032.5552
  299200.000     -250633.6674
  299300.000     -250259.0219
  299400.000     -249917.0168
  299500.000     -250164.6826
  299600.000     -250457.4925
  299700.000     -249520.6474
  299800.000     -250072.3000
  299900.000     -250331.1697
  300000.000     -250349.4977
  300100.000     -250138.3550
  300200.000     -250591.9466
  300300.000     -250464.8815
  300400.000     -250729.5318
  300500.000     -250798.7347
  300600.000     -250280.2865
  300700.000     -250649.3386
  300800.000     -250178.6615
  300900.000     -250046.5360
  301000.000     -250051.7661
  301100.000     -250028.1209
  301200.000     -249707.8566
  301300.000     -250538.0014
  301400.000     -250435.6589
  301500.000     -250948.5722
  301600.000     -250351.1772
  301700.000     -250060.2211
  301800.000     -250310.8808
  301900.000     -250179.9709
  302000.000     -250639.2236
  302100.000     -250335.6497
  302200.000     -249744.5152
  302300.000     -250340.1597
  302400.000     -250355.9900
  302500.000     -250119.4313
  302600.000     -250409.4479
  302700.000     -249825.8446
  302800.000     -250194.6231
  302900.000     -250701.8597
  303000.000     -250192.2589
  303100.000     -249830.7842
  303200.000     -250038.3012
  303300.000     -250197.2404
  303400.000     -249905.3445
  303500.000     -250514.8402
  303600.000     -249939.1334
  303700.000     -249585.9542
  303800.000     -250012.8449
  303900.000     -250721.6434
  304000.000     -250034.1207
  304100.000     -250180.6120
  304200.000     -250799.3567
  304300.000     -250011.1111
  304400.000     -250000.8940
  304500.000     -250210.1700
  304600.000     -250214.1598
  304700.000     -250530.3138
  304800.000     -250341.6851
  304900.000     -249847.0513
  305000.000     -250617.7377
  305100.000     -250323.2149
  305200.000     -250631.2741
  305300.000     -250172.1782
  305400.000     -249923.2822
  305500.000     -249928.1230
  305600.000     -249985.8152
  305700.000     -249764.7851
  305800.000     -250018.2608
  305900.000     -250173.8251
  306000.000     -250423.5699
  306100.000     -250404.3438
  306200.000     -250003.1579
  306300.000     -250596.6572
  306400.000     -250306.8523
  306500.000     -249863.8352
  306600.000     -250944.5451
  306700.000     -249874.7103
  306800.000     -250045.2128
  306900.000     -250313.1730
  307000.000     -250500.1358
  307100.000     -249922.3338
  307200.000     -249966.4012
  307300.000     -250525.0590
  307400.000     -250044.6041
  307500.000     -250163.1661
  307600.000     -250654.6228
  307700.000     -250277.5897
  307800.000     -250382.2100
  307900.000     -250068.0546
  308000.000     -249915.9554
  308100.000     -250407.6973
  308200.000     -250459.2353
  308300.000     -249875.8053
  308400.000     -250683.7134
  308500.000     -250522.2845
  308600.000     -249724.3321
  308700.000     -250325.7512
  308800.000     -250555.7626
  308900.000     -250270.6923
  309000.000     -250606.6954
  309100.000     -250201.0445
  309200.000     -250272.7577
  309300.000     -249598.9402
  309400.000     -250796.5199
  309500.000     -249771.7477
  309600.000     -250096.6066
  309700.000     -249948.1088
  309800.000     -249910.3908
  309900.000     -250004.2942
  310000.000     -250433.7496
  310100.000     -250557.6807
  310200.000     -250101.1124
  310300.000     -249735.8264
  310400.000     -250258.8343
  310500.000     -250746.5446
  310600.000     -249858.7713
  310700.000     -250354.0795
  310800.000     -250244.9833
  310900.000     -250373.2193
  311000.000     -250281.2672
  311100.000     -250289.0637
  311200.000     -249841.2984
  311300.000     -250174.3583
  311400.000     -250788.7699
  311500.000     -250455.9602
  311600.000     -250524.0543
  311700.000     -250450.8681
  311800.000     -250347.2143
  311900.000     -250722.9895
  312000.000     -250389.0547
  312100.000     -249972.7522
  312200.000     -250271.2266
  312300.000     -250095.3325
  312400.000     -250103.1477
  312500.000     -250087.5215
  312600.000     -250619.9853
  312700.000     -249787.0200
  312800.000     -249914.2530
  312900.000     -250741.2589
  313000.000     -249712.7222
  313100.000     -250233.4426
  313200.000     -250013.3082
  313300.000     -250471.2745
  313400.000     -250455.2479
  313500.000     -249966.8091
  313600.000     -250322.8424
  313700.000     -250478.4480
  313800.000     -249887.0036
  313900.000     -250646.4677
  314000.000     -250264.0061
  314100.000     -249312.8987
  314200.000     -250083.2130
  314300.000     -249952.3201
  314400.000     -250576.8319
  314500.000     -250088.5216
  314600.000     -250217.3005
  314700.000     -250029.1425
  314800.000     -249812.3101
  314900.000     -250177.0346
  315000.000     -250295.2277
  315100.000     -250405.6832
  315200.000     -249999.2976
  315300.000     -250831.0453
  315400.000     -250247.4105
  315500.000     -250298.9962
  315600.000     -250456.3934
  315700.000     -250301.6099
  315800.000     -250115.2789
  315900.000     -249950.5753
  316000.000     -250287.5747
  316100.000     -250072.8564
  316200.000     -250635.3214
  316300.000     -250005.0506
  316400.000     -250681.2415
  316500.000     -250682.9600
  316600.000     -250646.0583
  316700.000     -250077.5319
  316800.000     -250001.4258
  316900.000     -250368.8808
  317000.000     -250475.4519
  317100.000     -249952.8790
  317200.000     -249994.5677
  317300.000     -249856.3014
  317400.000     -250792.1350
  317500.000     -249834.3337
  317600.000     -250387.0757
  317700.000     -250090.7650
  317800.000     -249809.0552
  317900.000     -249996.7015
  318000.000     -250467.7497
  318100.000     -250225.7876
  318200.000     -250655.1652
  318300.000     -249855.0129
  318400.000     -250385.9480
  318500.000     -250037.0855
  318600.000     -250077.6838
  318700.000     -249912.0158
  318800.000     -249966.9015
  318900.000     -250054.6092
  319000.000     -249713.3811
  319100.000     -249916.0437
  319200.000     -250364.9411
  319300.000     -250498.5126
  319400.000     -250227.7497
  319500.000     -250292.5513
  319600.000     -250166.6077
  319700.000     -250614.5225
  319800.000     -250272.1023
  319900.000     -250047.1855
  320000.000     -249472.8435
