   20100.000      0.0
   20200.000      0.0
   20300.000      0.0
   20400.000      0.0
   20500.000      0.0
   20600.000      0.0
   20700.000      0.0
   20800.000      0.0
   20900.000      0.0
   21000.000      0.0
   21100.000      0.0
   21200.000      0.0
   21300.000      0.0
   21400.000      0.0
   21500.000      0.0
   21600.000      0.0
   21700.000      0.0
   21800.000      0.0
   21900.000      0.0
   22000.000      0.0
   22100.000      0.0
   22200.000      0.0
   22300.000      0.0
   22400.000      0.0
   22500.000      0.0
   22600.000      0.0
   22700.000      0.0
   22800.000      0.0
   22900.000      0.0
   23000.000      0.0
   23100.000      0.0
   23200.000      0.0
   23300.000      0.0
   23400.000      0.0
   23500.000      0.0
   23600.000      0.0
   23700.000      0.0
   23800.000      0.0
   23900.000      0.0
   24000.000      0.0
   24100.000      0.0
   24200.000      0.0
   24300.000      0.0
   24400.000      0.0
   24500.000      0.0
   24600.000      0.0
   24700.000      0.0
   24800.000      0.0
   24900.000      0.0
   25000.000      0.0
   25100.000      0.0
   25200.000      0.0
   25300.000      0.0
   25400.000      0.0
   25500.000      0.0
   25600.000      0.0
   25700.000      0.0
   25800.000      0.0
   25900.000      0.0
   26000.000      0.0
   26100.000      0.0
   26200.000      0.0
   26300.000      0.0
   26400.000      0.0
   26500.000      0.0
   26600.000      0.0
   26700.000      0.0
   26800.000      0.0
   26900.000      0.0
   27000.000      0.0
   27100.000      0.0
   27200.000      0.0
   27300.000      0.0
   27400.000      0.0
   27500.000      0.0
   27600.000      0.0
   27700.000      0.0
   27800.000      0.0
   27900.000      0.0
   28000.000      0.0
   28100.000      0.0
   28200.000      0.0
   28300.000      0.0
   28400.000      0.0
   28500.000      0.0
   28600.000      0.0
   28700.000      0.0
   28800.000      0.0
   28900.000      0.0
   29000.000      0.0
   29100.000      0.0
   29200.000      0.0
   29300.000      0.0
   29400.000      0.0
   29500.000      0.0
   29600.000      0.0
   29700.000      0.0
   29800.000      0.0
   29900.000      0.0
   30000.000      0.0
   30100.000      0.0
   30200.000      0.0
   30300.000      0.0
   30400.000      0.0
   30500.000      0.0
   30600.000      0.0
   30700.000      0.0
   30800.000      0.0
   30900.000      0.0
   31000.000      0.0
   31100.000      0.0
   31200.000      0.0
   31300.000      0.0
   31400.000      0.0
   31500.000      0.0
   31600.000      0.0
   31700.000      0.0
   31800.000      0.0
   31900.000      0.0
   32000.000      0.0
   32100.000      0.0
   32200.000      0.0
   32300.000      0.0
   32400.000      0.0
   32500.000      0.0
   32600.000      0.0
   32700.000      0.0
   32800.000      0.0
   32900.000      0.0
   33000.000      0.0
   33100.000      0.0
   33200.000      0.0
   33300.000      0.0
   33400.000      0.0
   33500.000      0.0
   33600.000      0.0
   33700.000      0.0
   33800.000      0.0
   33900.000      0.0
   34000.000      0.0
   34100.000      0.0
   34200.000      0.0
   34300.000      0.0
   34400.000      0.0
   34500.000      0.0
   34600.000      0.0
   34700.000      0.0
   34800.000      0.0
   34900.000      0.0
   35000.000      0.0
   35100.000      0.0
   35200.000      0.0
   35300.000      0.0
   35400.000      0.0
   35500.000      0.0
   35600.000      0.0
   35700.000      0.0
   35800.000      0.0
   35900.000      0.0
   36000.000      0.0
   36100.000      0.0
   36200.000      0.0
   36300.000      0.0
   36400.000      0.0
   36500.000      0.0
   36600.000      0.0
   36700.000      0.0
   36800.000      0.0
   36900.000      0.0
   37000.000      0.0
   37100.000      0.0
   37200.000      0.0
   37300.000      0.0
   37400.000      0.0
   37500.000      0.0
   37600.000      0.0
   37700.000      0.0
   37800.000      0.0
   37900.000      0.0
   38000.000      0.0
   38100.000      0.0
   38200.000      0.0
   38300.000      0.0
   38400.000      0.0
   38500.000      0.0
   38600.000      0.0
   38700.000      0.0
   38800.000      0.0
   38900.000      0.0
   39000.000      0.0
   39100.000      0.0
   39200.000      0.0
   39300.000      0.0
   39400.000      0.0
   39500.000      0.0
   39600.000      0.0
   39700.000      0.0
   39800.000      0.0
   39900.000      0.0
   40000.000      0.0
   40100.000      0.0
   40200.000      0.0
   40300.000      0.0
   40400.000      0.0
   40500.000      0.0
   40600.000      0.0
   40700.000      0.0
   40800.000      0.0
   40900.000      0.0
   41000.000      0.0
   41100.000      0.0
   41200.000      0.0
   41300.000      0.0
   41400.000      0.0
   41500.000      0.0
   41600.000      0.0
   41700.000      0.0
   41800.000      0.0
   41900.000      0.0
   42000.000      0.0
   42100.000      0.0
   42200.000      0.0
   42300.000      0.0
   42400.000      0.0
   42500.000      0.0
   42600.000      0.0
   42700.000      0.0
   42800.000      0.0
   42900.000      0.0
   43000.000      0.0
   43100.000      0.0
   43200.000      0.0
   43300.000      0.0
   43400.000      0.0
   43500.000      0.0
   43600.000      0.0
   43700.000      0.0
   43800.000      0.0
   43900.000      0.0
   44000.000      0.0
   44100.000      0.0
   44200.000      0.0
   44300.000      0.0
   44400.000      0.0
   44500.000      0.0
   44600.000      0.0
   44700.000      0.0
   44800.000      0.0
   44900.000      0.0
   45000.000      0.0
   45100.000      0.0
   45200.000      0.0
   45300.000      0.0
   45400.000      0.0
   45500.000      0.0
   45600.000      0.0
   45700.000      0.0
   45800.000      0.0
   45900.000      0.0
   46000.000      0.0
   46100.000      0.0
   46200.000      0.0
   46300.000      0.0
   46400.000      0.0
   46500.000      0.0
   46600.000      0.0
   46700.000      0.0
   46800.000      0.0
   46900.000      0.0
   47000.000      0.0
   47100.000      0.0
   47200.000      0.0
   47300.000      0.0
   47400.000      0.0
   47500.000      0.0
   47600.000      0.0
   47700.000      0.0
   47800.000      0.0
   47900.000      0.0
   48000.000      0.0
   48100.000      0.0
   48200.000      0.0
   48300.000      0.0
   48400.000      0.0
   48500.000      0.0
   48600.000      0.0
   48700.000      0.0
   48800.000      0.0
   48900.000      0.0
   49000.000      0.0
   49100.000      0.0
   49200.000      0.0
   49300.000      0.0
   49400.000      0.0
   49500.000      0.0
   49600.000      0.0
   49700.000      0.0
   49800.000      0.0
   49900.000      0.0
   50000.000      0.0
   50100.000      0.0
   50200.000      0.0
   50300.000      0.0
   50400.000      0.0
   50500.000      0.0
   50600.000      0.0
   50700.000      0.0
   50800.000      0.0
   50900.000      0.0
   51000.000      0.0
   51100.000      0.0
   51200.000      0.0
   51300.000      0.0
   51400.000      0.0
   51500.000      0.0
   51600.000      0.0
   51700.000      0.0
   51800.000      0.0
   51900.000      0.0
   52000.000      0.0
   52100.000      0.0
   52200.000      0.0
   52300.000      0.0
   52400.000      0.0
   52500.000      0.0
   52600.000      0.0
   52700.000      0.0
   52800.000      0.0
   52900.000      0.0
   53000.000      0.0
   53100.000      0.0
   53200.000      0.0
   53300.000      0.0
   53400.000      0.0
   53500.000      0.0
   53600.000      0.0
   53700.000      0.0
   53800.000      0.0
   53900.000      0.0
   54000.000      0.0
   54100.000      0.0
   54200.000      0.0
   54300.000      0.0
   54400.000      0.0
   54500.000      0.0
   54600.000      0.0
   54700.000      0.0
   54800.000      0.0
   54900.000      0.0
   55000.000      0.0
   55100.000      0.0
   55200.000      0.0
   55300.000      0.0
   55400.000      0.0
   55500.000      0.0
   55600.000      0.0
   55700.000      0.0
   55800.000      0.0
   55900.000      0.0
   56000.000      0.0
   56100.000      0.0
   56200.000      0.0
   56300.000      0.0
   56400.000      0.0
   56500.000      0.0
   56600.000      0.0
   56700.000      0.0
   56800.000      0.0
   56900.000      0.0
   57000.000      0.0
   57100.000      0.0
   57200.000      0.0
   57300.000      0.0
   57400.000      0.0
   57500.000      0.0
   57600.000      0.0
   57700.000      0.0
   57800.000      0.0
   57900.000      0.0
   58000.000      0.0
   58100.000      0.0
   58200.000      0.0
   58300.000      0.0
   58400.000      0.0
   58500.000      0.0
   58600.000      0.0
   58700.000      0.0
   58800.000      0.0
   58900.000      0.0
   59000.000      0.0
   59100.000      0.0
   59200.000      0.0
   59300.000      0.0
   59400.000      0.0
   59500.000      0.0
   59600.000      0.0
   59700.000      0.0
   59800.000      0.0
   59900.000      0.0
   60000.000      0.0
   60100.000      0.0
   60200.000      0.0
   60300.000      0.0
   60400.000      0.0
   60500.000      0.0
   60600.000      0.0
   60700.000      0.0
   60800.000      0.0
   60900.000      0.0
   61000.000      0.0
   61100.000      0.0
   61200.000      0.0
   61300.000      0.0
   61400.000      0.0
   61500.000      0.0
   61600.000      0.0
   61700.000      0.0
   61800.000      0.0
   61900.000      0.0
   62000.000      0.0
   62100.000      0.0
   62200.000      0.0
   62300.000      0.0
   62400.000      0.0
   62500.000      0.0
   62600.000      0.0
   62700.000      0.0
   62800.000      0.0
   62900.000      0.0
   63000.000      0.0
   63100.000      0.0
   63200.000      0.0
   63300.000      0.0
   63400.000      0.0
   63500.000      0.0
   63600.000      0.0
   63700.000      0.0
   63800.000      0.0
   63900.000      0.0
   64000.000      0.0
   64100.000      0.0
   64200.000      0.0
   64300.000      0.0
   64400.000      0.0
   64500.000      0.0
   64600.000      0.0
   64700.000      0.0
   64800.000      0.0
   64900.000      0.0
   65000.000      0.0
   65100.000      0.0
   65200.000      0.0
   65300.000      0.0
   65400.000      0.0
   65500.000      0.0
   65600.000      0.0
   65700.000      0.0
   65800.000      0.0
   65900.000      0.0
   66000.000      0.0
   66100.000      0.0
   66200.000      0.0
   66300.000      0.0
   66400.000      0.0
   66500.000      0.0
   66600.000      0.0
   66700.000      0.0
   66800.000      0.0
   66900.000      0.0
   67000.000      0.0
   67100.000      0.0
   67200.000      0.0
   67300.000      0.0
   67400.000      0.0
   67500.000      0.0
   67600.000      0.0
   67700.000      0.0
   67800.000      0.0
   67900.000      0.0
   68000.000      0.0
   68100.000      0.0
   68200.000      0.0
   68300.000      0.0
   68400.000      0.0
   68500.000      0.0
   68600.000      0.0
   68700.000      0.0
   68800.000      0.0
   68900.000      0.0
   69000.000      0.0
   69100.000      0.0
   69200.000      0.0
   69300.000      0.0
   69400.000      0.0
   69500.000      0.0
   69600.000      0.0
   69700.000      0.0
   69800.000      0.0
   69900.000      0.0
   70000.000      0.0
   70100.000      0.0
   70200.000      0.0
   70300.000      0.0
   70400.000      0.0
   70500.000      0.0
   70600.000      0.0
   70700.000      0.0
   70800.000      0.0
   70900.000      0.0
   71000.000      0.0
   71100.000      0.0
   71200.000      0.0
   71300.000      0.0
   71400.000      0.0
   71500.000      0.0
   71600.000      0.0
   71700.000      0.0
   71800.000      0.0
   71900.000      0.0
   72000.000      0.0
   72100.000      0.0
   72200.000      0.0
   72300.000      0.0
   72400.000      0.0
   72500.000      0.0
   72600.000      0.0
   72700.000      0.0
   72800.000      0.0
   72900.000      0.0
   73000.000      0.0
   73100.000      0.0
   73200.000      0.0
   73300.000      0.0
   73400.000      0.0
   73500.000      0.0
   73600.000      0.0
   73700.000      0.0
   73800.000      0.0
   73900.000      0.0
   74000.000      0.0
   74100.000      0.0
   74200.000      0.0
   74300.000      0.0
   74400.000      0.0
   74500.000      0.0
   74600.000      0.0
   74700.000      0.0
   74800.000      0.0
   74900.000      0.0
   75000.000      0.0
   75100.000      0.0
   75200.000      0.0
   75300.000      0.0
   75400.000      0.0
   75500.000      0.0
   75600.000      0.0
   75700.000      0.0
   75800.000      0.0
   75900.000      0.0
   76000.000      0.0
   76100.000      0.0
   76200.000      0.0
   76300.000      0.0
   76400.000      0.0
   76500.000      0.0
   76600.000      0.0
   76700.000      0.0
   76800.000      0.0
   76900.000      0.0
   77000.000      0.0
   77100.000      0.0
   77200.000      0.0
   77300.000      0.0
   77400.000      0.0
   77500.000      0.0
   77600.000      0.0
   77700.000      0.0
   77800.000      0.0
   77900.000      0.0
   78000.000      0.0
   78100.000      0.0
   78200.000      0.0
   78300.000      0.0
   78400.000      0.0
   78500.000      0.0
   78600.000      0.0
   78700.000      0.0
   78800.000      0.0
   78900.000      0.0
   79000.000      0.0
   79100.000      0.0
   79200.000      0.0
   79300.000      0.0
   79400.000      0.0
   79500.000      0.0
   79600.000      0.0
   79700.000      0.0
   79800.000      0.0
   79900.000      0.0
   80000.000      0.0
   80100.000      0.0
   80200.000      0.0
   80300.000      0.0
   80400.000      0.0
   80500.000      0.0
   80600.000      0.0
   80700.000      0.0
   80800.000      0.0
   80900.000      0.0
   81000.000      0.0
   81100.000      0.0
   81200.000      0.0
   81300.000      0.0
   81400.000      0.0
   81500.000      0.0
   81600.000      0.0
   81700.000      0.0
   81800.000      0.0
   81900.000      0.0
   82000.000      0.0
   82100.000      0.0
   82200.000      0.0
   82300.000      0.0
   82400.000      0.0
   82500.000      0.0
   82600.000      0.0
   82700.000      0.0
   82800.000      0.0
   82900.000      0.0
   83000.000      0.0
   83100.000      0.0
   83200.000      0.0
   83300.000      0.0
   83400.000      0.0
   83500.000      0.0
   83600.000      0.0
   83700.000      0.0
   83800.000      0.0
   83900.000      0.0
   84000.000      0.0
   84100.000      0.0
   84200.000      0.0
   84300.000      0.0
   84400.000      0.0
   84500.000      0.0
   84600.000      0.0
   84700.000      0.0
   84800.000      0.0
   84900.000      0.0
   85000.000      0.0
   85100.000      0.0
   85200.000      0.0
   85300.000      0.0
   85400.000      0.0
   85500.000      0.0
   85600.000      0.0
   85700.000      0.0
   85800.000      0.0
   85900.000      0.0
   86000.000      0.0
   86100.000      0.0
   86200.000      0.0
   86300.000      0.0
   86400.000      0.0
   86500.000      0.0
   86600.000      0.0
   86700.000      0.0
   86800.000      0.0
   86900.000      0.0
   87000.000      0.0
   87100.000      0.0
   87200.000      0.0
   87300.000      0.0
   87400.000      0.0
   87500.000      0.0
   87600.000      0.0
   87700.000      0.0
   87800.000      0.0
   87900.000      0.0
   88000.000      0.0
   88100.000      0.0
   88200.000      0.0
   88300.000      0.0
   88400.000      0.0
   88500.000      0.0
   88600.000      0.0
   88700.000      0.0
   88800.000      0.0
   88900.000      0.0
   89000.000      0.0
   89100.000      0.0
   89200.000      0.0
   89300.000      0.0
   89400.000      0.0
   89500.000      0.0
   89600.000      0.0
   89700.000      0.0
   89800.000      0.0
   89900.000      0.0
   90000.000      0.0
   90100.000      0.0
   90200.000      0.0
   90300.000      0.0
   90400.000      0.0
   90500.000      0.0
   90600.000      0.0
   90700.000      0.0
   90800.000      0.0
   90900.000      0.0
   91000.000      0.0
   91100.000      0.0
   91200.000      0.0
   91300.000      0.0
   91400.000      0.0
   91500.000      0.0
   91600.000      0.0
   91700.000      0.0
   91800.000      0.0
   91900.000      0.0
   92000.000      0.0
   92100.000      0.0
   92200.000      0.0
   92300.000      0.0
   92400.000      0.0
   92500.000      0.0
   92600.000      0.0
   92700.000      0.0
   92800.000      0.0
   92900.000      0.0
   93000.000      0.0
   93100.000      0.0
   93200.000      0.0
   93300.000      0.0
   93400.000      0.0
   93500.000      0.0
   93600.000      0.0
   93700.000      0.0
   93800.000      0.0
   93900.000      0.0
   94000.000      0.0
   94100.000      0.0
   94200.000      0.0
   94300.000      0.0
   94400.000      0.0
   94500.000      0.0
   94600.000      0.0
   94700.000      0.0
   94800.000      0.0
   94900.000      0.0
   95000.000      0.0
   95100.000      0.0
   95200.000      0.0
   95300.000      0.0
   95400.000      0.0
   95500.000      0.0
   95600.000      0.0
   95700.000      0.0
   95800.000      0.0
   95900.000      0.0
   96000.000      0.0
   96100.000      0.0
   96200.000      0.0
   96300.000      0.0
   96400.000      0.0
   96500.000      0.0
   96600.000      0.0
   96700.000      0.0
   96800.000      0.0
   96900.000      0.0
   97000.000      0.0
   97100.000      0.0
   97200.000      0.0
   97300.000      0.0
   97400.000      0.0
   97500.000      0.0
   97600.000      0.0
   97700.000      0.0
   97800.000      0.0
   97900.000      0.0
   98000.000      0.0
   98100.000      0.0
   98200.000      0.0
   98300.000      0.0
   98400.000      0.0
   98500.000      0.0
   98600.000      0.0
   98700.000      0.0
   98800.000      0.0
   98900.000      0.0
   99000.000      0.0
   99100.000      0.0
   99200.000      0.0
   99300.000      0.0
   99400.000      0.0
   99500.000      0.0
   99600.000      0.0
   99700.000      0.0
   99800.000      0.0
   99900.000      0.0
  100000.000      0.0
  100100.000      0.0
  100200.000      0.0
  100300.000      0.0
  100400.000      0.0
  100500.000      0.0
  100600.000      0.0
  100700.000      0.0
  100800.000      0.0
  100900.000      0.0
  101000.000      0.0
  101100.000      0.0
  101200.000      0.0
  101300.000      0.0
  101400.000      0.0
  101500.000      0.0
  101600.000      0.0
  101700.000      0.0
  101800.000      0.0
  101900.000      0.0
  102000.000      0.0
  102100.000      0.0
  102200.000      0.0
  102300.000      0.0
  102400.000      0.0
  102500.000      0.0
  102600.000      0.0
  102700.000      0.0
  102800.000      0.0
  102900.000      0.0
  103000.000      0.0
  103100.000      0.0
  103200.000      0.0
  103300.000      0.0
  103400.000      0.0
  103500.000      0.0
  103600.000      0.0
  103700.000      0.0
  103800.000      0.0
  103900.000      0.0
  104000.000      0.0
  104100.000      0.0
  104200.000      0.0
  104300.000      0.0
  104400.000      0.0
  104500.000      0.0
  104600.000      0.0
  104700.000      0.0
  104800.000      0.0
  104900.000      0.0
  105000.000      0.0
  105100.000      0.0
  105200.000      0.0
  105300.000      0.0
  105400.000      0.0
  105500.000      0.0
  105600.000      0.0
  105700.000      0.0
  105800.000      0.0
  105900.000      0.0
  106000.000      0.0
  106100.000      0.0
  106200.000      0.0
  106300.000      0.0
  106400.000      0.0
  106500.000      0.0
  106600.000      0.0
  106700.000      0.0
  106800.000      0.0
  106900.000      0.0
  107000.000      0.0
  107100.000      0.0
  107200.000      0.0
  107300.000      0.0
  107400.000      0.0
  107500.000      0.0
  107600.000      0.0
  107700.000      0.0
  107800.000      0.0
  107900.000      0.0
  108000.000      0.0
  108100.000      0.0
  108200.000      0.0
  108300.000      0.0
  108400.000      0.0
  108500.000      0.0
  108600.000      0.0
  108700.000      0.0
  108800.000      0.0
  108900.000      0.0
  109000.000      0.0
  109100.000      0.0
  109200.000      0.0
  109300.000      0.0
  109400.000      0.0
  109500.000      0.0
  109600.000      0.0
  109700.000      0.0
  109800.000      0.0
  109900.000      0.0
  110000.000      0.0
  110100.000      0.0
  110200.000      0.0
  110300.000      0.0
  110400.000      0.0
  110500.000      0.0
  110600.000      0.0
  110700.000      0.0
  110800.000      0.0
  110900.000      0.0
  111000.000      0.0
  111100.000      0.0
  111200.000      0.0
  111300.000      0.0
  111400.000      0.0
  111500.000      0.0
  111600.000      0.0
  111700.000      0.0
  111800.000      0.0
  111900.000      0.0
  112000.000      0.0
  112100.000      0.0
  112200.000      0.0
  112300.000      0.0
  112400.000      0.0
  112500.000      0.0
  112600.000      0.0
  112700.000      0.0
  112800.000      0.0
  112900.000      0.0
  113000.000      0.0
  113100.000      0.0
  113200.000      0.0
  113300.000      0.0
  113400.000      0.0
  113500.000      0.0
  113600.000      0.0
  113700.000      0.0
  113800.000      0.0
  113900.000      0.0
  114000.000      0.0
  114100.000      0.0
  114200.000      0.0
  114300.000      0.0
  114400.000      0.0
  114500.000      0.0
  114600.000      0.0
  114700.000      0.0
  114800.000      0.0
  114900.000      0.0
  115000.000      0.0
  115100.000      0.0
  115200.000      0.0
  115300.000      0.0
  115400.000      0.0
  115500.000      0.0
  115600.000      0.0
  115700.000      0.0
  115800.000      0.0
  115900.000      0.0
  116000.000      0.0
  116100.000      0.0
  116200.000      0.0
  116300.000      0.0
  116400.000      0.0
  116500.000      0.0
  116600.000      0.0
  116700.000      0.0
  116800.000      0.0
  116900.000      0.0
  117000.000      0.0
  117100.000      0.0
  117200.000      0.0
  117300.000      0.0
  117400.000      0.0
  117500.000      0.0
  117600.000      0.0
  117700.000      0.0
  117800.000      0.0
  117900.000      0.0
  118000.000      0.0
  118100.000      0.0
  118200.000      0.0
  118300.000      0.0
  118400.000      0.0
  118500.000      0.0
  118600.000      0.0
  118700.000      0.0
  118800.000      0.0
  118900.000      0.0
  119000.000      0.0
  119100.000      0.0
  119200.000      0.0
  119300.000      0.0
  119400.000      0.0
  119500.000      0.0
  119600.000      0.0
  119700.000      0.0
  119800.000      0.0
  119900.000      0.0
  120000.000      0.0
  120100.000      0.0
  120200.000      0.0
  120300.000      0.0
  120400.000      0.0
  120500.000      0.0
  120600.000      0.0
  120700.000      0.0
  120800.000      0.0
  120900.000      0.0
  121000.000      0.0
  121100.000      0.0
  121200.000      0.0
  121300.000      0.0
  121400.000      0.0
  121500.000      0.0
  121600.000      0.0
  121700.000      0.0
  121800.000      0.0
  121900.000      0.0
  122000.000      0.0
  122100.000      0.0
  122200.000      0.0
  122300.000      0.0
  122400.000      0.0
  122500.000      0.0
  122600.000      0.0
  122700.000      0.0
  122800.000      0.0
  122900.000      0.0
  123000.000      0.0
  123100.000      0.0
  123200.000      0.0
  123300.000      0.0
  123400.000      0.0
  123500.000      0.0
  123600.000      0.0
  123700.000      0.0
  123800.000      0.0
  123900.000      0.0
  124000.000      0.0
  124100.000      0.0
  124200.000      0.0
  124300.000      0.0
  124400.000      0.0
  124500.000      0.0
  124600.000      0.0
  124700.000      0.0
  124800.000      0.0
  124900.000      0.0
  125000.000      0.0
  125100.000      0.0
  125200.000      0.0
  125300.000      0.0
  125400.000      0.0
  125500.000      0.0
  125600.000      0.0
  125700.000      0.0
  125800.000      0.0
  125900.000      0.0
  126000.000      0.0
  126100.000      0.0
  126200.000      0.0
  126300.000      0.0
  126400.000      0.0
  126500.000      0.0
  126600.000      0.0
  126700.000      0.0
  126800.000      0.0
  126900.000      0.0
  127000.000      0.0
  127100.000      0.0
  127200.000      0.0
  127300.000      0.0
  127400.000      0.0
  127500.000      0.0
  127600.000      0.0
  127700.000      0.0
  127800.000      0.0
  127900.000      0.0
  128000.000      0.0
  128100.000      0.0
  128200.000      0.0
  128300.000      0.0
  128400.000      0.0
  128500.000      0.0
  128600.000      0.0
  128700.000      0.0
  128800.000      0.0
  128900.000      0.0
  129000.000      0.0
  129100.000      0.0
  129200.000      0.0
  129300.000      0.0
  129400.000      0.0
  129500.000      0.0
  129600.000      0.0
  129700.000      0.0
  129800.000      0.0
  129900.000      0.0
  130000.000      0.0
  130100.000      0.0
  130200.000      0.0
  130300.000      0.0
  130400.000      0.0
  130500.000      0.0
  130600.000      0.0
  130700.000      0.0
  130800.000      0.0
  130900.000      0.0
  131000.000      0.0
  131100.000      0.0
  131200.000      0.0
  131300.000      0.0
  131400.000      0.0
  131500.000      0.0
  131600.000      0.0
  131700.000      0.0
  131800.000      0.0
  131900.000      0.0
  132000.000      0.0
  132100.000      0.0
  132200.000      0.0
  132300.000      0.0
  132400.000      0.0
  132500.000      0.0
  132600.000      0.0
  132700.000      0.0
  132800.000      0.0
  132900.000      0.0
  133000.000      0.0
  133100.000      0.0
  133200.000      0.0
  133300.000      0.0
  133400.000      0.0
  133500.000      0.0
  133600.000      0.0
  133700.000      0.0
  133800.000      0.0
  133900.000      0.0
  134000.000      0.0
  134100.000      0.0
  134200.000      0.0
  134300.000      0.0
  134400.000      0.0
  134500.000      0.0
  134600.000      0.0
  134700.000      0.0
  134800.000      0.0
  134900.000      0.0
  135000.000      0.0
  135100.000      0.0
  135200.000      0.0
  135300.000      0.0
  135400.000      0.0
  135500.000      0.0
  135600.000      0.0
  135700.000      0.0
  135800.000      0.0
  135900.000      0.0
  136000.000      0.0
  136100.000      0.0
  136200.000      0.0
  136300.000      0.0
  136400.000      0.0
  136500.000      0.0
  136600.000      0.0
  136700.000      0.0
  136800.000      0.0
  136900.000      0.0
  137000.000      0.0
  137100.000      0.0
  137200.000      0.0
  137300.000      0.0
  137400.000      0.0
  137500.000      0.0
  137600.000      0.0
  137700.000      0.0
  137800.000      0.0
  137900.000      0.0
  138000.000      0.0
  138100.000      0.0
  138200.000      0.0
  138300.000      0.0
  138400.000      0.0
  138500.000      0.0
  138600.000      0.0
  138700.000      0.0
  138800.000      0.0
  138900.000      0.0
  139000.000      0.0
  139100.000      0.0
  139200.000      0.0
  139300.000      0.0
  139400.000      0.0
  139500.000      0.0
  139600.000      0.0
  139700.000      0.0
  139800.000      0.0
  139900.000      0.0
  140000.000      0.0
  140100.000      0.0
  140200.000      0.0
  140300.000      0.0
  140400.000      0.0
  140500.000      0.0
  140600.000      0.0
  140700.000      0.0
  140800.000      0.0
  140900.000      0.0
  141000.000      0.0
  141100.000      0.0
  141200.000      0.0
  141300.000      0.0
  141400.000      0.0
  141500.000      0.0
  141600.000      0.0
  141700.000      0.0
  141800.000      0.0
  141900.000      0.0
  142000.000      0.0
  142100.000      0.0
  142200.000      0.0
  142300.000      0.0
  142400.000      0.0
  142500.000      0.0
  142600.000      0.0
  142700.000      0.0
  142800.000      0.0
  142900.000      0.0
  143000.000      0.0
  143100.000      0.0
  143200.000      0.0
  143300.000      0.0
  143400.000      0.0
  143500.000      0.0
  143600.000      0.0
  143700.000      0.0
  143800.000      0.0
  143900.000      0.0
  144000.000      0.0
  144100.000      0.0
  144200.000      0.0
  144300.000      0.0
  144400.000      0.0
  144500.000      0.0
  144600.000      0.0
  144700.000      0.0
  144800.000      0.0
  144900.000      0.0
  145000.000      0.0
  145100.000      0.0
  145200.000      0.0
  145300.000      0.0
  145400.000      0.0
  145500.000      0.0
  145600.000      0.0
  145700.000      0.0
  145800.000      0.0
  145900.000      0.0
  146000.000      0.0
  146100.000      0.0
  146200.000      0.0
  146300.000      0.0
  146400.000      0.0
  146500.000      0.0
  146600.000      0.0
  146700.000      0.0
  146800.000      0.0
  146900.000      0.0
  147000.000      0.0
  147100.000      0.0
  147200.000      0.0
  147300.000      0.0
  147400.000      0.0
  147500.000      0.0
  147600.000      0.0
  147700.000      0.0
  147800.000      0.0
  147900.000      0.0
  148000.000      0.0
  148100.000      0.0
  148200.000      0.0
  148300.000      0.0
  148400.000      0.0
  148500.000      0.0
  148600.000      0.0
  148700.000      0.0
  148800.000      0.0
  148900.000      0.0
  149000.000      0.0
  149100.000      0.0
  149200.000      0.0
  149300.000      0.0
  149400.000      0.0
  149500.000      0.0
  149600.000      0.0
  149700.000      0.0
  149800.000      0.0
  149900.000      0.0
  150000.000      0.0
  150100.000      0.0
  150200.000      0.0
  150300.000      0.0
  150400.000      0.0
  150500.000      0.0
  150600.000      0.0
  150700.000      0.0
  150800.000      0.0
  150900.000      0.0
  151000.000      0.0
  151100.000      0.0
  151200.000      0.0
  151300.000      0.0
  151400.000      0.0
  151500.000      0.0
  151600.000      0.0
  151700.000      0.0
  151800.000      0.0
  151900.000      0.0
  152000.000      0.0
  152100.000      0.0
  152200.000      0.0
  152300.000      0.0
  152400.000      0.0
  152500.000      0.0
  152600.000      0.0
  152700.000      0.0
  152800.000      0.0
  152900.000      0.0
  153000.000      0.0
  153100.000      0.0
  153200.000      0.0
  153300.000      0.0
  153400.000      0.0
  153500.000      0.0
  153600.000      0.0
  153700.000      0.0
  153800.000      0.0
  153900.000      0.0
  154000.000      0.0
  154100.000      0.0
  154200.000      0.0
  154300.000      0.0
  154400.000      0.0
  154500.000      0.0
  154600.000      0.0
  154700.000      0.0
  154800.000      0.0
  154900.000      0.0
  155000.000      0.0
  155100.000      0.0
  155200.000      0.0
  155300.000      0.0
  155400.000      0.0
  155500.000      0.0
  155600.000      0.0
  155700.000      0.0
  155800.000      0.0
  155900.000      0.0
  156000.000      0.0
  156100.000      0.0
  156200.000      0.0
  156300.000      0.0
  156400.000      0.0
  156500.000      0.0
  156600.000      0.0
  156700.000      0.0
  156800.000      0.0
  156900.000      0.0
  157000.000      0.0
  157100.000      0.0
  157200.000      0.0
  157300.000      0.0
  157400.000      0.0
  157500.000      0.0
  157600.000      0.0
  157700.000      0.0
  157800.000      0.0
  157900.000      0.0
  158000.000      0.0
  158100.000      0.0
  158200.000      0.0
  158300.000      0.0
  158400.000      0.0
  158500.000      0.0
  158600.000      0.0
  158700.000      0.0
  158800.000      0.0
  158900.000      0.0
  159000.000      0.0
  159100.000      0.0
  159200.000      0.0
  159300.000      0.0
  159400.000      0.0
  159500.000      0.0
  159600.000      0.0
  159700.000      0.0
  159800.000      0.0
  159900.000      0.0
  160000.000      0.0
  160100.000      0.0
  160200.000      0.0
  160300.000      0.0
  160400.000      0.0
  160500.000      0.0
  160600.000      0.0
  160700.000      0.0
  160800.000      0.0
  160900.000      0.0
  161000.000      0.0
  161100.000      0.0
  161200.000      0.0
  161300.000      0.0
  161400.000      0.0
  161500.000      0.0
  161600.000      0.0
  161700.000      0.0
  161800.000      0.0
  161900.000      0.0
  162000.000      0.0
  162100.000      0.0
  162200.000      0.0
  162300.000      0.0
  162400.000      0.0
  162500.000      0.0
  162600.000      0.0
  162700.000      0.0
  162800.000      0.0
  162900.000      0.0
  163000.000      0.0
  163100.000      0.0
  163200.000      0.0
  163300.000      0.0
  163400.000      0.0
  163500.000      0.0
  163600.000      0.0
  163700.000      0.0
  163800.000      0.0
  163900.000      0.0
  164000.000      0.0
  164100.000      0.0
  164200.000      0.0
  164300.000      0.0
  164400.000      0.0
  164500.000      0.0
  164600.000      0.0
  164700.000      0.0
  164800.000      0.0
  164900.000      0.0
  165000.000      0.0
  165100.000      0.0
  165200.000      0.0
  165300.000      0.0
  165400.000      0.0
  165500.000      0.0
  165600.000      0.0
  165700.000      0.0
  165800.000      0.0
  165900.000      0.0
  166000.000      0.0
  166100.000      0.0
  166200.000      0.0
  166300.000      0.0
  166400.000      0.0
  166500.000      0.0
  166600.000      0.0
  166700.000      0.0
  166800.000      0.0
  166900.000      0.0
  167000.000      0.0
  167100.000      0.0
  167200.000      0.0
  167300.000      0.0
  167400.000      0.0
  167500.000      0.0
  167600.000      0.0
  167700.000      0.0
  167800.000      0.0
  167900.000      0.0
  168000.000      0.0
  168100.000      0.0
  168200.000      0.0
  168300.000      0.0
  168400.000      0.0
  168500.000      0.0
  168600.000      0.0
  168700.000      0.0
  168800.000      0.0
  168900.000      0.0
  169000.000      0.0
  169100.000      0.0
  169200.000      0.0
  169300.000      0.0
  169400.000      0.0
  169500.000      0.0
  169600.000      0.0
  169700.000      0.0
  169800.000      0.0
  169900.000      0.0
  170000.000      0.0
  170100.000      0.0
  170200.000      0.0
  170300.000      0.0
  170400.000      0.0
  170500.000      0.0
  170600.000      0.0
  170700.000      0.0
  170800.000      0.0
  170900.000      0.0
  171000.000      0.0
  171100.000      0.0
  171200.000      0.0
  171300.000      0.0
  171400.000      0.0
  171500.000      0.0
  171600.000      0.0
  171700.000      0.0
  171800.000      0.0
  171900.000      0.0
  172000.000      0.0
  172100.000      0.0
  172200.000      0.0
  172300.000      0.0
  172400.000      0.0
  172500.000      0.0
  172600.000      0.0
  172700.000      0.0
  172800.000      0.0
  172900.000      0.0
  173000.000      0.0
  173100.000      0.0
  173200.000      0.0
  173300.000      0.0
  173400.000      0.0
  173500.000      0.0
  173600.000      0.0
  173700.000      0.0
  173800.000      0.0
  173900.000      0.0
  174000.000      0.0
  174100.000      0.0
  174200.000      0.0
  174300.000      0.0
  174400.000      0.0
  174500.000      0.0
  174600.000      0.0
  174700.000      0.0
  174800.000      0.0
  174900.000      0.0
  175000.000      0.0
  175100.000      0.0
  175200.000      0.0
  175300.000      0.0
  175400.000      0.0
  175500.000      0.0
  175600.000      0.0
  175700.000      0.0
  175800.000      0.0
  175900.000      0.0
  176000.000      0.0
  176100.000      0.0
  176200.000      0.0
  176300.000      0.0
  176400.000      0.0
  176500.000      0.0
  176600.000      0.0
  176700.000      0.0
  176800.000      0.0
  176900.000      0.0
  177000.000      0.0
  177100.000      0.0
  177200.000      0.0
  177300.000      0.0
  177400.000      0.0
  177500.000      0.0
  177600.000      0.0
  177700.000      0.0
  177800.000      0.0
  177900.000      0.0
  178000.000      0.0
  178100.000      0.0
  178200.000      0.0
  178300.000      0.0
  178400.000      0.0
  178500.000      0.0
  178600.000      0.0
  178700.000      0.0
  178800.000      0.0
  178900.000      0.0
  179000.000      0.0
  179100.000      0.0
  179200.000      0.0
  179300.000      0.0
  179400.000      0.0
  179500.000      0.0
  179600.000      0.0
  179700.000      0.0
  179800.000      0.0
  179900.000      0.0
  180000.000      0.0
  180100.000      0.0
  180200.000      0.0
  180300.000      0.0
  180400.000      0.0
  180500.000      0.0
  180600.000      0.0
  180700.000      0.0
  180800.000      0.0
  180900.000      0.0
  181000.000      0.0
  181100.000      0.0
  181200.000      0.0
  181300.000      0.0
  181400.000      0.0
  181500.000      0.0
  181600.000      0.0
  181700.000      0.0
  181800.000      0.0
  181900.000      0.0
  182000.000      0.0
  182100.000      0.0
  182200.000      0.0
  182300.000      0.0
  182400.000      0.0
  182500.000      0.0
  182600.000      0.0
  182700.000      0.0
  182800.000      0.0
  182900.000      0.0
  183000.000      0.0
  183100.000      0.0
  183200.000      0.0
  183300.000      0.0
  183400.000      0.0
  183500.000      0.0
  183600.000      0.0
  183700.000      0.0
  183800.000      0.0
  183900.000      0.0
  184000.000      0.0
  184100.000      0.0
  184200.000      0.0
  184300.000      0.0
  184400.000      0.0
  184500.000      0.0
  184600.000      0.0
  184700.000      0.0
  184800.000      0.0
  184900.000      0.0
  185000.000      0.0
  185100.000      0.0
  185200.000      0.0
  185300.000      0.0
  185400.000      0.0
  185500.000      0.0
  185600.000      0.0
  185700.000      0.0
  185800.000      0.0
  185900.000      0.0
  186000.000      0.0
  186100.000      0.0
  186200.000      0.0
  186300.000      0.0
  186400.000      0.0
  186500.000      0.0
  186600.000      0.0
  186700.000      0.0
  186800.000      0.0
  186900.000      0.0
  187000.000      0.0
  187100.000      0.0
  187200.000      0.0
  187300.000      0.0
  187400.000      0.0
  187500.000      0.0
  187600.000      0.0
  187700.000      0.0
  187800.000      0.0
  187900.000      0.0
  188000.000      0.0
  188100.000      0.0
  188200.000      0.0
  188300.000      0.0
  188400.000      0.0
  188500.000      0.0
  188600.000      0.0
  188700.000      0.0
  188800.000      0.0
  188900.000      0.0
  189000.000      0.0
  189100.000      0.0
  189200.000      0.0
  189300.000      0.0
  189400.000      0.0
  189500.000      0.0
  189600.000      0.0
  189700.000      0.0
  189800.000      0.0
  189900.000      0.0
  190000.000      0.0
  190100.000      0.0
  190200.000      0.0
  190300.000      0.0
  190400.000      0.0
  190500.000      0.0
  190600.000      0.0
  190700.000      0.0
  190800.000      0.0
  190900.000      0.0
  191000.000      0.0
  191100.000      0.0
  191200.000      0.0
  191300.000      0.0
  191400.000      0.0
  191500.000      0.0
  191600.000      0.0
  191700.000      0.0
  191800.000      0.0
  191900.000      0.0
  192000.000      0.0
  192100.000      0.0
  192200.000      0.0
  192300.000      0.0
  192400.000      0.0
  192500.000      0.0
  192600.000      0.0
  192700.000      0.0
  192800.000      0.0
  192900.000      0.0
  193000.000      0.0
  193100.000      0.0
  193200.000      0.0
  193300.000      0.0
  193400.000      0.0
  193500.000      0.0
  193600.000      0.0
  193700.000      0.0
  193800.000      0.0
  193900.000      0.0
  194000.000      0.0
  194100.000      0.0
  194200.000      0.0
  194300.000      0.0
  194400.000      0.0
  194500.000      0.0
  194600.000      0.0
  194700.000      0.0
  194800.000      0.0
  194900.000      0.0
  195000.000      0.0
  195100.000      0.0
  195200.000      0.0
  195300.000      0.0
  195400.000      0.0
  195500.000      0.0
  195600.000      0.0
  195700.000      0.0
  195800.000      0.0
  195900.000      0.0
  196000.000      0.0
  196100.000      0.0
  196200.000      0.0
  196300.000      0.0
  196400.000      0.0
  196500.000      0.0
  196600.000      0.0
  196700.000      0.0
  196800.000      0.0
  196900.000      0.0
  197000.000      0.0
  197100.000      0.0
  197200.000      0.0
  197300.000      0.0
  197400.000      0.0
  197500.000      0.0
  197600.000      0.0
  197700.000      0.0
  197800.000      0.0
  197900.000      0.0
  198000.000      0.0
  198100.000      0.0
  198200.000      0.0
  198300.000      0.0
  198400.000      0.0
  198500.000      0.0
  198600.000      0.0
  198700.000      0.0
  198800.000      0.0
  198900.000      0.0
  199000.000      0.0
  199100.000      0.0
  199200.000      0.0
  199300.000      0.0
  199400.000      0.0
  199500.000      0.0
  199600.000      0.0
  199700.000      0.0
  199800.000      0.0
  199900.000      0.0
  200000.000      0.0
  200100.000      0.0
  200200.000      0.0
  200300.000      0.0
  200400.000      0.0
  200500.000      0.0
  200600.000      0.0
  200700.000      0.0
  200800.000      0.0
  200900.000      0.0
  201000.000      0.0
  201100.000      0.0
  201200.000      0.0
  201300.000      0.0
  201400.000      0.0
  201500.000      0.0
  201600.000      0.0
  201700.000      0.0
  201800.000      0.0
  201900.000      0.0
  202000.000      0.0
  202100.000      0.0
  202200.000      0.0
  202300.000      0.0
  202400.000      0.0
  202500.000      0.0
  202600.000      0.0
  202700.000      0.0
  202800.000      0.0
  202900.000      0.0
  203000.000      0.0
  203100.000      0.0
  203200.000      0.0
  203300.000      0.0
  203400.000      0.0
  203500.000      0.0
  203600.000      0.0
  203700.000      0.0
  203800.000      0.0
  203900.000      0.0
  204000.000      0.0
  204100.000      0.0
  204200.000      0.0
  204300.000      0.0
  204400.000      0.0
  204500.000      0.0
  204600.000      0.0
  204700.000      0.0
  204800.000      0.0
  204900.000      0.0
  205000.000      0.0
  205100.000      0.0
  205200.000      0.0
  205300.000      0.0
  205400.000      0.0
  205500.000      0.0
  205600.000      0.0
  205700.000      0.0
  205800.000      0.0
  205900.000      0.0
  206000.000      0.0
  206100.000      0.0
  206200.000      0.0
  206300.000      0.0
  206400.000      0.0
  206500.000      0.0
  206600.000      0.0
  206700.000      0.0
  206800.000      0.0
  206900.000      0.0
  207000.000      0.0
  207100.000      0.0
  207200.000      0.0
  207300.000      0.0
  207400.000      0.0
  207500.000      0.0
  207600.000      0.0
  207700.000      0.0
  207800.000      0.0
  207900.000      0.0
  208000.000      0.0
  208100.000      0.0
  208200.000      0.0
  208300.000      0.0
  208400.000      0.0
  208500.000      0.0
  208600.000      0.0
  208700.000      0.0
  208800.000      0.0
  208900.000      0.0
  209000.000      0.0
  209100.000      0.0
  209200.000      0.0
  209300.000      0.0
  209400.000      0.0
  209500.000      0.0
  209600.000      0.0
  209700.000      0.0
  209800.000      0.0
  209900.000      0.0
  210000.000      0.0
  210100.000      0.0
  210200.000      0.0
  210300.000      0.0
  210400.000      0.0
  210500.000      0.0
  210600.000      0.0
  210700.000      0.0
  210800.000      0.0
  210900.000      0.0
  211000.000      0.0
  211100.000      0.0
  211200.000      0.0
  211300.000      0.0
  211400.000      0.0
  211500.000      0.0
  211600.000      0.0
  211700.000      0.0
  211800.000      0.0
  211900.000      0.0
  212000.000      0.0
  212100.000      0.0
  212200.000      0.0
  212300.000      0.0
  212400.000      0.0
  212500.000      0.0
  212600.000      0.0
  212700.000      0.0
  212800.000      0.0
  212900.000      0.0
  213000.000      0.0
  213100.000      0.0
  213200.000      0.0
  213300.000      0.0
  213400.000      0.0
  213500.000      0.0
  213600.000      0.0
  213700.000      0.0
  213800.000      0.0
  213900.000      0.0
  214000.000      0.0
  214100.000      0.0
  214200.000      0.0
  214300.000      0.0
  214400.000      0.0
  214500.000      0.0
  214600.000      0.0
  214700.000      0.0
  214800.000      0.0
  214900.000      0.0
  215000.000      0.0
  215100.000      0.0
  215200.000      0.0
  215300.000      0.0
  215400.000      0.0
  215500.000      0.0
  215600.000      0.0
  215700.000      0.0
  215800.000      0.0
  215900.000      0.0
  216000.000      0.0
  216100.000      0.0
  216200.000      0.0
  216300.000      0.0
  216400.000      0.0
  216500.000      0.0
  216600.000      0.0
  216700.000      0.0
  216800.000      0.0
  216900.000      0.0
  217000.000      0.0
  217100.000      0.0
  217200.000      0.0
  217300.000      0.0
  217400.000      0.0
  217500.000      0.0
  217600.000      0.0
  217700.000      0.0
  217800.000      0.0
  217900.000      0.0
  218000.000      0.0
  218100.000      0.0
  218200.000      0.0
  218300.000      0.0
  218400.000      0.0
  218500.000      0.0
  218600.000      0.0
  218700.000      0.0
  218800.000      0.0
  218900.000      0.0
  219000.000      0.0
  219100.000      0.0
  219200.000      0.0
  219300.000      0.0
  219400.000      0.0
  219500.000      0.0
  219600.000      0.0
  219700.000      0.0
  219800.000      0.0
  219900.000      0.0
  220000.000      0.0
  220100.000      0.0
  220200.000      0.0
  220300.000      0.0
  220400.000      0.0
  220500.000      0.0
  220600.000      0.0
  220700.000      0.0
  220800.000      0.0
  220900.000      0.0
  221000.000      0.0
  221100.000      0.0
  221200.000      0.0
  221300.000      0.0
  221400.000      0.0
  221500.000      0.0
  221600.000      0.0
  221700.000      0.0
  221800.000      0.0
  221900.000      0.0
  222000.000      0.0
  222100.000      0.0
  222200.000      0.0
  222300.000      0.0
  222400.000      0.0
  222500.000      0.0
  222600.000      0.0
  222700.000      0.0
  222800.000      0.0
  222900.000      0.0
  223000.000      0.0
  223100.000      0.0
  223200.000      0.0
  223300.000      0.0
  223400.000      0.0
  223500.000      0.0
  223600.000      0.0
  223700.000      0.0
  223800.000      0.0
  223900.000      0.0
  224000.000      0.0
  224100.000      0.0
  224200.000      0.0
  224300.000      0.0
  224400.000      0.0
  224500.000      0.0
  224600.000      0.0
  224700.000      0.0
  224800.000      0.0
  224900.000      0.0
  225000.000      0.0
  225100.000      0.0
  225200.000      0.0
  225300.000      0.0
  225400.000      0.0
  225500.000      0.0
  225600.000      0.0
  225700.000      0.0
  225800.000      0.0
  225900.000      0.0
  226000.000      0.0
  226100.000      0.0
  226200.000      0.0
  226300.000      0.0
  226400.000      0.0
  226500.000      0.0
  226600.000      0.0
  226700.000      0.0
  226800.000      0.0
  226900.000      0.0
  227000.000      0.0
  227100.000      0.0
  227200.000      0.0
  227300.000      0.0
  227400.000      0.0
  227500.000      0.0
  227600.000      0.0
  227700.000      0.0
  227800.000      0.0
  227900.000      0.0
  228000.000      0.0
  228100.000      0.0
  228200.000      0.0
  228300.000      0.0
  228400.000      0.0
  228500.000      0.0
  228600.000      0.0
  228700.000      0.0
  228800.000      0.0
  228900.000      0.0
  229000.000      0.0
  229100.000      0.0
  229200.000      0.0
  229300.000      0.0
  229400.000      0.0
  229500.000      0.0
  229600.000      0.0
  229700.000      0.0
  229800.000      0.0
  229900.000      0.0
  230000.000      0.0
  230100.000      0.0
  230200.000      0.0
  230300.000      0.0
  230400.000      0.0
  230500.000      0.0
  230600.000      0.0
  230700.000      0.0
  230800.000      0.0
  230900.000      0.0
  231000.000      0.0
  231100.000      0.0
  231200.000      0.0
  231300.000      0.0
  231400.000      0.0
  231500.000      0.0
  231600.000      0.0
  231700.000      0.0
  231800.000      0.0
  231900.000      0.0
  232000.000      0.0
  232100.000      0.0
  232200.000      0.0
  232300.000      0.0
  232400.000      0.0
  232500.000      0.0
  232600.000      0.0
  232700.000      0.0
  232800.000      0.0
  232900.000      0.0
  233000.000      0.0
  233100.000      0.0
  233200.000      0.0
  233300.000      0.0
  233400.000      0.0
  233500.000      0.0
  233600.000      0.0
  233700.000      0.0
  233800.000      0.0
  233900.000      0.0
  234000.000      0.0
  234100.000      0.0
  234200.000      0.0
  234300.000      0.0
  234400.000      0.0
  234500.000      0.0
  234600.000      0.0
  234700.000      0.0
  234800.000      0.0
  234900.000      0.0
  235000.000      0.0
  235100.000      0.0
  235200.000      0.0
  235300.000      0.0
  235400.000      0.0
  235500.000      0.0
  235600.000      0.0
  235700.000      0.0
  235800.000      0.0
  235900.000      0.0
  236000.000      0.0
  236100.000      0.0
  236200.000      0.0
  236300.000      0.0
  236400.000      0.0
  236500.000      0.0
  236600.000      0.0
  236700.000      0.0
  236800.000      0.0
  236900.000      0.0
  237000.000      0.0
  237100.000      0.0
  237200.000      0.0
  237300.000      0.0
  237400.000      0.0
  237500.000      0.0
  237600.000      0.0
  237700.000      0.0
  237800.000      0.0
  237900.000      0.0
  238000.000      0.0
  238100.000      0.0
  238200.000      0.0
  238300.000      0.0
  238400.000      0.0
  238500.000      0.0
  238600.000      0.0
  238700.000      0.0
  238800.000      0.0
  238900.000      0.0
  239000.000      0.0
  239100.000      0.0
  239200.000      0.0
  239300.000      0.0
  239400.000      0.0
  239500.000      0.0
  239600.000      0.0
  239700.000      0.0
  239800.000      0.0
  239900.000      0.0
  240000.000      0.0
  240100.000      0.0
  240200.000      0.0
  240300.000      0.0
  240400.000      0.0
  240500.000      0.0
  240600.000      0.0
  240700.000      0.0
  240800.000      0.0
  240900.000      0.0
  241000.000      0.0
  241100.000      0.0
  241200.000      0.0
  241300.000      0.0
  241400.000      0.0
  241500.000      0.0
  241600.000      0.0
  241700.000      0.0
  241800.000      0.0
  241900.000      0.0
  242000.000      0.0
  242100.000      0.0
  242200.000      0.0
  242300.000      0.0
  242400.000      0.0
  242500.000      0.0
  242600.000      0.0
  242700.000      0.0
  242800.000      0.0
  242900.000      0.0
  243000.000      0.0
  243100.000      0.0
  243200.000      0.0
  243300.000      0.0
  243400.000      0.0
  243500.000      0.0
  243600.000      0.0
  243700.000      0.0
  243800.000      0.0
  243900.000      0.0
  244000.000      0.0
  244100.000      0.0
  244200.000      0.0
  244300.000      0.0
  244400.000      0.0
  244500.000      0.0
  244600.000      0.0
  244700.000      0.0
  244800.000      0.0
  244900.000      0.0
  245000.000      0.0
  245100.000      0.0
  245200.000      0.0
  245300.000      0.0
  245400.000      0.0
  245500.000      0.0
  245600.000      0.0
  245700.000      0.0
  245800.000      0.0
  245900.000      0.0
  246000.000      0.0
  246100.000      0.0
  246200.000      0.0
  246300.000      0.0
  246400.000      0.0
  246500.000      0.0
  246600.000      0.0
  246700.000      0.0
  246800.000      0.0
  246900.000      0.0
  247000.000      0.0
  247100.000      0.0
  247200.000      0.0
  247300.000      0.0
  247400.000      0.0
  247500.000      0.0
  247600.000      0.0
  247700.000      0.0
  247800.000      0.0
  247900.000      0.0
  248000.000      0.0
  248100.000      0.0
  248200.000      0.0
  248300.000      0.0
  248400.000      0.0
  248500.000      0.0
  248600.000      0.0
  248700.000      0.0
  248800.000      0.0
  248900.000      0.0
  249000.000      0.0
  249100.000      0.0
  249200.000      0.0
  249300.000      0.0
  249400.000      0.0
  249500.000      0.0
  249600.000      0.0
  249700.000      0.0
  249800.000      0.0
  249900.000      0.0
  250000.000      0.0
  250100.000      0.0
  250200.000      0.0
  250300.000      0.0
  250400.000      0.0
  250500.000      0.0
  250600.000      0.0
  250700.000      0.0
  250800.000      0.0
  250900.000      0.0
  251000.000      0.0
  251100.000      0.0
  251200.000      0.0
  251300.000      0.0
  251400.000      0.0
  251500.000      0.0
  251600.000      0.0
  251700.000      0.0
  251800.000      0.0
  251900.000      0.0
  252000.000      0.0
  252100.000      0.0
  252200.000      0.0
  252300.000      0.0
  252400.000      0.0
  252500.000      0.0
  252600.000      0.0
  252700.000      0.0
  252800.000      0.0
  252900.000      0.0
  253000.000      0.0
  253100.000      0.0
  253200.000      0.0
  253300.000      0.0
  253400.000      0.0
  253500.000      0.0
  253600.000      0.0
  253700.000      0.0
  253800.000      0.0
  253900.000      0.0
  254000.000      0.0
  254100.000      0.0
  254200.000      0.0
  254300.000      0.0
  254400.000      0.0
  254500.000      0.0
  254600.000      0.0
  254700.000      0.0
  254800.000      0.0
  254900.000      0.0
  255000.000      0.0
  255100.000      0.0
  255200.000      0.0
  255300.000      0.0
  255400.000      0.0
  255500.000      0.0
  255600.000      0.0
  255700.000      0.0
  255800.000      0.0
  255900.000      0.0
  256000.000      0.0
  256100.000      0.0
  256200.000      0.0
  256300.000      0.0
  256400.000      0.0
  256500.000      0.0
  256600.000      0.0
  256700.000      0.0
  256800.000      0.0
  256900.000      0.0
  257000.000      0.0
  257100.000      0.0
  257200.000      0.0
  257300.000      0.0
  257400.000      0.0
  257500.000      0.0
  257600.000      0.0
  257700.000      0.0
  257800.000      0.0
  257900.000      0.0
  258000.000      0.0
  258100.000      0.0
  258200.000      0.0
  258300.000      0.0
  258400.000      0.0
  258500.000      0.0
  258600.000      0.0
  258700.000      0.0
  258800.000      0.0
  258900.000      0.0
  259000.000      0.0
  259100.000      0.0
  259200.000      0.0
  259300.000      0.0
  259400.000      0.0
  259500.000      0.0
  259600.000      0.0
  259700.000      0.0
  259800.000      0.0
  259900.000      0.0
  260000.000      0.0
  260100.000      0.0
  260200.000      0.0
  260300.000      0.0
  260400.000      0.0
  260500.000      0.0
  260600.000      0.0
  260700.000      0.0
  260800.000      0.0
  260900.000      0.0
  261000.000      0.0
  261100.000      0.0
  261200.000      0.0
  261300.000      0.0
  261400.000      0.0
  261500.000      0.0
  261600.000      0.0
  261700.000      0.0
  261800.000      0.0
  261900.000      0.0
  262000.000      0.0
  262100.000      0.0
  262200.000      0.0
  262300.000      0.0
  262400.000      0.0
  262500.000      0.0
  262600.000      0.0
  262700.000      0.0
  262800.000      0.0
  262900.000      0.0
  263000.000      0.0
  263100.000      0.0
  263200.000      0.0
  263300.000      0.0
  263400.000      0.0
  263500.000      0.0
  263600.000      0.0
  263700.000      0.0
  263800.000      0.0
  263900.000      0.0
  264000.000      0.0
  264100.000      0.0
  264200.000      0.0
  264300.000      0.0
  264400.000      0.0
  264500.000      0.0
  264600.000      0.0
  264700.000      0.0
  264800.000      0.0
  264900.000      0.0
  265000.000      0.0
  265100.000      0.0
  265200.000      0.0
  265300.000      0.0
  265400.000      0.0
  265500.000      0.0
  265600.000      0.0
  265700.000      0.0
  265800.000      0.0
  265900.000      0.0
  266000.000      0.0
  266100.000      0.0
  266200.000      0.0
  266300.000      0.0
  266400.000      0.0
  266500.000      0.0
  266600.000      0.0
  266700.000      0.0
  266800.000      0.0
  266900.000      0.0
  267000.000      0.0
  267100.000      0.0
  267200.000      0.0
  267300.000      0.0
  267400.000      0.0
  267500.000      0.0
  267600.000      0.0
  267700.000      0.0
  267800.000      0.0
  267900.000      0.0
  268000.000      0.0
  268100.000      0.0
  268200.000      0.0
  268300.000      0.0
  268400.000      0.0
  268500.000      0.0
  268600.000      0.0
  268700.000      0.0
  268800.000      0.0
  268900.000      0.0
  269000.000      0.0
  269100.000      0.0
  269200.000      0.0
  269300.000      0.0
  269400.000      0.0
  269500.000      0.0
  269600.000      0.0
  269700.000      0.0
  269800.000      0.0
  269900.000      0.0
  270000.000      0.0
  270100.000      0.0
  270200.000      0.0
  270300.000      0.0
  270400.000      0.0
  270500.000      0.0
  270600.000      0.0
  270700.000      0.0
  270800.000      0.0
  270900.000      0.0
  271000.000      0.0
  271100.000      0.0
  271200.000      0.0
  271300.000      0.0
  271400.000      0.0
  271500.000      0.0
  271600.000      0.0
  271700.000      0.0
  271800.000      0.0
  271900.000      0.0
  272000.000      0.0
  272100.000      0.0
  272200.000      0.0
  272300.000      0.0
  272400.000      0.0
  272500.000      0.0
  272600.000      0.0
  272700.000      0.0
  272800.000      0.0
  272900.000      0.0
  273000.000      0.0
  273100.000      0.0
  273200.000      0.0
  273300.000      0.0
  273400.000      0.0
  273500.000      0.0
  273600.000      0.0
  273700.000      0.0
  273800.000      0.0
  273900.000      0.0
  274000.000      0.0
  274100.000      0.0
  274200.000      0.0
  274300.000      0.0
  274400.000      0.0
  274500.000      0.0
  274600.000      0.0
  274700.000      0.0
  274800.000      0.0
  274900.000      0.0
  275000.000      0.0
  275100.000      0.0
  275200.000      0.0
  275300.000      0.0
  275400.000      0.0
  275500.000      0.0
  275600.000      0.0
  275700.000      0.0
  275800.000      0.0
  275900.000      0.0
  276000.000      0.0
  276100.000      0.0
  276200.000      0.0
  276300.000      0.0
  276400.000      0.0
  276500.000      0.0
  276600.000      0.0
  276700.000      0.0
  276800.000      0.0
  276900.000      0.0
  277000.000      0.0
  277100.000      0.0
  277200.000      0.0
  277300.000      0.0
  277400.000      0.0
  277500.000      0.0
  277600.000      0.0
  277700.000      0.0
  277800.000      0.0
  277900.000      0.0
  278000.000      0.0
  278100.000      0.0
  278200.000      0.0
  278300.000      0.0
  278400.000      0.0
  278500.000      0.0
  278600.000      0.0
  278700.000      0.0
  278800.000      0.0
  278900.000      0.0
  279000.000      0.0
  279100.000      0.0
  279200.000      0.0
  279300.000      0.0
  279400.000      0.0
  279500.000      0.0
  279600.000      0.0
  279700.000      0.0
  279800.000      0.0
  279900.000      0.0
  280000.000      0.0
  280100.000      0.0
  280200.000      0.0
  280300.000      0.0
  280400.000      0.0
  280500.000      0.0
  280600.000      0.0
  280700.000      0.0
  280800.000      0.0
  280900.000      0.0
  281000.000      0.0
  281100.000      0.0
  281200.000      0.0
  281300.000      0.0
  281400.000      0.0
  281500.000      0.0
  281600.000      0.0
  281700.000      0.0
  281800.000      0.0
  281900.000      0.0
  282000.000      0.0
  282100.000      0.0
  282200.000      0.0
  282300.000      0.0
  282400.000      0.0
  282500.000      0.0
  282600.000      0.0
  282700.000      0.0
  282800.000      0.0
  282900.000      0.0
  283000.000      0.0
  283100.000      0.0
  283200.000      0.0
  283300.000      0.0
  283400.000      0.0
  283500.000      0.0
  283600.000      0.0
  283700.000      0.0
  283800.000      0.0
  283900.000      0.0
  284000.000      0.0
  284100.000      0.0
  284200.000      0.0
  284300.000      0.0
  284400.000      0.0
  284500.000      0.0
  284600.000      0.0
  284700.000      0.0
  284800.000      0.0
  284900.000      0.0
  285000.000      0.0
  285100.000      0.0
  285200.000      0.0
  285300.000      0.0
  285400.000      0.0
  285500.000      0.0
  285600.000      0.0
  285700.000      0.0
  285800.000      0.0
  285900.000      0.0
  286000.000      0.0
  286100.000      0.0
  286200.000      0.0
  286300.000      0.0
  286400.000      0.0
  286500.000      0.0
  286600.000      0.0
  286700.000      0.0
  286800.000      0.0
  286900.000      0.0
  287000.000      0.0
  287100.000      0.0
  287200.000      0.0
  287300.000      0.0
  287400.000      0.0
  287500.000      0.0
  287600.000      0.0
  287700.000      0.0
  287800.000      0.0
  287900.000      0.0
  288000.000      0.0
  288100.000      0.0
  288200.000      0.0
  288300.000      0.0
  288400.000      0.0
  288500.000      0.0
  288600.000      0.0
  288700.000      0.0
  288800.000      0.0
  288900.000      0.0
  289000.000      0.0
  289100.000      0.0
  289200.000      0.0
  289300.000      0.0
  289400.000      0.0
  289500.000      0.0
  289600.000      0.0
  289700.000      0.0
  289800.000      0.0
  289900.000      0.0
  290000.000      0.0
  290100.000      0.0
  290200.000      0.0
  290300.000      0.0
  290400.000      0.0
  290500.000      0.0
  290600.000      0.0
  290700.000      0.0
  290800.000      0.0
  290900.000      0.0
  291000.000      0.0
  291100.000      0.0
  291200.000      0.0
  291300.000      0.0
  291400.000      0.0
  291500.000      0.0
  291600.000      0.0
  291700.000      0.0
  291800.000      0.0
  291900.000      0.0
  292000.000      0.0
  292100.000      0.0
  292200.000      0.0
  292300.000      0.0
  292400.000      0.0
  292500.000      0.0
  292600.000      0.0
  292700.000      0.0
  292800.000      0.0
  292900.000      0.0
  293000.000      0.0
  293100.000      0.0
  293200.000      0.0
  293300.000      0.0
  293400.000      0.0
  293500.000      0.0
  293600.000      0.0
  293700.000      0.0
  293800.000      0.0
  293900.000      0.0
  294000.000      0.0
  294100.000      0.0
  294200.000      0.0
  294300.000      0.0
  294400.000      0.0
  294500.000      0.0
  294600.000      0.0
  294700.000      0.0
  294800.000      0.0
  294900.000      0.0
  295000.000      0.0
  295100.000      0.0
  295200.000      0.0
  295300.000      0.0
  295400.000      0.0
  295500.000      0.0
  295600.000      0.0
  295700.000      0.0
  295800.000      0.0
  295900.000      0.0
  296000.000      0.0
  296100.000      0.0
  296200.000      0.0
  296300.000      0.0
  296400.000      0.0
  296500.000      0.0
  296600.000      0.0
  296700.000      0.0
  296800.000      0.0
  296900.000      0.0
  297000.000      0.0
  297100.000      0.0
  297200.000      0.0
  297300.000      0.0
  297400.000      0.0
  297500.000      0.0
  297600.000      0.0
  297700.000      0.0
  297800.000      0.0
  297900.000      0.0
  298000.000      0.0
  298100.000      0.0
  298200.000      0.0
  298300.000      0.0
  298400.000      0.0
  298500.000      0.0
  298600.000      0.0
  298700.000      0.0
  298800.000      0.0
  298900.000      0.0
  299000.000      0.0
  299100.000      0.0
  299200.000      0.0
  299300.000      0.0
  299400.000      0.0
  299500.000      0.0
  299600.000      0.0
  299700.000      0.0
  299800.000      0.0
  299900.000      0.0
  300000.000      0.0
  300100.000      0.0
  300200.000      0.0
  300300.000      0.0
  300400.000      0.0
  300500.000      0.0
  300600.000      0.0
  300700.000      0.0
  300800.000      0.0
  300900.000      0.0
  301000.000      0.0
  301100.000      0.0
  301200.000      0.0
  301300.000      0.0
  301400.000      0.0
  301500.000      0.0
  301600.000      0.0
  301700.000      0.0
  301800.000      0.0
  301900.000      0.0
  302000.000      0.0
  302100.000      0.0
  302200.000      0.0
  302300.000      0.0
  302400.000      0.0
  302500.000      0.0
  302600.000      0.0
  302700.000      0.0
  302800.000      0.0
  302900.000      0.0
  303000.000      0.0
  303100.000      0.0
  303200.000      0.0
  303300.000      0.0
  303400.000      0.0
  303500.000      0.0
  303600.000      0.0
  303700.000      0.0
  303800.000      0.0
  303900.000      0.0
  304000.000      0.0
  304100.000      0.0
  304200.000      0.0
  304300.000      0.0
  304400.000      0.0
  304500.000      0.0
  304600.000      0.0
  304700.000      0.0
  304800.000      0.0
  304900.000      0.0
  305000.000      0.0
  305100.000      0.0
  305200.000      0.0
  305300.000      0.0
  305400.000      0.0
  305500.000      0.0
  305600.000      0.0
  305700.000      0.0
  305800.000      0.0
  305900.000      0.0
  306000.000      0.0
  306100.000      0.0
  306200.000      0.0
  306300.000      0.0
  306400.000      0.0
  306500.000      0.0
  306600.000      0.0
  306700.000      0.0
  306800.000      0.0
  306900.000      0.0
  307000.000      0.0
  307100.000      0.0
  307200.000      0.0
  307300.000      0.0
  307400.000      0.0
  307500.000      0.0
  307600.000      0.0
  307700.000      0.0
  307800.000      0.0
  307900.000      0.0
  308000.000      0.0
  308100.000      0.0
  308200.000      0.0
  308300.000      0.0
  308400.000      0.0
  308500.000      0.0
  308600.000      0.0
  308700.000      0.0
  308800.000      0.0
  308900.000      0.0
  309000.000      0.0
  309100.000      0.0
  309200.000      0.0
  309300.000      0.0
  309400.000      0.0
  309500.000      0.0
  309600.000      0.0
  309700.000      0.0
  309800.000      0.0
  309900.000      0.0
  310000.000      0.0
  310100.000      0.0
  310200.000      0.0
  310300.000      0.0
  310400.000      0.0
  310500.000      0.0
  310600.000      0.0
  310700.000      0.0
  310800.000      0.0
  310900.000      0.0
  311000.000      0.0
  311100.000      0.0
  311200.000      0.0
  311300.000      0.0
  311400.000      0.0
  311500.000      0.0
  311600.000      0.0
  311700.000      0.0
  311800.000      0.0
  311900.000      0.0
  312000.000      0.0
  312100.000      0.0
  312200.000      0.0
  312300.000      0.0
  312400.000      0.0
  312500.000      0.0
  312600.000      0.0
  312700.000      0.0
  312800.000      0.0
  312900.000      0.0
  313000.000      0.0
  313100.000      0.0
  313200.000      0.0
  313300.000      0.0
  313400.000      0.0
  313500.000      0.0
  313600.000      0.0
  313700.000      0.0
  313800.000      0.0
  313900.000      0.0
  314000.000      0.0
  314100.000      0.0
  314200.000      0.0
  314300.000      0.0
  314400.000      0.0
  314500.000      0.0
  314600.000      0.0
  314700.000      0.0
  314800.000      0.0
  314900.000      0.0
  315000.000      0.0
  315100.000      0.0
  315200.000      0.0
  315300.000      0.0
  315400.000      0.0
  315500.000      0.0
  315600.000      0.0
  315700.000      0.0
  315800.000      0.0
  315900.000      0.0
  316000.000      0.0
  316100.000      0.0
  316200.000      0.0
  316300.000      0.0
  316400.000      0.0
  316500.000      0.0
  316600.000      0.0
  316700.000      0.0
  316800.000      0.0
  316900.000      0.0
  317000.000      0.0
  317100.000      0.0
  317200.000      0.0
  317300.000      0.0
  317400.000      0.0
  317500.000      0.0
  317600.000      0.0
  317700.000      0.0
  317800.000      0.0
  317900.000      0.0
  318000.000      0.0
  318100.000      0.0
  318200.000      0.0
  318300.000      0.0
  318400.000      0.0
  318500.000      0.0
  318600.000      0.0
  318700.000      0.0
  318800.000      0.0
  318900.000      0.0
  319000.000      0.0
  319100.000      0.0
  319200.000      0.0
  319300.000      0.0
  319400.000      0.0
  319500.000      0.0
  319600.000      0.0
  319700.000      0.0
  319800.000      0.0
  319900.000      0.0
  320000.000      0.0
