   20100.000     301.01
   20200.000     301.14
   20300.000     300.88
   20400.000     301.09
   20500.000     298.57
   20600.000     299.66
   20700.000     300.18
   20800.000     300.00
   20900.000     300.47
   21000.000     301.25
   21100.000     301.75
   21200.000     298.63
   21300.000     301.16
   21400.000     300.95
   21500.000     300.10
   21600.000     298.71
   21700.000     300.05
   21800.000     298.66
   21900.000     298.71
   22000.000     299.96
   22100.000     301.04
   22200.000     300.85
   22300.000     301.74
   22400.000     300.49
   22500.000     299.45
   22600.000     299.54
   22700.000     299.56
   22800.000     302.06
   22900.000     302.34
   23000.000     301.33
   23100.000     300.57
   23200.000     302.02
   23300.000     299.67
   23400.000     301.50
   23500.000     300.29
   23600.000     302.97
   23700.000     300.43
   23800.000     302.20
   23900.000     299.77
   24000.000     300.03
   24100.000     300.53
   24200.000     300.67
   24300.000     299.06
   24400.000     300.63
   24500.000     299.62
   24600.000     301.02
   24700.000     298.98
   24800.000     299.90
   24900.000     298.68
   25000.000     299.33
   25100.000     300.76
   25200.000     301.85
   25300.000     300.45
   25400.000     300.39
   25500.000     300.15
   25600.000     298.93
   25700.000     300.61
   25800.000     300.14
   25900.000     301.12
   26000.000     298.77
   26100.000     300.36
   26200.000     299.95
   26300.000     300.40
   26400.000     298.24
   26500.000     300.61
   26600.000     299.87
   26700.000     297.84
   26800.000     299.53
   26900.000     299.90
   27000.000     299.83
   27100.000     300.65
   27200.000     299.33
   27300.000     298.14
   27400.000     301.67
   27500.000     301.15
   27600.000     300.03
   27700.000     300.50
   27800.000     299.82
   27900.000     298.83
   28000.000     297.66
   28100.000     299.73
   28200.000     299.99
   28300.000     299.20
   28400.000     301.35
   28500.000     300.60
   28600.000     298.45
   28700.000     300.67
   28800.000     301.99
   28900.000     300.71
   29000.000     298.82
   29100.000     298.23
   29200.000     300.53
   29300.000     301.31
   29400.000     300.67
   29500.000     300.29
   29600.000     302.37
   29700.000     301.61
   29800.000     300.51
   29900.000     300.36
   30000.000     301.38
   30100.000     301.90
   30200.000     300.20
   30300.000     298.48
   30400.000     299.57
   30500.000     300.21
   30600.000     299.70
   30700.000     301.10
   30800.000     298.52
   30900.000     300.69
   31000.000     300.00
   31100.000     299.65
   31200.000     299.27
   31300.000     302.55
   31400.000     299.40
   31500.000     298.68
   31600.000     302.03
   31700.000     302.17
   31800.000     299.80
   31900.000     298.62
   32000.000     299.96
   32100.000     300.76
   32200.000     300.11
   32300.000     301.41
   32400.000     300.16
   32500.000     300.13
   32600.000     299.41
   32700.000     299.68
   32800.000     300.13
   32900.000     299.49
   33000.000     300.51
   33100.000     299.96
   33200.000     300.00
   33300.000     299.11
   33400.000     299.55
   33500.000     299.64
   33600.000     299.39
   33700.000     300.34
   33800.000     298.81
   33900.000     301.03
   34000.000     302.01
   34100.000     299.50
   34200.000     299.76
   34300.000     301.56
   34400.000     299.37
   34500.000     297.73
   34600.000     300.59
   34700.000     301.42
   34800.000     299.84
   34900.000     299.91
   35000.000     299.70
   35100.000     300.68
   35200.000     301.41
   35300.000     298.96
   35400.000     299.29
   35500.000     300.80
   35600.000     299.79
   35700.000     300.37
   35800.000     300.55
   35900.000     298.12
   36000.000     301.16
   36100.000     298.81
   36200.000     301.28
   36300.000     299.48
   36400.000     300.28
   36500.000     298.59
   36600.000     300.31
   36700.000     299.42
   36800.000     302.83
   36900.000     298.59
   37000.000     300.75
   37100.000     300.25
   37200.000     300.85
   37300.000     300.33
   37400.000     299.13
   37500.000     299.83
   37600.000     299.64
   37700.000     302.68
   37800.000     299.59
   37900.000     299.12
   38000.000     300.84
   38100.000     300.97
   38200.000     298.90
   38300.000     299.45
   38400.000     298.98
   38500.000     300.96
   38600.000     300.69
   38700.000     299.65
   38800.000     297.74
   38900.000     299.41
   39000.000     300.51
   39100.000     300.70
   39200.000     301.47
   39300.000     300.07
   39400.000     301.40
   39500.000     299.42
   39600.000     301.09
   39700.000     298.78
   39800.000     300.06
   39900.000     299.35
   40000.000     300.29
   40100.000     302.48
   40200.000     300.71
   40300.000     301.21
   40400.000     299.78
   40500.000     299.75
   40600.000     301.14
   40700.000     300.67
   40800.000     300.91
   40900.000     300.98
   41000.000     300.74
   41100.000     299.99
   41200.000     300.58
   41300.000     299.75
   41400.000     300.35
   41500.000     299.00
   41600.000     301.50
   41700.000     297.83
   41800.000     299.04
   41900.000     299.25
   42000.000     298.81
   42100.000     299.84
   42200.000     299.58
   42300.000     300.01
   42400.000     299.25
   42500.000     301.33
   42600.000     298.41
   42700.000     299.85
   42800.000     298.56
   42900.000     300.92
   43000.000     300.14
   43100.000     298.60
   43200.000     299.25
   43300.000     299.69
   43400.000     299.72
   43500.000     299.25
   43600.000     299.78
   43700.000     298.44
   43800.000     301.39
   43900.000     301.42
   44000.000     299.49
   44100.000     300.30
   44200.000     299.29
   44300.000     298.57
   44400.000     300.67
   44500.000     299.41
   44600.000     300.26
   44700.000     300.89
   44800.000     301.19
   44900.000     300.15
   45000.000     301.09
   45100.000     299.23
   45200.000     300.20
   45300.000     301.66
   45400.000     300.09
   45500.000     298.17
   45600.000     298.37
   45700.000     299.12
   45800.000     301.40
   45900.000     299.71
   46000.000     299.54
   46100.000     300.03
   46200.000     298.11
   46300.000     299.61
   46400.000     300.13
   46500.000     298.78
   46600.000     300.35
   46700.000     300.12
   46800.000     299.20
   46900.000     300.08
   47000.000     299.72
   47100.000     300.73
   47200.000     299.70
   47300.000     298.65
   47400.000     298.37
   47500.000     300.78
   47600.000     299.74
   47700.000     299.37
   47800.000     299.63
   47900.000     298.84
   48000.000     299.63
   48100.000     300.06
   48200.000     299.72
   48300.000     301.67
   48400.000     299.88
   48500.000     299.83
   48600.000     300.98
   48700.000     299.29
   48800.000     299.68
   48900.000     299.01
   49000.000     301.10
   49100.000     299.87
   49200.000     298.80
   49300.000     301.37
   49400.000     300.60
   49500.000     300.03
   49600.000     297.94
   49700.000     299.01
   49800.000     300.74
   49900.000     300.34
   50000.000     300.87
   50100.000     300.06
   50200.000     299.42
   50300.000     300.68
   50400.000     301.02
   50500.000     301.02
   50600.000     298.32
   50700.000     299.59
   50800.000     301.20
   50900.000     302.00
   51000.000     300.66
   51100.000     300.44
   51200.000     300.55
   51300.000     298.95
   51400.000     300.95
   51500.000     299.63
   51600.000     298.91
   51700.000     302.38
   51800.000     300.53
   51900.000     300.79
   52000.000     299.62
   52100.000     300.74
   52200.000     302.06
   52300.000     301.04
   52400.000     299.49
   52500.000     300.22
   52600.000     300.65
   52700.000     300.12
   52800.000     300.59
   52900.000     301.84
   53000.000     298.90
   53100.000     301.75
   53200.000     299.79
   53300.000     300.93
   53400.000     300.30
   53500.000     301.17
   53600.000     299.26
   53700.000     300.07
   53800.000     300.68
   53900.000     302.95
   54000.000     301.20
   54100.000     299.15
   54200.000     299.58
   54300.000     299.97
   54400.000     299.48
   54500.000     299.29
   54600.000     299.74
   54700.000     298.39
   54800.000     298.57
   54900.000     299.74
   55000.000     299.24
   55100.000     300.53
   55200.000     301.31
   55300.000     300.86
   55400.000     301.15
   55500.000     298.15
   55600.000     300.95
   55700.000     299.24
   55800.000     302.12
   55900.000     300.37
   56000.000     298.66
   56100.000     300.27
   56200.000     300.10
   56300.000     301.72
   56400.000     299.74
   56500.000     300.30
   56600.000     300.51
   56700.000     298.89
   56800.000     301.12
   56900.000     299.29
   57000.000     300.56
   57100.000     300.06
   57200.000     298.82
   57300.000     300.97
   57400.000     301.77
   57500.000     300.23
   57600.000     300.14
   57700.000     300.67
   57800.000     298.15
   57900.000     300.96
   58000.000     300.15
   58100.000     300.62
   58200.000     302.56
   58300.000     302.32
   58400.000     300.81
   58500.000     300.17
   58600.000     301.89
   58700.000     300.88
   58800.000     300.58
   58900.000     301.45
   59000.000     299.36
   59100.000     298.82
   59200.000     297.84
   59300.000     301.29
   59400.000     299.69
   59500.000     298.58
   59600.000     298.36
   59700.000     299.62
   59800.000     299.17
   59900.000     299.93
   60000.000     302.85
   60100.000     299.02
   60200.000     300.86
   60300.000     300.99
   60400.000     300.64
   60500.000     299.58
   60600.000     299.29
   60700.000     299.43
   60800.000     300.22
   60900.000     301.55
   61000.000     298.54
   61100.000     299.93
   61200.000     303.39
   61300.000     300.40
   61400.000     300.59
   61500.000     299.04
   61600.000     300.80
   61700.000     298.92
   61800.000     298.33
   61900.000     300.35
   62000.000     299.95
   62100.000     299.05
   62200.000     301.35
   62300.000     299.65
   62400.000     299.85
   62500.000     301.09
   62600.000     300.70
   62700.000     300.41
   62800.000     301.21
   62900.000     300.08
   63000.000     301.70
   63100.000     298.80
   63200.000     301.00
   63300.000     300.01
   63400.000     301.10
   63500.000     300.08
   63600.000     299.96
   63700.000     300.15
   63800.000     300.07
   63900.000     299.90
   64000.000     300.33
   64100.000     298.75
   64200.000     301.20
   64300.000     299.91
   64400.000     301.79
   64500.000     299.54
   64600.000     302.13
   64700.000     300.11
   64800.000     301.01
   64900.000     299.27
   65000.000     299.04
   65100.000     301.66
   65200.000     300.25
   65300.000     299.76
   65400.000     298.88
   65500.000     298.67
   65600.000     300.82
   65700.000     300.80
   65800.000     298.59
   65900.000     300.41
   66000.000     300.14
   66100.000     301.19
   66200.000     300.74
   66300.000     299.27
   66400.000     300.00
   66500.000     299.39
   66600.000     298.01
   66700.000     299.21
   66800.000     298.36
   66900.000     298.41
   67000.000     300.17
   67100.000     299.20
   67200.000     298.11
   67300.000     300.45
   67400.000     298.84
   67500.000     299.74
   67600.000     301.17
   67700.000     300.29
   67800.000     299.09
   67900.000     300.46
   68000.000     300.96
   68100.000     299.71
   68200.000     299.72
   68300.000     300.54
   68400.000     299.95
   68500.000     298.37
   68600.000     298.79
   68700.000     300.39
   68800.000     300.87
   68900.000     299.98
   69000.000     300.75
   69100.000     298.63
   69200.000     298.76
   69300.000     300.60
   69400.000     300.09
   69500.000     300.17
   69600.000     298.97
   69700.000     299.96
   69800.000     299.46
   69900.000     300.88
   70000.000     299.82
   70100.000     301.74
   70200.000     300.84
   70300.000     300.33
   70400.000     299.56
   70500.000     300.57
   70600.000     300.28
   70700.000     300.95
   70800.000     302.33
   70900.000     300.39
   71000.000     298.82
   71100.000     299.12
   71200.000     300.01
   71300.000     298.54
   71400.000     299.49
   71500.000     299.18
   71600.000     299.74
   71700.000     299.84
   71800.000     301.21
   71900.000     299.51
   72000.000     300.21
   72100.000     299.30
   72200.000     300.94
   72300.000     300.00
   72400.000     300.94
   72500.000     299.54
   72600.000     298.85
   72700.000     299.97
   72800.000     297.99
   72900.000     298.88
   73000.000     299.73
   73100.000     299.54
   73200.000     299.71
   73300.000     299.41
   73400.000     299.87
   73500.000     300.01
   73600.000     300.69
   73700.000     298.84
   73800.000     300.03
   73900.000     300.49
   74000.000     301.98
   74100.000     299.65
   74200.000     299.02
   74300.000     299.62
   74400.000     300.05
   74500.000     300.12
   74600.000     301.04
   74700.000     298.88
   74800.000     300.64
   74900.000     300.74
   75000.000     298.99
   75100.000     299.43
   75200.000     300.35
   75300.000     299.36
   75400.000     300.64
   75500.000     299.97
   75600.000     300.54
   75700.000     299.21
   75800.000     299.45
   75900.000     301.79
   76000.000     302.03
   76100.000     298.16
   76200.000     298.88
   76300.000     299.37
   76400.000     299.18
   76500.000     300.12
   76600.000     300.24
   76700.000     299.80
   76800.000     300.84
   76900.000     300.12
   77000.000     299.45
   77100.000     300.06
   77200.000     301.22
   77300.000     299.63
   77400.000     298.65
   77500.000     300.71
   77600.000     300.36
   77700.000     298.88
   77800.000     298.85
   77900.000     299.06
   78000.000     301.32
   78100.000     298.88
   78200.000     299.66
   78300.000     298.14
   78400.000     299.93
   78500.000     299.01
   78600.000     297.87
   78700.000     298.38
   78800.000     300.15
   78900.000     298.62
   79000.000     301.31
   79100.000     298.75
   79200.000     298.37
   79300.000     300.52
   79400.000     300.75
   79500.000     299.26
   79600.000     299.89
   79700.000     299.53
   79800.000     300.96
   79900.000     299.57
   80000.000     298.18
   80100.000     299.48
   80200.000     299.91
   80300.000     298.27
   80400.000     298.04
   80500.000     301.31
   80600.000     300.10
   80700.000     299.91
   80800.000     300.60
   80900.000     300.89
   81000.000     300.44
   81100.000     300.60
   81200.000     300.48
   81300.000     300.65
   81400.000     299.22
   81500.000     299.09
   81600.000     298.54
   81700.000     298.50
   81800.000     300.25
   81900.000     298.36
   82000.000     300.69
   82100.000     300.97
   82200.000     298.80
   82300.000     299.52
   82400.000     298.30
   82500.000     299.74
   82600.000     298.38
   82700.000     300.97
   82800.000     302.95
   82900.000     300.89
   83000.000     300.59
   83100.000     299.88
   83200.000     300.21
   83300.000     300.70
   83400.000     299.89
   83500.000     300.49
   83600.000     302.58
   83700.000     301.06
   83800.000     298.36
   83900.000     298.64
   84000.000     300.58
   84100.000     300.58
   84200.000     300.54
   84300.000     302.76
   84400.000     300.47
   84500.000     299.70
   84600.000     300.58
   84700.000     301.13
   84800.000     302.34
   84900.000     302.00
   85000.000     298.58
   85100.000     301.98
   85200.000     299.73
   85300.000     300.52
   85400.000     301.16
   85500.000     301.19
   85600.000     299.01
   85700.000     301.78
   85800.000     299.01
   85900.000     301.54
   86000.000     299.79
   86100.000     299.01
   86200.000     300.46
   86300.000     300.13
   86400.000     299.43
   86500.000     301.49
   86600.000     299.66
   86700.000     299.28
   86800.000     300.08
   86900.000     298.49
   87000.000     299.01
   87100.000     300.02
   87200.000     299.27
   87300.000     296.91
   87400.000     299.45
   87500.000     299.56
   87600.000     302.06
   87700.000     300.30
   87800.000     300.56
   87900.000     300.15
   88000.000     298.79
   88100.000     299.30
   88200.000     298.85
   88300.000     301.62
   88400.000     300.06
   88500.000     299.58
   88600.000     299.83
   88700.000     300.14
   88800.000     299.13
   88900.000     299.62
   89000.000     298.84
   89100.000     299.45
   89200.000     299.47
   89300.000     298.54
   89400.000     300.14
   89500.000     300.68
   89600.000     299.99
   89700.000     300.24
   89800.000     301.16
   89900.000     299.42
   90000.000     301.14
   90100.000     299.89
   90200.000     300.41
   90300.000     298.35
   90400.000     300.01
   90500.000     301.74
   90600.000     299.04
   90700.000     300.65
   90800.000     299.62
   90900.000     299.96
   91000.000     301.35
   91100.000     300.09
   91200.000     301.66
   91300.000     300.65
   91400.000     302.52
   91500.000     303.42
   91600.000     298.59
   91700.000     299.32
   91800.000     299.32
   91900.000     299.36
   92000.000     300.15
   92100.000     299.05
   92200.000     301.06
   92300.000     299.41
   92400.000     300.04
   92500.000     298.59
   92600.000     299.85
   92700.000     301.09
   92800.000     301.75
   92900.000     298.36
   93000.000     299.82
   93100.000     299.96
   93200.000     299.87
   93300.000     300.90
   93400.000     298.97
   93500.000     298.61
   93600.000     299.04
   93700.000     300.62
   93800.000     300.19
   93900.000     298.85
   94000.000     299.87
   94100.000     300.21
   94200.000     300.28
   94300.000     301.19
   94400.000     300.45
   94500.000     300.34
   94600.000     303.02
   94700.000     300.00
   94800.000     299.69
   94900.000     302.50
   95000.000     299.07
   95100.000     300.03
   95200.000     300.43
   95300.000     300.69
   95400.000     301.42
   95500.000     299.70
   95600.000     299.92
   95700.000     301.09
   95800.000     297.98
   95900.000     302.01
   96000.000     299.47
   96100.000     301.00
   96200.000     299.83
   96300.000     301.44
   96400.000     299.01
   96500.000     299.43
   96600.000     300.34
   96700.000     300.06
   96800.000     299.58
   96900.000     299.33
   97000.000     301.67
   97100.000     299.51
   97200.000     299.26
   97300.000     301.83
   97400.000     298.51
   97500.000     300.02
   97600.000     299.79
   97700.000     298.57
   97800.000     298.70
   97900.000     301.23
   98000.000     300.11
   98100.000     299.54
   98200.000     298.18
   98300.000     299.54
   98400.000     299.67
   98500.000     299.73
   98600.000     298.86
   98700.000     299.12
   98800.000     298.98
   98900.000     298.25
   99000.000     299.25
   99100.000     300.91
   99200.000     300.07
   99300.000     298.92
   99400.000     300.13
   99500.000     301.14
   99600.000     301.05
   99700.000     300.29
   99800.000     299.40
   99900.000     299.70
  100000.000     299.83
  100100.000     300.72
  100200.000     300.40
  100300.000     298.62
  100400.000     299.52
  100500.000     298.76
  100600.000     300.44
  100700.000     301.22
  100800.000     299.69
  100900.000     301.45
  101000.000     301.67
  101100.000     301.27
  101200.000     300.06
  101300.000     299.57
  101400.000     298.81
  101500.000     300.89
  101600.000     301.40
  101700.000     301.07
  101800.000     298.59
  101900.000     300.40
  102000.000     298.70
  102100.000     300.25
  102200.000     301.15
  102300.000     301.05
  102400.000     299.45
  102500.000     297.95
  102600.000     301.30
  102700.000     299.95
  102800.000     301.55
  102900.000     299.70
  103000.000     299.71
  103100.000     299.41
  103200.000     300.80
  103300.000     299.08
  103400.000     298.91
  103500.000     299.91
  103600.000     300.98
  103700.000     300.19
  103800.000     299.98
  103900.000     299.06
  104000.000     300.05
  104100.000     300.44
  104200.000     299.24
  104300.000     300.33
  104400.000     296.83
  104500.000     299.41
  104600.000     299.35
  104700.000     299.22
  104800.000     300.31
  104900.000     299.21
  105000.000     298.69
  105100.000     301.57
  105200.000     300.26
  105300.000     300.26
  105400.000     298.20
  105500.000     298.91
  105600.000     300.67
  105700.000     300.19
  105800.000     299.09
  105900.000     301.39
  106000.000     300.83
  106100.000     299.58
  106200.000     299.50
  106300.000     300.28
  106400.000     299.21
  106500.000     299.70
  106600.000     300.47
  106700.000     298.56
  106800.000     300.72
  106900.000     301.45
  107000.000     300.20
  107100.000     300.79
  107200.000     299.67
  107300.000     299.24
  107400.000     300.35
  107500.000     299.93
  107600.000     300.20
  107700.000     300.16
  107800.000     298.98
  107900.000     298.18
  108000.000     298.15
  108100.000     298.76
  108200.000     300.10
  108300.000     300.76
  108400.000     300.47
  108500.000     300.02
  108600.000     298.79
  108700.000     302.34
  108800.000     300.93
  108900.000     299.21
  109000.000     298.62
  109100.000     301.10
  109200.000     299.13
  109300.000     297.96
  109400.000     298.73
  109500.000     302.68
  109600.000     299.54
  109700.000     302.39
  109800.000     300.87
  109900.000     300.29
  110000.000     299.22
  110100.000     301.12
  110200.000     300.48
  110300.000     299.97
  110400.000     299.11
  110500.000     301.76
  110600.000     300.13
  110700.000     300.13
  110800.000     301.01
  110900.000     301.01
  111000.000     300.00
  111100.000     298.92
  111200.000     300.74
  111300.000     299.73
  111400.000     298.83
  111500.000     300.02
  111600.000     300.23
  111700.000     300.65
  111800.000     300.58
  111900.000     300.44
  112000.000     299.93
  112100.000     298.92
  112200.000     298.54
  112300.000     300.46
  112400.000     301.23
  112500.000     297.76
  112600.000     301.03
  112700.000     298.61
  112800.000     300.45
  112900.000     301.14
  113000.000     299.11
  113100.000     300.76
  113200.000     300.94
  113300.000     301.31
  113400.000     301.04
  113500.000     299.00
  113600.000     299.51
  113700.000     300.71
  113800.000     298.30
  113900.000     301.08
  114000.000     300.78
  114100.000     300.76
  114200.000     297.95
  114300.000     299.11
  114400.000     300.35
  114500.000     301.66
  114600.000     301.27
  114700.000     299.44
  114800.000     299.68
  114900.000     302.00
  115000.000     298.57
  115100.000     301.15
  115200.000     300.49
  115300.000     300.88
  115400.000     301.50
  115500.000     298.84
  115600.000     301.06
  115700.000     299.93
  115800.000     299.83
  115900.000     300.63
  116000.000     298.71
  116100.000     299.48
  116200.000     300.00
  116300.000     298.40
  116400.000     301.17
  116500.000     298.58
  116600.000     300.81
  116700.000     298.81
  116800.000     301.90
  116900.000     299.21
  117000.000     301.03
  117100.000     301.12
  117200.000     300.93
  117300.000     302.30
  117400.000     301.84
  117500.000     300.25
  117600.000     299.10
  117700.000     300.65
  117800.000     300.19
  117900.000     300.59
  118000.000     301.01
  118100.000     296.47
  118200.000     301.20
  118300.000     298.43
  118400.000     298.92
  118500.000     298.44
  118600.000     299.85
  118700.000     298.02
  118800.000     300.92
  118900.000     299.18
  119000.000     300.03
  119100.000     301.04
  119200.000     300.28
  119300.000     299.10
  119400.000     299.65
  119500.000     299.62
  119600.000     300.50
  119700.000     300.19
  119800.000     300.18
  119900.000     300.83
  120000.000     299.39
  120100.000     301.50
  120200.000     300.46
  120300.000     300.65
  120400.000     300.45
  120500.000     301.27
  120600.000     302.17
  120700.000     300.11
  120800.000     299.25
  120900.000     299.03
  121000.000     298.49
  121100.000     300.37
  121200.000     300.19
  121300.000     299.36
  121400.000     300.10
  121500.000     298.79
  121600.000     299.71
  121700.000     301.80
  121800.000     299.80
  121900.000     299.04
  122000.000     300.29
  122100.000     302.26
  122200.000     298.61
  122300.000     300.62
  122400.000     299.88
  122500.000     299.85
  122600.000     300.85
  122700.000     299.74
  122800.000     300.05
  122900.000     301.30
  123000.000     299.69
  123100.000     300.21
  123200.000     300.48
  123300.000     298.86
  123400.000     300.52
  123500.000     300.23
  123600.000     300.59
  123700.000     301.11
  123800.000     298.55
  123900.000     300.21
  124000.000     302.11
  124100.000     301.06
  124200.000     299.95
  124300.000     300.72
  124400.000     299.72
  124500.000     300.46
  124600.000     297.90
  124700.000     300.09
  124800.000     298.94
  124900.000     300.54
  125000.000     298.95
  125100.000     299.85
  125200.000     299.12
  125300.000     299.05
  125400.000     299.71
  125500.000     299.45
  125600.000     299.36
  125700.000     301.26
  125800.000     299.10
  125900.000     300.09
  126000.000     298.13
  126100.000     298.08
  126200.000     298.02
  126300.000     299.38
  126400.000     297.66
  126500.000     300.06
  126600.000     299.86
  126700.000     303.35
  126800.000     301.15
  126900.000     300.84
  127000.000     298.62
  127100.000     301.06
  127200.000     298.30
  127300.000     299.78
  127400.000     299.94
  127500.000     299.86
  127600.000     301.13
  127700.000     299.60
  127800.000     298.77
  127900.000     299.81
  128000.000     300.11
  128100.000     298.93
  128200.000     300.16
  128300.000     300.33
  128400.000     300.39
  128500.000     299.26
  128600.000     302.36
  128700.000     300.19
  128800.000     299.25
  128900.000     300.90
  129000.000     301.41
  129100.000     300.07
  129200.000     299.76
  129300.000     300.41
  129400.000     302.12
  129500.000     300.48
  129600.000     301.08
  129700.000     299.82
  129800.000     299.39
  129900.000     299.63
  130000.000     299.25
  130100.000     301.04
  130200.000     299.73
  130300.000     299.66
  130400.000     300.18
  130500.000     298.88
  130600.000     299.27
  130700.000     298.62
  130800.000     299.59
  130900.000     297.34
  131000.000     299.12
  131100.000     300.80
  131200.000     301.08
  131300.000     300.57
  131400.000     301.30
  131500.000     300.03
  131600.000     298.68
  131700.000     299.41
  131800.000     299.78
  131900.000     301.35
  132000.000     299.97
  132100.000     298.78
  132200.000     299.35
  132300.000     297.90
  132400.000     299.81
  132500.000     300.07
  132600.000     298.71
  132700.000     300.11
  132800.000     300.66
  132900.000     300.40
  133000.000     299.08
  133100.000     300.77
  133200.000     300.22
  133300.000     299.83
  133400.000     300.70
  133500.000     301.18
  133600.000     299.38
  133700.000     301.40
  133800.000     299.66
  133900.000     300.92
  134000.000     301.52
  134100.000     298.81
  134200.000     299.49
  134300.000     299.60
  134400.000     299.33
  134500.000     299.69
  134600.000     300.99
  134700.000     300.40
  134800.000     299.03
  134900.000     301.07
  135000.000     300.76
  135100.000     299.67
  135200.000     301.72
  135300.000     299.85
  135400.000     299.20
  135500.000     298.48
  135600.000     300.17
  135700.000     300.96
  135800.000     300.12
  135900.000     301.80
  136000.000     300.15
  136100.000     300.32
  136200.000     300.05
  136300.000     300.44
  136400.000     298.94
  136500.000     300.42
  136600.000     300.52
  136700.000     300.74
  136800.000     299.67
  136900.000     302.49
  137000.000     299.30
  137100.000     300.29
  137200.000     299.53
  137300.000     302.15
  137400.000     299.89
  137500.000     298.93
  137600.000     300.50
  137700.000     298.10
  137800.000     299.36
  137900.000     301.66
  138000.000     301.70
  138100.000     300.69
  138200.000     299.99
  138300.000     299.88
  138400.000     301.58
  138500.000     299.26
  138600.000     301.76
  138700.000     299.54
  138800.000     301.86
  138900.000     301.22
  139000.000     300.14
  139100.000     301.92
  139200.000     298.72
  139300.000     299.75
  139400.000     299.70
  139500.000     300.77
  139600.000     299.88
  139700.000     299.70
  139800.000     299.71
  139900.000     300.02
  140000.000     299.23
  140100.000     300.17
  140200.000     300.75
  140300.000     301.24
  140400.000     300.48
  140500.000     299.39
  140600.000     299.27
  140700.000     299.38
  140800.000     299.75
  140900.000     299.24
  141000.000     299.75
  141100.000     299.80
  141200.000     301.16
  141300.000     300.29
  141400.000     301.59
  141500.000     301.42
  141600.000     298.80
  141700.000     300.20
  141800.000     299.23
  141900.000     296.68
  142000.000     301.65
  142100.000     300.88
  142200.000     299.73
  142300.000     299.40
  142400.000     301.05
  142500.000     302.11
  142600.000     300.13
  142700.000     301.07
  142800.000     301.20
  142900.000     302.04
  143000.000     299.85
  143100.000     299.52
  143200.000     300.57
  143300.000     300.82
  143400.000     299.82
  143500.000     301.28
  143600.000     298.71
  143700.000     298.97
  143800.000     299.59
  143900.000     299.32
  144000.000     300.07
  144100.000     299.86
  144200.000     300.55
  144300.000     298.34
  144400.000     299.47
  144500.000     301.50
  144600.000     300.46
  144700.000     301.16
  144800.000     297.64
  144900.000     300.04
  145000.000     300.68
  145100.000     300.81
  145200.000     301.47
  145300.000     301.28
  145400.000     298.61
  145500.000     302.07
  145600.000     300.84
  145700.000     299.93
  145800.000     298.41
  145900.000     298.72
  146000.000     299.55
  146100.000     300.06
  146200.000     299.00
  146300.000     298.31
  146400.000     299.80
  146500.000     299.56
  146600.000     298.14
  146700.000     299.61
  146800.000     300.33
  146900.000     299.78
  147000.000     299.40
  147100.000     300.07
  147200.000     301.11
  147300.000     298.95
  147400.000     300.97
  147500.000     301.84
  147600.000     300.69
  147700.000     301.62
  147800.000     300.16
  147900.000     297.72
  148000.000     298.36
  148100.000     300.45
  148200.000     299.21
  148300.000     299.68
  148400.000     301.02
  148500.000     300.52
  148600.000     298.83
  148700.000     300.01
  148800.000     299.32
  148900.000     299.00
  149000.000     301.01
  149100.000     300.45
  149200.000     300.94
  149300.000     299.43
  149400.000     299.13
  149500.000     300.83
  149600.000     300.31
  149700.000     299.50
  149800.000     301.25
  149900.000     300.79
  150000.000     300.01
  150100.000     297.90
  150200.000     302.28
  150300.000     301.05
  150400.000     299.99
  150500.000     299.66
  150600.000     300.46
  150700.000     300.59
  150800.000     298.26
  150900.000     298.34
  151000.000     300.99
  151100.000     298.89
  151200.000     299.29
  151300.000     298.77
  151400.000     299.48
  151500.000     301.82
  151600.000     301.44
  151700.000     301.06
  151800.000     299.68
  151900.000     298.85
  152000.000     300.98
  152100.000     300.85
  152200.000     298.51
  152300.000     299.00
  152400.000     299.51
  152500.000     299.06
  152600.000     300.25
  152700.000     301.66
  152800.000     300.27
  152900.000     301.97
  153000.000     299.34
  153100.000     299.84
  153200.000     299.61
  153300.000     298.95
  153400.000     299.13
  153500.000     301.55
  153600.000     300.39
  153700.000     299.70
  153800.000     300.10
  153900.000     301.83
  154000.000     299.72
  154100.000     299.35
  154200.000     298.59
  154300.000     299.49
  154400.000     298.68
  154500.000     300.65
  154600.000     302.17
  154700.000     301.43
  154800.000     299.72
  154900.000     300.05
  155000.000     300.00
  155100.000     301.03
  155200.000     299.32
  155300.000     299.42
  155400.000     301.58
  155500.000     300.71
  155600.000     301.21
  155700.000     299.74
  155800.000     298.14
  155900.000     300.44
  156000.000     300.93
  156100.000     299.11
  156200.000     300.58
  156300.000     300.41
  156400.000     300.55
  156500.000     299.06
  156600.000     301.98
  156700.000     300.24
  156800.000     300.53
  156900.000     300.96
  157000.000     302.24
  157100.000     300.31
  157200.000     301.99
  157300.000     300.13
  157400.000     299.56
  157500.000     299.35
  157600.000     300.49
  157700.000     300.43
  157800.000     301.20
  157900.000     302.78
  158000.000     299.61
  158100.000     299.46
  158200.000     298.23
  158300.000     299.22
  158400.000     301.12
  158500.000     300.74
  158600.000     300.86
  158700.000     299.46
  158800.000     299.47
  158900.000     300.03
  159000.000     300.66
  159100.000     300.31
  159200.000     300.31
  159300.000     298.98
  159400.000     299.63
  159500.000     300.66
  159600.000     300.17
  159700.000     301.20
  159800.000     301.19
  159900.000     299.19
  160000.000     302.52
  160100.000     301.50
  160200.000     298.80
  160300.000     299.67
  160400.000     300.65
  160500.000     297.90
  160600.000     298.98
  160700.000     300.23
  160800.000     299.72
  160900.000     299.07
  161000.000     300.11
  161100.000     298.86
  161200.000     299.51
  161300.000     298.22
  161400.000     300.28
  161500.000     299.69
  161600.000     298.68
  161700.000     299.18
  161800.000     301.47
  161900.000     299.77
  162000.000     300.28
  162100.000     298.38
  162200.000     299.72
  162300.000     299.49
  162400.000     299.42
  162500.000     301.26
  162600.000     299.71
  162700.000     299.74
  162800.000     299.18
  162900.000     298.94
  163000.000     300.23
  163100.000     300.37
  163200.000     301.68
  163300.000     299.17
  163400.000     299.00
  163500.000     300.92
  163600.000     297.69
  163700.000     300.70
  163800.000     299.61
  163900.000     299.45
  164000.000     299.48
  164100.000     301.07
  164200.000     300.89
  164300.000     298.74
  164400.000     299.76
  164500.000     300.05
  164600.000     298.87
  164700.000     298.89
  164800.000     297.78
  164900.000     299.28
  165000.000     300.50
  165100.000     299.42
  165200.000     300.76
  165300.000     302.06
  165400.000     300.83
  165500.000     300.79
  165600.000     300.27
  165700.000     300.58
  165800.000     300.72
  165900.000     300.44
  166000.000     300.38
  166100.000     300.40
  166200.000     299.88
  166300.000     298.53
  166400.000     301.53
  166500.000     299.23
  166600.000     299.04
  166700.000     299.88
  166800.000     298.90
  166900.000     302.43
  167000.000     301.18
  167100.000     300.54
  167200.000     299.64
  167300.000     297.03
  167400.000     300.49
  167500.000     301.14
  167600.000     299.77
  167700.000     299.10
  167800.000     299.73
  167900.000     302.08
  168000.000     300.14
  168100.000     301.11
  168200.000     301.49
  168300.000     301.14
  168400.000     300.89
  168500.000     299.86
  168600.000     300.03
  168700.000     298.25
  168800.000     301.88
  168900.000     301.28
  169000.000     299.48
  169100.000     298.95
  169200.000     299.18
  169300.000     300.26
  169400.000     301.65
  169500.000     298.22
  169600.000     299.83
  169700.000     299.35
  169800.000     299.40
  169900.000     298.16
  170000.000     300.28
  170100.000     301.85
  170200.000     299.77
  170300.000     301.53
  170400.000     300.14
  170500.000     301.45
  170600.000     298.58
  170700.000     299.12
  170800.000     301.64
  170900.000     299.42
  171000.000     299.32
  171100.000     300.98
  171200.000     299.57
  171300.000     298.63
  171400.000     301.47
  171500.000     302.50
  171600.000     301.38
  171700.000     300.78
  171800.000     299.50
  171900.000     298.09
  172000.000     298.37
  172100.000     299.30
  172200.000     299.76
  172300.000     301.08
  172400.000     302.33
  172500.000     299.19
  172600.000     302.21
  172700.000     300.85
  172800.000     301.12
  172900.000     299.35
  173000.000     300.00
  173100.000     302.09
  173200.000     299.35
  173300.000     301.24
  173400.000     299.66
  173500.000     298.10
  173600.000     298.91
  173700.000     301.25
  173800.000     301.02
  173900.000     297.46
  174000.000     299.70
  174100.000     299.58
  174200.000     301.66
  174300.000     300.44
  174400.000     300.93
  174500.000     302.05
  174600.000     298.93
  174700.000     298.27
  174800.000     298.79
  174900.000     301.38
  175000.000     304.42
  175100.000     301.67
  175200.000     299.23
  175300.000     301.21
  175400.000     299.30
  175500.000     299.49
  175600.000     300.25
  175700.000     298.18
  175800.000     299.30
  175900.000     298.79
  176000.000     299.49
  176100.000     298.93
  176200.000     299.80
  176300.000     300.40
  176400.000     300.26
  176500.000     298.56
  176600.000     301.67
  176700.000     301.22
  176800.000     299.40
  176900.000     300.52
  177000.000     298.93
  177100.000     300.43
  177200.000     300.96
  177300.000     302.46
  177400.000     299.67
  177500.000     298.49
  177600.000     299.57
  177700.000     301.00
  177800.000     299.34
  177900.000     298.90
  178000.000     300.14
  178100.000     299.42
  178200.000     298.83
  178300.000     298.95
  178400.000     300.66
  178500.000     301.44
  178600.000     301.39
  178700.000     300.93
  178800.000     300.75
  178900.000     300.36
  179000.000     301.04
  179100.000     298.90
  179200.000     299.98
  179300.000     300.95
  179400.000     298.80
  179500.000     300.49
  179600.000     300.11
  179700.000     299.69
  179800.000     300.15
  179900.000     300.29
  180000.000     299.63
  180100.000     298.95
  180200.000     300.19
  180300.000     298.26
  180400.000     300.95
  180500.000     299.83
  180600.000     300.47
  180700.000     300.54
  180800.000     300.88
  180900.000     300.56
  181000.000     300.57
  181100.000     299.59
  181200.000     299.39
  181300.000     300.25
  181400.000     300.13
  181500.000     299.34
  181600.000     300.21
  181700.000     300.73
  181800.000     300.53
  181900.000     300.15
  182000.000     298.36
  182100.000     301.19
  182200.000     299.64
  182300.000     299.38
  182400.000     299.32
  182500.000     299.04
  182600.000     299.43
  182700.000     300.53
  182800.000     301.15
  182900.000     303.71
  183000.000     302.40
  183100.000     299.71
  183200.000     300.57
  183300.000     299.03
  183400.000     298.37
  183500.000     299.70
  183600.000     299.26
  183700.000     299.41
  183800.000     303.18
  183900.000     300.63
  184000.000     300.91
  184100.000     298.00
  184200.000     301.68
  184300.000     298.35
  184400.000     302.59
  184500.000     301.46
  184600.000     300.56
  184700.000     299.45
  184800.000     298.81
  184900.000     297.37
  185000.000     299.58
  185100.000     299.87
  185200.000     300.97
  185300.000     299.88
  185400.000     298.95
  185500.000     301.01
  185600.000     298.74
  185700.000     302.85
  185800.000     302.53
  185900.000     300.80
  186000.000     300.09
  186100.000     299.44
  186200.000     299.49
  186300.000     299.47
  186400.000     299.86
  186500.000     299.66
  186600.000     299.83
  186700.000     301.33
  186800.000     301.00
  186900.000     299.49
  187000.000     300.25
  187100.000     299.20
  187200.000     299.37
  187300.000     299.86
  187400.000     301.34
  187500.000     300.28
  187600.000     303.38
  187700.000     298.68
  187800.000     300.51
  187900.000     300.77
  188000.000     300.52
  188100.000     300.92
  188200.000     301.05
  188300.000     302.04
  188400.000     300.34
  188500.000     299.72
  188600.000     300.89
  188700.000     301.88
  188800.000     301.98
  188900.000     299.95
  189000.000     301.25
  189100.000     300.25
  189200.000     298.47
  189300.000     298.75
  189400.000     301.31
  189500.000     299.22
  189600.000     300.94
  189700.000     299.54
  189800.000     300.37
  189900.000     302.62
  190000.000     299.37
  190100.000     300.25
  190200.000     300.88
  190300.000     301.65
  190400.000     298.38
  190500.000     297.88
  190600.000     300.65
  190700.000     300.23
  190800.000     300.17
  190900.000     298.51
  191000.000     301.26
  191100.000     298.70
  191200.000     299.80
  191300.000     300.12
  191400.000     298.44
  191500.000     300.97
  191600.000     299.14
  191700.000     301.23
  191800.000     299.79
  191900.000     298.87
  192000.000     299.62
  192100.000     299.24
  192200.000     300.71
  192300.000     300.86
  192400.000     301.29
  192500.000     300.85
  192600.000     301.12
  192700.000     299.18
  192800.000     300.29
  192900.000     301.86
  193000.000     300.93
  193100.000     299.84
  193200.000     297.67
  193300.000     301.02
  193400.000     298.38
  193500.000     299.61
  193600.000     301.24
  193700.000     299.57
  193800.000     300.20
  193900.000     300.94
  194000.000     299.58
  194100.000     299.97
  194200.000     300.73
  194300.000     300.38
  194400.000     299.88
  194500.000     296.88
  194600.000     300.44
  194700.000     299.65
  194800.000     298.97
  194900.000     301.44
  195000.000     300.31
  195100.000     300.55
  195200.000     300.52
  195300.000     299.53
  195400.000     300.22
  195500.000     299.56
  195600.000     299.96
  195700.000     301.72
  195800.000     299.72
  195900.000     300.19
  196000.000     300.55
  196100.000     298.44
  196200.000     299.14
  196300.000     301.16
  196400.000     301.39
  196500.000     300.39
  196600.000     299.45
  196700.000     302.27
  196800.000     300.13
  196900.000     299.89
  197000.000     301.44
  197100.000     298.83
  197200.000     299.73
  197300.000     300.18
  197400.000     299.94
  197500.000     300.40
  197600.000     298.36
  197700.000     300.48
  197800.000     301.31
  197900.000     300.51
  198000.000     299.29
  198100.000     301.79
  198200.000     300.18
  198300.000     301.16
  198400.000     299.48
  198500.000     300.60
  198600.000     298.94
  198700.000     300.78
  198800.000     299.25
  198900.000     299.50
  199000.000     300.89
  199100.000     300.41
  199200.000     300.88
  199300.000     299.97
  199400.000     297.79
  199500.000     300.90
  199600.000     299.23
  199700.000     300.01
  199800.000     300.30
  199900.000     300.76
  200000.000     298.63
  200100.000     299.60
  200200.000     300.56
  200300.000     298.65
  200400.000     300.06
  200500.000     300.59
  200600.000     301.64
  200700.000     301.89
  200800.000     299.61
  200900.000     298.24
  201000.000     303.09
  201100.000     299.70
  201200.000     300.85
  201300.000     300.28
  201400.000     300.37
  201500.000     299.19
  201600.000     299.85
  201700.000     301.01
  201800.000     298.92
  201900.000     300.89
  202000.000     298.52
  202100.000     298.49
  202200.000     300.25
  202300.000     299.57
  202400.000     298.77
  202500.000     299.71
  202600.000     300.78
  202700.000     298.08
  202800.000     299.79
  202900.000     300.77
  203000.000     300.02
  203100.000     300.35
  203200.000     299.12
  203300.000     300.92
  203400.000     298.68
  203500.000     299.93
  203600.000     299.88
  203700.000     303.32
  203800.000     298.49
  203900.000     299.66
  204000.000     300.02
  204100.000     299.29
  204200.000     300.01
  204300.000     298.23
  204400.000     301.19
  204500.000     298.70
  204600.000     297.94
  204700.000     299.96
  204800.000     302.85
  204900.000     300.59
  205000.000     298.34
  205100.000     299.36
  205200.000     300.02
  205300.000     298.18
  205400.000     299.56
  205500.000     300.94
  205600.000     299.69
  205700.000     298.44
  205800.000     300.14
  205900.000     299.74
  206000.000     301.21
  206100.000     299.85
  206200.000     299.39
  206300.000     299.72
  206400.000     301.05
  206500.000     300.44
  206600.000     298.27
  206700.000     300.41
  206800.000     299.14
  206900.000     300.45
  207000.000     301.60
  207100.000     300.38
  207200.000     300.93
  207300.000     300.04
  207400.000     299.77
  207500.000     299.48
  207600.000     301.98
  207700.000     300.46
  207800.000     300.64
  207900.000     300.38
  208000.000     300.08
  208100.000     299.89
  208200.000     300.37
  208300.000     300.22
  208400.000     299.07
  208500.000     299.91
  208600.000     300.87
  208700.000     301.44
  208800.000     302.52
  208900.000     300.58
  209000.000     300.63
  209100.000     301.31
  209200.000     299.82
  209300.000     300.47
  209400.000     300.65
  209500.000     300.15
  209600.000     300.61
  209700.000     299.74
  209800.000     299.44
  209900.000     298.53
  210000.000     299.32
  210100.000     300.40
  210200.000     297.84
  210300.000     302.02
  210400.000     299.27
  210500.000     302.94
  210600.000     300.48
  210700.000     297.96
  210800.000     300.80
  210900.000     301.18
  211000.000     300.63
  211100.000     298.65
  211200.000     300.54
  211300.000     300.20
  211400.000     298.73
  211500.000     299.68
  211600.000     300.36
  211700.000     300.96
  211800.000     299.24
  211900.000     298.56
  212000.000     298.54
  212100.000     302.61
  212200.000     300.43
  212300.000     301.31
  212400.000     298.16
  212500.000     301.81
  212600.000     300.39
  212700.000     300.48
  212800.000     302.14
  212900.000     302.70
  213000.000     299.39
  213100.000     299.88
  213200.000     300.21
  213300.000     302.09
  213400.000     300.58
  213500.000     299.57
  213600.000     300.61
  213700.000     300.63
  213800.000     300.08
  213900.000     298.80
  214000.000     299.73
  214100.000     300.57
  214200.000     301.00
  214300.000     301.22
  214400.000     297.85
  214500.000     301.08
  214600.000     299.81
  214700.000     300.04
  214800.000     300.70
  214900.000     299.20
  215000.000     297.90
  215100.000     301.26
  215200.000     298.88
  215300.000     298.92
  215400.000     299.08
  215500.000     298.69
  215600.000     300.09
  215700.000     302.26
  215800.000     298.91
  215900.000     298.35
  216000.000     299.59
  216100.000     299.97
  216200.000     301.37
  216300.000     300.30
  216400.000     301.03
  216500.000     299.58
  216600.000     301.43
  216700.000     300.89
  216800.000     300.00
  216900.000     299.74
  217000.000     299.30
  217100.000     301.35
  217200.000     298.07
  217300.000     300.59
  217400.000     299.36
  217500.000     299.72
  217600.000     301.63
  217700.000     298.18
  217800.000     300.23
  217900.000     299.31
  218000.000     298.51
  218100.000     299.93
  218200.000     299.79
  218300.000     300.04
  218400.000     298.07
  218500.000     302.20
  218600.000     300.03
  218700.000     300.09
  218800.000     299.50
  218900.000     299.56
  219000.000     298.67
  219100.000     301.10
  219200.000     300.97
  219300.000     300.89
  219400.000     301.13
  219500.000     297.86
  219600.000     298.74
  219700.000     298.79
  219800.000     300.78
  219900.000     300.17
  220000.000     301.83
  220100.000     299.59
  220200.000     301.23
  220300.000     302.03
  220400.000     299.65
  220500.000     299.36
  220600.000     300.01
  220700.000     297.91
  220800.000     300.44
  220900.000     299.48
  221000.000     300.16
  221100.000     300.12
  221200.000     298.62
  221300.000     299.63
  221400.000     300.12
  221500.000     300.11
  221600.000     300.39
  221700.000     298.51
  221800.000     300.96
  221900.000     302.12
  222000.000     300.33
  222100.000     298.88
  222200.000     300.69
  222300.000     300.04
  222400.000     299.68
  222500.000     302.62
  222600.000     299.64
  222700.000     298.45
  222800.000     302.41
  222900.000     298.58
  223000.000     300.26
  223100.000     298.84
  223200.000     298.65
  223300.000     299.99
  223400.000     301.05
  223500.000     300.56
  223600.000     302.03
  223700.000     299.31
  223800.000     299.28
  223900.000     299.21
  224000.000     299.64
  224100.000     299.77
  224200.000     300.20
  224300.000     299.58
  224400.000     298.95
  224500.000     301.13
  224600.000     302.13
  224700.000     298.90
  224800.000     300.33
  224900.000     297.54
  225000.000     299.81
  225100.000     297.92
  225200.000     300.22
  225300.000     299.75
  225400.000     301.39
  225500.000     298.48
  225600.000     301.93
  225700.000     300.86
  225800.000     299.82
  225900.000     299.79
  226000.000     299.66
  226100.000     300.17
  226200.000     300.93
  226300.000     300.63
  226400.000     300.25
  226500.000     300.09
  226600.000     299.60
  226700.000     298.75
  226800.000     299.44
  226900.000     299.71
  227000.000     299.52
  227100.000     299.76
  227200.000     299.67
  227300.000     298.87
  227400.000     300.34
  227500.000     300.05
  227600.000     300.40
  227700.000     300.55
  227800.000     299.73
  227900.000     300.32
  228000.000     298.55
  228100.000     300.01
  228200.000     298.81
  228300.000     299.45
  228400.000     302.20
  228500.000     299.64
  228600.000     300.24
  228700.000     299.16
  228800.000     298.82
  228900.000     298.59
  229000.000     298.40
  229100.000     300.51
  229200.000     299.31
  229300.000     300.50
  229400.000     301.82
  229500.000     297.85
  229600.000     301.14
  229700.000     300.23
  229800.000     300.83
  229900.000     300.61
  230000.000     297.88
  230100.000     300.07
  230200.000     301.32
  230300.000     299.66
  230400.000     300.30
  230500.000     299.91
  230600.000     298.95
  230700.000     298.86
  230800.000     299.22
  230900.000     299.48
  231000.000     300.35
  231100.000     299.67
  231200.000     300.12
  231300.000     298.99
  231400.000     299.99
  231500.000     299.18
  231600.000     300.86
  231700.000     298.54
  231800.000     300.59
  231900.000     300.86
  232000.000     299.79
  232100.000     300.41
  232200.000     299.83
  232300.000     299.45
  232400.000     300.59
  232500.000     298.91
  232600.000     301.94
  232700.000     299.29
  232800.000     300.47
  232900.000     299.27
  233000.000     297.82
  233100.000     300.27
  233200.000     301.68
  233300.000     301.66
  233400.000     300.64
  233500.000     300.59
  233600.000     300.24
  233700.000     298.79
  233800.000     300.00
  233900.000     299.89
  234000.000     298.78
  234100.000     298.99
  234200.000     299.14
  234300.000     301.12
  234400.000     301.06
  234500.000     298.08
  234600.000     300.00
  234700.000     299.89
  234800.000     300.60
  234900.000     299.96
  235000.000     300.97
  235100.000     300.30
  235200.000     300.42
  235300.000     300.16
  235400.000     299.73
  235500.000     299.84
  235600.000     299.65
  235700.000     299.71
  235800.000     303.37
  235900.000     298.48
  236000.000     298.57
  236100.000     298.95
  236200.000     302.09
  236300.000     301.29
  236400.000     302.13
  236500.000     298.63
  236600.000     299.81
  236700.000     299.20
  236800.000     300.33
  236900.000     300.91
  237000.000     300.10
  237100.000     300.69
  237200.000     299.79
  237300.000     299.25
  237400.000     300.06
  237500.000     299.62
  237600.000     300.41
  237700.000     300.32
  237800.000     300.22
  237900.000     300.16
  238000.000     300.64
  238100.000     299.81
  238200.000     299.76
  238300.000     300.73
  238400.000     299.37
  238500.000     300.27
  238600.000     301.41
  238700.000     300.99
  238800.000     300.64
  238900.000     300.20
  239000.000     298.65
  239100.000     299.23
  239200.000     299.93
  239300.000     300.37
  239400.000     300.47
  239500.000     298.41
  239600.000     297.97
  239700.000     301.84
  239800.000     301.06
  239900.000     297.74
  240000.000     300.48
  240100.000     300.63
  240200.000     299.20
  240300.000     300.95
  240400.000     300.25
  240500.000     298.75
  240600.000     299.63
  240700.000     298.75
  240800.000     300.00
  240900.000     300.50
  241000.000     300.48
  241100.000     298.53
  241200.000     299.19
  241300.000     300.53
  241400.000     300.31
  241500.000     300.40
  241600.000     299.94
  241700.000     298.69
  241800.000     301.22
  241900.000     301.41
  242000.000     300.28
  242100.000     300.05
  242200.000     299.67
  242300.000     298.61
  242400.000     302.21
  242500.000     300.23
  242600.000     298.90
  242700.000     299.73
  242800.000     300.74
  242900.000     299.94
  243000.000     300.58
  243100.000     300.33
  243200.000     299.28
  243300.000     300.92
  243400.000     301.51
  243500.000     300.63
  243600.000     300.49
  243700.000     298.89
  243800.000     301.53
  243900.000     300.60
  244000.000     300.93
  244100.000     301.62
  244200.000     300.99
  244300.000     301.79
  244400.000     299.41
  244500.000     301.37
  244600.000     298.39
  244700.000     300.31
  244800.000     298.97
  244900.000     300.31
  245000.000     300.20
  245100.000     303.07
  245200.000     301.21
  245300.000     301.25
  245400.000     300.41
  245500.000     299.92
  245600.000     299.15
  245700.000     299.23
  245800.000     300.10
  245900.000     300.27
  246000.000     300.80
  246100.000     299.14
  246200.000     300.63
  246300.000     301.05
  246400.000     299.98
  246500.000     300.49
  246600.000     301.95
  246700.000     300.24
  246800.000     298.50
  246900.000     299.05
  247000.000     301.37
  247100.000     299.77
  247200.000     300.03
  247300.000     301.29
  247400.000     299.17
  247500.000     298.70
  247600.000     302.71
  247700.000     301.10
  247800.000     298.65
  247900.000     301.31
  248000.000     299.43
  248100.000     299.99
  248200.000     298.44
  248300.000     298.92
  248400.000     300.13
  248500.000     300.89
  248600.000     298.71
  248700.000     300.66
  248800.000     299.53
  248900.000     301.43
  249000.000     299.98
  249100.000     302.60
  249200.000     297.27
  249300.000     298.42
  249400.000     299.78
  249500.000     300.69
  249600.000     301.11
  249700.000     300.51
  249800.000     299.13
  249900.000     298.67
  250000.000     297.81
  250100.000     298.28
  250200.000     299.77
  250300.000     298.89
  250400.000     299.89
  250500.000     301.12
  250600.000     298.98
  250700.000     299.48
  250800.000     298.62
  250900.000     301.83
  251000.000     301.44
  251100.000     299.42
  251200.000     299.57
  251300.000     299.91
  251400.000     301.62
  251500.000     301.40
  251600.000     300.49
  251700.000     300.22
  251800.000     300.21
  251900.000     300.61
  252000.000     298.47
  252100.000     301.15
  252200.000     300.65
  252300.000     298.66
  252400.000     299.69
  252500.000     299.32
  252600.000     299.76
  252700.000     300.49
  252800.000     301.36
  252900.000     299.65
  253000.000     299.86
  253100.000     297.63
  253200.000     301.08
  253300.000     300.91
  253400.000     301.17
  253500.000     300.68
  253600.000     298.67
  253700.000     300.26
  253800.000     299.37
  253900.000     299.97
  254000.000     300.63
  254100.000     299.55
  254200.000     298.72
  254300.000     300.25
  254400.000     301.07
  254500.000     299.81
  254600.000     299.10
  254700.000     300.18
  254800.000     300.04
  254900.000     300.82
  255000.000     300.85
  255100.000     299.84
  255200.000     300.21
  255300.000     301.28
  255400.000     300.47
  255500.000     300.35
  255600.000     300.92
  255700.000     301.44
  255800.000     299.75
  255900.000     300.26
  256000.000     300.83
  256100.000     300.54
  256200.000     298.47
  256300.000     299.92
  256400.000     299.78
  256500.000     301.38
  256600.000     299.90
  256700.000     299.91
  256800.000     301.67
  256900.000     302.43
  257000.000     299.80
  257100.000     300.90
  257200.000     298.70
  257300.000     301.69
  257400.000     298.53
  257500.000     299.94
  257600.000     301.65
  257700.000     298.29
  257800.000     300.97
  257900.000     300.47
  258000.000     300.24
  258100.000     299.30
  258200.000     301.21
  258300.000     301.01
  258400.000     302.40
  258500.000     300.98
  258600.000     300.46
  258700.000     301.86
  258800.000     302.33
  258900.000     298.93
  259000.000     299.78
  259100.000     299.92
  259200.000     300.59
  259300.000     299.75
  259400.000     299.45
  259500.000     301.07
  259600.000     300.10
  259700.000     302.59
  259800.000     299.67
  259900.000     301.28
  260000.000     299.41
  260100.000     301.27
  260200.000     298.45
  260300.000     299.77
  260400.000     299.30
  260500.000     301.18
  260600.000     298.79
  260700.000     297.98
  260800.000     299.98
  260900.000     300.33
  261000.000     299.73
  261100.000     300.09
  261200.000     300.43
  261300.000     301.72
  261400.000     300.73
  261500.000     299.05
  261600.000     300.66
  261700.000     300.06
  261800.000     300.48
  261900.000     298.03
  262000.000     299.52
  262100.000     299.84
  262200.000     299.42
  262300.000     300.43
  262400.000     299.92
  262500.000     298.34
  262600.000     299.74
  262700.000     298.73
  262800.000     300.88
  262900.000     301.56
  263000.000     299.16
  263100.000     300.14
  263200.000     298.87
  263300.000     299.09
  263400.000     300.76
  263500.000     299.93
  263600.000     302.47
  263700.000     299.76
  263800.000     300.30
  263900.000     299.32
  264000.000     299.80
  264100.000     298.60
  264200.000     300.55
  264300.000     300.42
  264400.000     301.05
  264500.000     300.19
  264600.000     297.01
  264700.000     300.81
  264800.000     297.28
  264900.000     300.17
  265000.000     300.64
  265100.000     299.41
  265200.000     302.26
  265300.000     297.60
  265400.000     301.17
  265500.000     299.17
  265600.000     300.91
  265700.000     299.04
  265800.000     299.20
  265900.000     298.73
  266000.000     299.88
  266100.000     302.26
  266200.000     298.89
  266300.000     298.80
  266400.000     300.55
  266500.000     299.85
  266600.000     300.98
  266700.000     301.28
  266800.000     299.95
  266900.000     300.02
  267000.000     299.64
  267100.000     300.67
  267200.000     300.49
  267300.000     299.68
  267400.000     299.85
  267500.000     301.57
  267600.000     300.32
  267700.000     299.65
  267800.000     298.60
  267900.000     299.78
  268000.000     301.29
  268100.000     298.86
  268200.000     299.35
  268300.000     299.91
  268400.000     298.28
  268500.000     299.50
  268600.000     300.20
  268700.000     300.06
  268800.000     298.80
  268900.000     301.39
  269000.000     300.54
  269100.000     298.34
  269200.000     299.86
  269300.000     300.26
  269400.000     300.61
  269500.000     297.48
  269600.000     300.16
  269700.000     300.89
  269800.000     299.21
  269900.000     300.05
  270000.000     299.62
  270100.000     299.00
  270200.000     301.25
  270300.000     299.31
  270400.000     299.15
  270500.000     300.34
  270600.000     302.06
  270700.000     298.89
  270800.000     302.20
  270900.000     300.46
  271000.000     298.84
  271100.000     301.09
  271200.000     300.04
  271300.000     301.47
  271400.000     297.76
  271500.000     299.33
  271600.000     301.63
  271700.000     300.78
  271800.000     300.63
  271900.000     299.97
  272000.000     297.61
  272100.000     301.93
  272200.000     299.61
  272300.000     299.40
  272400.000     299.39
  272500.000     298.41
  272600.000     301.45
  272700.000     300.09
  272800.000     298.61
  272900.000     300.08
  273000.000     299.89
  273100.000     299.00
  273200.000     300.92
  273300.000     298.57
  273400.000     297.79
  273500.000     300.05
  273600.000     303.01
  273700.000     299.06
  273800.000     296.55
  273900.000     299.96
  274000.000     299.16
  274100.000     300.16
  274200.000     300.81
  274300.000     301.16
  274400.000     299.68
  274500.000     299.90
  274600.000     298.97
  274700.000     300.63
  274800.000     300.77
  274900.000     298.86
  275000.000     297.70
  275100.000     299.04
  275200.000     300.24
  275300.000     299.59
  275400.000     299.57
  275500.000     298.23
  275600.000     300.04
  275700.000     300.43
  275800.000     299.92
  275900.000     299.99
  276000.000     299.94
  276100.000     299.18
  276200.000     299.73
  276300.000     301.23
  276400.000     300.20
  276500.000     302.01
  276600.000     299.39
  276700.000     300.57
  276800.000     299.97
  276900.000     300.26
  277000.000     300.12
  277100.000     299.42
  277200.000     300.81
  277300.000     297.09
  277400.000     298.30
  277500.000     297.69
  277600.000     299.07
  277700.000     303.33
  277800.000     299.76
  277900.000     299.73
  278000.000     299.34
  278100.000     298.67
  278200.000     300.05
  278300.000     299.93
  278400.000     300.72
  278500.000     300.03
  278600.000     301.33
  278700.000     298.94
  278800.000     302.00
  278900.000     300.96
  279000.000     298.20
  279100.000     299.67
  279200.000     300.30
  279300.000     301.29
  279400.000     302.20
  279500.000     301.13
  279600.000     300.90
  279700.000     299.51
  279800.000     298.14
  279900.000     298.06
  280000.000     300.30
  280100.000     300.24
  280200.000     301.03
  280300.000     300.49
  280400.000     299.78
  280500.000     300.65
  280600.000     299.40
  280700.000     299.02
  280800.000     298.22
  280900.000     299.21
  281000.000     299.82
  281100.000     300.05
  281200.000     299.33
  281300.000     298.66
  281400.000     300.05
  281500.000     302.47
  281600.000     300.25
  281700.000     298.89
  281800.000     300.07
  281900.000     301.40
  282000.000     299.77
  282100.000     300.47
  282200.000     297.34
  282300.000     301.02
  282400.000     299.60
  282500.000     298.03
  282600.000     297.79
  282700.000     300.21
  282800.000     300.30
  282900.000     299.18
  283000.000     300.90
  283100.000     300.82
  283200.000     300.44
  283300.000     303.32
  283400.000     300.19
  283500.000     299.58
  283600.000     300.21
  283700.000     300.87
  283800.000     299.14
  283900.000     301.25
  284000.000     300.21
  284100.000     299.73
  284200.000     300.03
  284300.000     300.98
  284400.000     300.17
  284500.000     301.23
  284600.000     300.44
  284700.000     299.48
  284800.000     299.23
  284900.000     299.05
  285000.000     300.57
  285100.000     301.61
  285200.000     298.71
  285300.000     300.18
  285400.000     299.15
  285500.000     298.25
  285600.000     299.73
  285700.000     300.33
  285800.000     299.92
  285900.000     300.16
  286000.000     299.61
  286100.000     301.43
  286200.000     300.65
  286300.000     298.79
  286400.000     299.96
  286500.000     300.13
  286600.000     300.24
  286700.000     300.63
  286800.000     300.44
  286900.000     298.01
  287000.000     300.47
  287100.000     302.25
  287200.000     302.50
  287300.000     300.70
  287400.000     298.01
  287500.000     300.61
  287600.000     299.28
  287700.000     300.93
  287800.000     300.15
  287900.000     299.15
  288000.000     299.02
  288100.000     300.76
  288200.000     299.19
  288300.000     299.56
  288400.000     301.58
  288500.000     300.16
  288600.000     299.86
  288700.000     300.83
  288800.000     299.58
  288900.000     299.67
  289000.000     300.40
  289100.000     300.53
  289200.000     301.15
  289300.000     299.69
  289400.000     300.54
  289500.000     300.13
  289600.000     301.51
  289700.000     300.02
  289800.000     300.09
  289900.000     297.89
  290000.000     299.86
  290100.000     299.02
  290200.000     298.82
  290300.000     299.71
  290400.000     300.98
  290500.000     300.47
  290600.000     298.85
  290700.000     298.70
  290800.000     301.30
  290900.000     300.01
  291000.000     299.43
  291100.000     300.15
  291200.000     301.21
  291300.000     299.76
  291400.000     299.34
  291500.000     300.62
  291600.000     299.66
  291700.000     299.96
  291800.000     299.96
  291900.000     300.13
  292000.000     302.07
  292100.000     301.02
  292200.000     301.47
  292300.000     300.25
  292400.000     300.09
  292500.000     301.47
  292600.000     301.32
  292700.000     301.53
  292800.000     300.12
  292900.000     301.56
  293000.000     298.76
  293100.000     301.67
  293200.000     298.95
  293300.000     300.60
  293400.000     299.83
  293500.000     297.79
  293600.000     299.89
  293700.000     299.59
  293800.000     299.18
  293900.000     300.57
  294000.000     300.72
  294100.000     300.02
  294200.000     298.77
  294300.000     300.77
  294400.000     299.33
  294500.000     300.13
  294600.000     300.11
  294700.000     300.23
  294800.000     301.04
  294900.000     301.15
  295000.000     299.96
  295100.000     300.31
  295200.000     301.27
  295300.000     299.01
  295400.000     301.91
  295500.000     299.96
  295600.000     299.83
  295700.000     300.30
  295800.000     301.29
  295900.000     300.65
  296000.000     299.31
  296100.000     301.14
  296200.000     299.52
  296300.000     300.75
  296400.000     301.87
  296500.000     302.07
  296600.000     298.86
  296700.000     301.09
  296800.000     301.29
  296900.000     302.08
  297000.000     300.43
  297100.000     298.79
  297200.000     298.27
  297300.000     298.24
  297400.000     299.54
  297500.000     298.86
  297600.000     301.94
  297700.000     300.37
  297800.000     299.48
  297900.000     301.58
  298000.000     300.90
  298100.000     298.31
  298200.000     302.02
  298300.000     299.95
  298400.000     300.35
  298500.000     300.58
  298600.000     302.50
  298700.000     299.89
  298800.000     299.79
  298900.000     299.72
  299000.000     298.57
  299100.000     299.73
  299200.000     299.46
  299300.000     298.91
  299400.000     300.20
  299500.000     299.01
  299600.000     299.51
  299700.000     302.80
  299800.000     299.11
  299900.000     299.73
  300000.000     300.86
  300100.000     300.36
  300200.000     300.06
  300300.000     299.05
  300400.000     297.77
  300500.000     298.89
  300600.000     299.72
  300700.000     297.69
  300800.000     299.14
  300900.000     299.67
  301000.000     301.11
  301100.000     300.80
  301200.000     302.55
  301300.000     298.67
  301400.000     299.57
  301500.000     299.38
  301600.000     299.76
  301700.000     299.88
  301800.000     299.54
  301900.000     299.21
  302000.000     298.85
  302100.000     300.12
  302200.000     301.26
  302300.000     298.62
  302400.000     299.49
  302500.000     301.29
  302600.000     299.37
  302700.000     299.28
  302800.000     300.60
  302900.000     298.28
  303000.000     299.74
  303100.000     301.08
  303200.000     299.67
  303300.000     298.93
  303400.000     300.13
  303500.000     298.38
  303600.000     301.04
  303700.000     301.26
  303800.000     297.53
  303900.000     298.90
  304000.000     300.91
  304100.000     297.94
  304200.000     299.40
  304300.000     298.40
  304400.000     300.19
  304500.000     300.64
  304600.000     300.30
  304700.000     300.26
  304800.000     298.02
  304900.000     300.81
  305000.000     298.31
  305100.000     299.81
  305200.000     298.32
  305300.000     300.04
  305400.000     300.78
  305500.000     300.96
  305600.000     300.83
  305700.000     301.42
  305800.000     300.87
  305900.000     299.76
  306000.000     298.24
  306100.000     300.77
  306200.000     302.04
  306300.000     300.69
  306400.000     298.79
  306500.000     301.82
  306600.000     299.18
  306700.000     301.53
  306800.000     301.43
  306900.000     298.34
  307000.000     298.46
  307100.000     300.17
  307200.000     299.93
  307300.000     299.46
  307400.000     302.05
  307500.000     299.70
  307600.000     298.23
  307700.000     300.21
  307800.000     300.07
  307900.000     300.78
  308000.000     298.80
  308100.000     300.37
  308200.000     297.90
  308300.000     300.63
  308400.000     298.62
  308500.000     299.15
  308600.000     300.83
  308700.000     301.20
  308800.000     298.75
  308900.000     301.07
  309000.000     297.97
  309100.000     301.63
  309200.000     300.38
  309300.000     301.60
  309400.000     299.17
  309500.000     299.23
  309600.000     299.54
  309700.000     299.76
  309800.000     299.13
  309900.000     299.78
  310000.000     300.51
  310100.000     300.47
  310200.000     300.42
  310300.000     301.68
  310400.000     299.18
  310500.000     297.46
  310600.000     300.50
  310700.000     299.52
  310800.000     299.28
  310900.000     301.89
  311000.000     300.85
  311100.000     300.37
  311200.000     299.81
  311300.000     299.90
  311400.000     298.68
  311500.000     298.81
  311600.000     298.53
  311700.000     299.89
  311800.000     298.70
  311900.000     298.93
  312000.000     300.37
  312100.000     299.37
  312200.000     299.71
  312300.000     300.36
  312400.000     301.56
  312500.000     299.87
  312600.000     299.95
  312700.000     301.21
  312800.000     301.35
  312900.000     299.15
  313000.000     301.02
  313100.000     299.23
  313200.000     299.46
  313300.000     299.97
  313400.000     298.87
  313500.000     299.81
  313600.000     300.22
  313700.000     298.44
  313800.000     301.74
  313900.000     298.12
  314000.000     299.90
  314100.000     301.26
  314200.000     300.45
  314300.000     299.11
  314400.000     299.48
  314500.000     301.38
  314600.000     300.62
  314700.000     300.48
  314800.000     299.81
  314900.000     299.38
  315000.000     298.16
  315100.000     299.60
  315200.000     301.81
  315300.000     298.76
  315400.000     299.91
  315500.000     298.73
  315600.000     298.71
  315700.000     298.53
  315800.000     299.50
  315900.000     299.24
  316000.000     299.32
  316100.000     299.29
  316200.000     299.57
  316300.000     300.55
  316400.000     300.98
  316500.000     299.42
  316600.000     299.55
  316700.000     299.54
  316800.000     299.91
  316900.000     299.59
  317000.000     300.99
  317100.000     300.21
  317200.000     300.83
  317300.000     300.96
  317400.000     297.39
  317500.000     300.45
  317600.000     299.51
  317700.000     299.47
  317800.000     301.17
  317900.000     299.78
  318000.000     300.56
  318100.000     300.06
  318200.000     298.45
  318300.000     301.66
  318400.000     299.67
  318500.000     299.35
  318600.000     300.49
  318700.000     301.42
  318800.000     301.03
  318900.000     300.10
  319000.000     300.99
  319100.000     300.39
  319200.000     298.43
  319300.000     300.07
  319400.000     300.35
  319500.000     300.27
  319600.000     299.17
  319700.000     299.23
  319800.000     299.92
  319900.000     300.67
  320000.000     302.50
  320100.000     300.73
  320200.000     302.06
  320300.000     300.06
  320400.000     300.49
  320500.000     298.60
  320600.000     298.95
  320700.000     300.64
  320800.000     299.71
  320900.000     299.74
  321000.000     298.77
  321100.000     299.41
  321200.000     301.55
  321300.000     300.78
  321400.000     299.71
  321500.000     299.32
  321600.000     299.29
  321700.000     301.25
  321800.000     299.73
  321900.000     297.42
  322000.000     301.76
  322100.000     300.08
  322200.000     300.54
  322300.000     300.87
  322400.000     300.12
  322500.000     297.99
  322600.000     299.61
  322700.000     300.23
  322800.000     301.60
  322900.000     300.48
  323000.000     299.11
  323100.000     301.67
  323200.000     300.84
  323300.000     298.46
  323400.000     300.00
  323500.000     301.17
  323600.000     299.94
  323700.000     297.39
  323800.000     299.93
  323900.000     299.17
  324000.000     299.02
  324100.000     300.52
  324200.000     299.32
  324300.000     301.30
  324400.000     299.78
  324500.000     299.09
  324600.000     299.91
  324700.000     301.39
  324800.000     300.65
  324900.000     299.94
  325000.000     300.35
  325100.000     299.34
  325200.000     300.04
  325300.000     300.59
  325400.000     299.46
  325500.000     297.22
  325600.000     299.37
  325700.000     298.79
  325800.000     298.02
  325900.000     299.76
  326000.000     299.48
  326100.000     300.87
  326200.000     300.34
  326300.000     300.95
  326400.000     301.07
  326500.000     299.80
  326600.000     299.45
  326700.000     298.24
  326800.000     299.66
  326900.000     302.96
  327000.000     300.31
  327100.000     299.95
  327200.000     298.66
  327300.000     301.34
  327400.000     299.82
  327500.000     299.09
  327600.000     300.11
  327700.000     300.75
  327800.000     301.31
  327900.000     299.03
  328000.000     301.80
  328100.000     301.05
  328200.000     296.41
  328300.000     300.67
  328400.000     300.48
  328500.000     298.22
  328600.000     300.75
  328700.000     299.21
  328800.000     300.97
  328900.000     300.13
  329000.000     298.77
  329100.000     300.06
  329200.000     301.53
  329300.000     298.16
  329400.000     299.60
  329500.000     298.52
  329600.000     301.65
  329700.000     298.06
  329800.000     298.03
  329900.000     300.64
  330000.000     300.09
  330100.000     300.49
  330200.000     300.98
  330300.000     300.51
  330400.000     300.46
  330500.000     301.04
  330600.000     300.28
  330700.000     300.33
  330800.000     299.31
  330900.000     300.92
  331000.000     299.69
  331100.000     297.57
  331200.000     300.49
  331300.000     298.35
  331400.000     299.24
  331500.000     300.34
  331600.000     299.94
  331700.000     299.61
  331800.000     299.44
  331900.000     299.76
  332000.000     299.63
  332100.000     299.00
  332200.000     300.40
  332300.000     298.25
  332400.000     298.89
  332500.000     299.31
  332600.000     299.18
  332700.000     300.32
  332800.000     303.35
  332900.000     298.64
  333000.000     299.51
  333100.000     299.54
  333200.000     299.57
  333300.000     300.64
  333400.000     299.93
  333500.000     298.23
  333600.000     301.64
  333700.000     299.60
  333800.000     297.81
  333900.000     299.89
  334000.000     299.19
  334100.000     300.84
  334200.000     301.12
  334300.000     299.07
  334400.000     300.16
  334500.000     299.54
  334600.000     299.26
  334700.000     300.97
  334800.000     299.57
  334900.000     299.18
  335000.000     301.64
  335100.000     300.24
  335200.000     299.01
  335300.000     299.75
  335400.000     297.93
  335500.000     301.61
  335600.000     300.65
  335700.000     299.58
  335800.000     299.80
  335900.000     298.94
  336000.000     300.48
  336100.000     301.04
  336200.000     299.87
  336300.000     300.39
  336400.000     299.67
  336500.000     299.93
  336600.000     300.85
  336700.000     299.67
  336800.000     299.86
  336900.000     300.13
  337000.000     298.66
  337100.000     299.98
  337200.000     298.48
  337300.000     298.80
  337400.000     300.06
  337500.000     300.20
  337600.000     297.77
  337700.000     298.47
  337800.000     300.33
  337900.000     300.66
  338000.000     300.98
  338100.000     300.46
  338200.000     301.08
  338300.000     299.91
  338400.000     300.27
  338500.000     300.33
  338600.000     300.18
  338700.000     299.91
  338800.000     299.68
  338900.000     298.79
  339000.000     300.70
  339100.000     300.46
  339200.000     301.35
  339300.000     298.90
  339400.000     300.73
  339500.000     301.07
  339600.000     299.43
  339700.000     300.84
  339800.000     300.27
  339900.000     301.98
  340000.000     298.51
  340100.000     300.75
  340200.000     299.46
  340300.000     299.79
  340400.000     300.51
  340500.000     299.24
  340600.000     300.12
  340700.000     299.94
  340800.000     300.04
  340900.000     298.92
  341000.000     300.73
  341100.000     300.74
  341200.000     298.62
  341300.000     300.05
  341400.000     298.97
  341500.000     298.81
  341600.000     302.07
  341700.000     299.53
  341800.000     298.15
  341900.000     300.89
  342000.000     300.55
  342100.000     301.59
  342200.000     300.79
  342300.000     299.19
  342400.000     300.07
  342500.000     300.04
  342600.000     300.70
  342700.000     299.57
  342800.000     297.79
  342900.000     299.07
  343000.000     301.46
  343100.000     300.22
  343200.000     298.69
  343300.000     299.48
  343400.000     300.07
  343500.000     301.08
  343600.000     299.15
  343700.000     300.88
  343800.000     299.25
  343900.000     300.57
  344000.000     301.03
  344100.000     299.65
  344200.000     299.35
  344300.000     299.64
  344400.000     299.30
  344500.000     297.96
  344600.000     299.11
  344700.000     298.16
  344800.000     299.93
  344900.000     299.79
  345000.000     298.98
  345100.000     300.42
  345200.000     299.45
  345300.000     299.44
  345400.000     300.70
  345500.000     300.03
  345600.000     301.62
  345700.000     301.49
  345800.000     299.72
  345900.000     299.57
  346000.000     298.01
  346100.000     299.82
  346200.000     298.71
  346300.000     299.60
  346400.000     299.56
  346500.000     299.96
  346600.000     299.88
  346700.000     300.13
  346800.000     298.77
  346900.000     299.33
  347000.000     300.64
  347100.000     298.68
  347200.000     301.68
  347300.000     301.55
  347400.000     299.43
  347500.000     301.08
  347600.000     299.92
  347700.000     299.98
  347800.000     301.06
  347900.000     301.56
  348000.000     301.06
  348100.000     301.17
  348200.000     301.71
  348300.000     299.13
  348400.000     300.70
  348500.000     298.13
  348600.000     298.84
  348700.000     300.21
  348800.000     297.76
  348900.000     300.89
  349000.000     299.12
  349100.000     300.79
  349200.000     298.31
  349300.000     303.83
  349400.000     299.58
  349500.000     302.53
  349600.000     300.32
  349700.000     298.75
  349800.000     299.72
  349900.000     299.84
  350000.000     301.06
  350100.000     299.90
  350200.000     299.41
  350300.000     300.05
  350400.000     301.89
  350500.000     301.96
  350600.000     301.70
  350700.000     297.60
  350800.000     299.23
  350900.000     300.10
  351000.000     298.81
  351100.000     300.49
  351200.000     299.56
  351300.000     298.44
  351400.000     299.49
  351500.000     301.01
  351600.000     300.26
  351700.000     301.60
  351800.000     298.44
  351900.000     301.19
  352000.000     300.19
  352100.000     299.23
  352200.000     298.83
  352300.000     301.47
  352400.000     298.89
  352500.000     299.29
  352600.000     299.16
  352700.000     301.94
  352800.000     301.54
  352900.000     299.45
  353000.000     297.46
  353100.000     299.02
  353200.000     298.74
  353300.000     300.74
  353400.000     299.97
  353500.000     299.78
  353600.000     301.07
  353700.000     300.35
  353800.000     300.92
  353900.000     298.25
  354000.000     300.73
  354100.000     298.26
  354200.000     300.40
  354300.000     298.56
  354400.000     299.50
  354500.000     298.97
  354600.000     299.31
  354700.000     299.61
  354800.000     298.76
  354900.000     299.87
  355000.000     301.00
  355100.000     300.73
  355200.000     298.45
  355300.000     299.18
  355400.000     298.55
  355500.000     301.48
  355600.000     299.81
  355700.000     299.32
  355800.000     300.26
  355900.000     301.01
  356000.000     299.72
  356100.000     299.43
  356200.000     299.67
  356300.000     301.13
  356400.000     300.03
  356500.000     298.48
  356600.000     300.97
  356700.000     298.98
  356800.000     300.82
  356900.000     298.30
  357000.000     300.94
  357100.000     300.19
  357200.000     300.07
  357300.000     302.54
  357400.000     302.14
  357500.000     300.81
  357600.000     299.14
  357700.000     300.59
  357800.000     298.29
  357900.000     301.03
  358000.000     299.55
  358100.000     300.79
  358200.000     298.69
  358300.000     298.57
  358400.000     298.28
  358500.000     298.52
  358600.000     300.48
  358700.000     299.88
  358800.000     299.48
  358900.000     299.68
  359000.000     299.82
  359100.000     300.11
  359200.000     299.04
  359300.000     300.38
  359400.000     301.30
  359500.000     301.53
  359600.000     298.69
  359700.000     300.19
  359800.000     299.59
  359900.000     300.19
  360000.000     299.21
  360100.000     299.17
  360200.000     300.32
  360300.000     300.12
  360400.000     299.78
  360500.000     300.71
  360600.000     301.78
  360700.000     300.24
  360800.000     300.91
  360900.000     299.73
  361000.000     299.29
  361100.000     301.79
  361200.000     300.66
  361300.000     298.34
  361400.000     300.08
  361500.000     300.63
  361600.000     300.67
  361700.000     300.34
  361800.000     300.49
  361900.000     300.58
  362000.000     299.19
  362100.000     299.45
  362200.000     297.89
  362300.000     300.40
  362400.000     300.97
  362500.000     301.83
  362600.000     300.72
  362700.000     299.48
  362800.000     299.22
  362900.000     298.96
  363000.000     301.13
  363100.000     300.22
  363200.000     302.80
  363300.000     300.53
  363400.000     299.87
  363500.000     300.10
  363600.000     300.55
  363700.000     301.06
  363800.000     299.37
  363900.000     302.33
  364000.000     302.51
  364100.000     300.75
  364200.000     300.36
  364300.000     300.03
  364400.000     298.66
  364500.000     299.07
  364600.000     301.83
  364700.000     300.56
  364800.000     301.15
  364900.000     299.59
  365000.000     299.32
  365100.000     299.39
  365200.000     299.79
  365300.000     300.15
  365400.000     300.63
  365500.000     300.95
  365600.000     299.84
  365700.000     298.24
  365800.000     299.75
  365900.000     298.03
  366000.000     299.50
  366100.000     299.16
  366200.000     300.64
  366300.000     299.48
  366400.000     299.40
  366500.000     299.22
  366600.000     299.35
  366699.999     300.55
  366799.999     300.63
  366899.999     300.21
  366999.999     301.87
  367099.999     298.59
  367199.999     300.38
  367299.999     299.42
  367399.999     301.38
  367499.999     299.10
  367599.999     301.02
  367699.999     299.83
  367799.999     300.80
  367899.999     299.83
  367999.999     301.27
  368099.999     301.15
  368199.999     298.89
  368299.999     299.53
  368399.999     300.23
  368499.999     299.31
  368599.999     299.83
  368699.999     298.32
  368799.999     300.48
  368899.999     298.63
  368999.999     301.11
  369099.999     300.55
  369199.999     301.19
  369299.999     300.80
  369399.999     298.40
  369499.999     300.74
  369599.999     300.34
  369699.999     301.10
  369799.999     298.85
  369899.999     299.09
  369999.999     299.95
  370099.999     300.72
  370199.999     299.45
  370299.999     298.79
  370399.999     301.88
  370499.999     299.76
  370599.999     300.04
  370699.999     299.92
  370799.999     299.63
  370899.999     300.36
  370999.999     300.67
  371099.999     299.88
  371199.999     300.03
  371299.999     299.86
  371399.999     300.73
  371499.999     299.37
  371599.999     299.71
  371699.999     300.89
  371799.999     299.63
  371899.999     299.86
  371999.999     299.10
  372099.999     298.46
  372199.999     297.82
  372299.999     301.58
  372399.999     300.92
  372499.999     299.25
  372599.999     300.12
  372699.999     300.41
  372799.999     299.42
  372899.999     299.78
  372999.999     299.76
  373099.999     299.52
  373199.999     297.96
  373299.999     299.32
  373399.999     299.43
  373499.999     299.99
  373599.999     298.90
  373699.999     300.71
  373799.999     300.13
  373899.999     301.84
  373999.999     300.33
  374099.999     299.99
  374199.999     300.41
  374299.999     301.34
  374399.999     299.42
  374499.999     300.45
  374599.999     299.33
  374699.999     297.82
  374799.999     300.82
  374899.999     297.84
  374999.999     298.48
  375099.999     298.42
  375199.999     298.79
  375299.999     298.31
  375399.999     300.72
  375499.999     300.41
  375599.999     297.75
  375699.999     298.77
  375799.999     300.95
  375899.999     301.72
  375999.999     299.83
  376099.999     300.12
  376199.999     300.15
  376299.999     298.37
  376399.999     300.40
  376499.999     299.68
  376599.999     299.43
  376699.999     300.99
  376799.999     301.28
  376899.999     299.31
  376999.999     299.54
  377099.999     300.64
  377199.999     299.10
  377299.999     300.35
  377399.999     300.66
  377499.999     300.94
  377599.999     300.08
  377699.999     300.17
  377799.999     298.95
  377899.999     300.90
  377999.999     299.57
  378099.999     300.66
  378199.999     302.02
  378299.999     301.94
  378399.999     299.44
  378499.999     298.22
  378599.999     302.10
  378699.999     299.80
  378799.999     300.88
  378899.999     300.52
  378999.999     300.86
  379099.999     297.78
  379199.999     301.03
  379299.999     299.34
  379399.999     299.01
  379499.999     297.74
  379599.999     301.79
  379699.999     298.61
  379799.999     297.36
  379899.999     300.55
  379999.999     300.07
  380099.999     299.75
  380199.999     299.15
  380299.999     301.34
  380399.999     301.43
  380499.999     300.07
  380599.999     300.91
  380699.999     301.42
  380799.999     298.38
  380899.999     299.53
  380999.999     299.65
  381099.999     301.68
  381199.999     298.43
  381299.999     300.72
  381399.999     299.71
  381499.999     300.64
  381599.999     300.80
  381699.999     300.07
  381799.999     300.06
  381899.999     300.47
  381999.999     299.88
  382099.999     299.90
  382199.999     299.11
  382299.999     300.65
  382399.999     300.67
  382499.999     300.83
  382599.999     299.91
  382699.999     301.51
  382799.999     299.86
  382899.999     298.71
  382999.999     299.42
  383099.999     301.30
  383199.999     300.18
  383299.999     300.55
  383399.999     299.67
  383499.999     298.93
  383599.999     299.69
  383699.999     299.67
  383799.999     300.58
  383899.999     298.57
  383999.999     298.78
  384099.999     301.20
  384199.999     299.11
  384299.999     300.79
  384399.999     299.58
  384499.999     299.44
  384599.999     298.91
  384699.999     300.29
  384799.999     301.30
  384899.999     299.25
  384999.999     299.04
  385099.999     299.17
  385199.999     299.39
  385299.999     300.43
  385399.999     299.73
  385499.999     299.40
  385599.999     299.82
  385699.999     300.53
  385799.999     299.47
  385899.999     299.49
  385999.999     300.55
  386099.999     302.13
  386199.999     298.63
  386299.999     299.47
  386399.999     299.97
  386499.999     300.03
  386599.999     300.05
  386699.999     299.76
  386799.999     300.53
  386899.999     299.40
  386999.999     300.22
  387099.999     298.22
  387199.999     299.31
  387299.999     298.53
  387399.999     299.56
  387499.999     301.17
  387599.999     299.22
  387699.999     298.52
  387799.999     299.45
  387899.999     299.55
  387999.999     300.89
  388099.999     299.98
  388199.999     301.65
  388299.999     298.47
  388399.999     299.82
  388499.999     298.89
  388599.999     299.63
  388699.999     300.45
  388799.999     298.54
  388899.999     299.65
  388999.999     299.95
  389099.999     300.35
  389199.999     300.42
  389299.999     300.09
  389399.999     299.67
  389499.999     301.64
  389599.999     299.45
  389699.999     298.86
  389799.999     300.94
  389899.999     301.30
  389999.999     301.13
  390099.999     300.96
  390199.999     301.80
  390299.999     300.17
  390399.999     299.14
  390499.999     299.69
  390599.999     300.72
  390699.999     298.34
  390799.999     299.27
  390899.999     299.66
  390999.999     300.04
  391099.999     300.27
  391199.999     300.27
  391299.999     299.09
  391399.999     298.24
  391499.999     299.71
  391599.999     298.98
  391699.999     298.82
  391799.999     300.47
  391899.999     301.62
  391999.999     299.86
  392099.999     297.73
  392199.999     298.46
  392299.999     300.34
  392399.999     299.02
  392499.999     298.90
  392599.999     299.85
  392699.999     300.45
  392799.999     297.82
  392899.999     302.29
  392999.999     299.57
  393099.999     299.86
  393199.999     299.99
  393299.999     300.69
  393399.999     299.70
  393499.999     302.70
  393599.999     300.14
  393699.999     301.03
  393799.999     300.56
  393899.999     302.15
  393999.999     299.76
  394099.999     300.71
  394199.999     299.84
  394299.999     299.64
  394399.999     297.49
  394499.999     298.71
  394599.999     300.77
  394699.999     298.76
  394799.999     299.35
  394899.999     301.23
  394999.999     301.02
  395099.999     298.93
  395199.999     301.02
  395299.999     300.43
  395399.999     300.41
  395499.999     300.52
  395599.999     299.34
  395699.999     298.97
  395799.999     300.56
  395899.999     299.09
  395999.999     299.82
  396099.999     299.79
  396199.999     299.50
  396299.999     299.81
  396399.999     300.67
  396499.999     300.46
  396599.999     301.79
  396699.999     299.98
  396799.999     300.04
  396899.999     300.24
  396999.999     300.47
  397099.999     299.39
  397199.999     300.34
  397299.999     300.10
  397399.999     299.57
  397499.999     299.08
  397599.999     299.96
  397699.999     300.62
  397799.999     301.59
  397899.999     300.87
  397999.999     299.66
  398099.999     300.54
  398199.999     300.07
  398299.999     298.37
  398399.999     300.04
  398499.999     299.17
  398599.999     300.26
  398699.999     301.61
  398799.999     299.54
  398899.999     299.00
  398999.999     300.42
  399099.999     300.10
  399199.999     299.51
  399299.999     299.61
  399399.999     300.49
  399499.999     299.52
  399599.999     300.09
  399699.999     301.68
  399799.999     301.75
  399899.999     299.90
  399999.999     299.04
  400099.999     299.40
  400199.999     300.42
  400299.999     299.29
  400399.999     297.86
  400499.999     299.88
  400599.999     300.99
  400699.999     300.67
  400799.999     300.94
  400899.999     299.29
  400999.999     299.70
  401099.999     298.64
  401199.999     299.49
  401299.999     301.15
  401399.999     299.39
  401499.999     299.14
  401599.999     297.19
  401699.999     299.08
  401799.999     299.88
  401899.999     299.25
  401999.999     299.34
  402099.999     299.21
  402199.999     299.16
  402299.999     299.68
  402399.999     300.36
  402499.999     300.93
  402599.999     300.71
  402699.999     299.89
  402799.999     299.28
  402899.999     300.95
  402999.999     298.68
  403099.999     298.83
  403199.999     299.67
  403299.999     298.57
  403399.999     301.49
  403499.999     298.95
  403599.999     298.53
  403699.999     300.11
  403799.999     298.64
  403899.999     301.61
  403999.999     299.49
  404099.999     298.75
  404199.999     298.89
  404299.999     297.94
  404399.999     301.62
  404499.999     300.34
  404599.999     299.34
  404699.999     298.73
  404799.999     299.64
  404899.999     298.81
  404999.999     301.48
  405099.999     300.34
  405199.999     300.39
  405299.999     299.62
  405399.999     300.75
  405499.999     300.59
  405599.999     299.50
  405699.999     298.53
  405799.999     301.33
  405899.999     298.97
  405999.999     299.03
  406099.999     299.15
  406199.999     300.01
  406299.999     299.74
  406399.999     300.60
  406499.999     301.27
  406599.999     298.55
  406699.999     298.04
  406799.999     300.96
  406899.999     300.83
  406999.999     301.95
  407099.999     300.73
  407199.999     301.52
  407299.999     301.31
  407399.999     297.61
  407499.999     301.53
  407599.999     298.81
  407699.999     301.69
  407799.999     299.17
  407899.999     301.59
  407999.999     300.77
  408099.999     299.09
  408199.999     301.20
  408299.999     299.20
  408399.999     300.27
  408499.999     299.78
  408599.999     298.33
  408699.999     299.38
  408799.999     301.75
  408899.999     299.92
  408999.999     299.24
  409099.999     298.19
  409199.999     300.51
  409299.999     297.63
  409399.999     299.27
  409499.999     303.35
  409599.999     299.71
  409699.999     301.76
  409799.999     301.03
  409899.999     300.59
  409999.999     299.46
  410099.999     299.24
  410199.999     299.46
  410299.999     300.38
  410399.999     299.21
  410499.999     298.59
  410599.999     300.78
  410699.999     299.38
  410799.999     300.81
  410899.999     299.00
  410999.999     301.06
  411099.999     299.68
  411199.999     302.16
  411299.999     298.85
  411399.999     298.80
  411499.999     297.79
  411599.999     300.69
  411699.999     299.12
  411799.999     301.75
  411899.999     300.04
  411999.999     299.72
  412099.999     300.53
  412199.999     299.44
  412299.999     299.06
  412399.999     301.87
  412499.999     299.47
  412599.999     300.97
  412699.999     300.04
  412799.999     300.49
  412899.999     299.36
  412999.999     300.65
  413099.999     303.09
  413199.999     301.38
  413299.999     297.56
  413399.999     299.72
  413499.999     299.63
  413599.999     300.40
  413699.999     300.16
  413799.999     300.62
  413899.999     300.88
  413999.999     300.08
  414099.999     301.30
  414199.999     300.11
  414299.999     299.82
  414399.999     299.59
  414499.999     300.75
  414599.999     298.53
  414699.999     300.75
  414799.999     299.84
  414899.999     299.55
  414999.999     300.10
  415099.999     300.70
  415199.999     299.54
  415299.999     301.36
  415399.999     301.56
  415499.999     299.35
  415599.999     299.15
  415699.999     299.03
  415799.999     301.28
  415899.999     299.71
  415999.999     300.29
  416099.999     300.78
  416199.999     300.29
  416299.999     302.36
  416399.999     300.44
  416499.999     299.71
  416599.999     301.49
  416699.999     301.20
  416799.999     299.98
  416899.999     301.05
  416999.999     299.32
  417099.999     300.27
  417199.999     300.07
  417299.999     299.17
  417399.999     300.80
  417499.999     298.63
  417599.999     299.74
  417699.999     298.54
  417799.999     299.92
  417899.999     299.83
  417999.999     298.84
  418099.999     299.91
  418199.999     299.91
  418299.999     298.24
  418399.999     300.44
  418499.999     299.59
  418599.999     298.51
  418699.999     300.06
  418799.999     299.70
  418899.999     300.64
  418999.999     301.61
  419099.999     300.85
  419199.999     299.50
  419299.999     299.41
  419399.999     298.14
  419499.999     302.29
  419599.999     301.03
  419699.999     299.54
  419799.999     299.54
  419899.999     301.60
  419999.999     301.64
