       0.000           0.0000
       0.500         168.1305
       1.000         235.8599
       1.500         343.7225
       2.000         449.6160
       2.500         556.7990
       3.000         667.5681
       3.500         783.0248
       4.000         889.4610
       4.500        1009.8846
       5.000        1124.5143
       5.500        1243.0449
       6.000        1359.8945
       6.500        1477.8721
       7.000        1562.7238
       7.500        1702.4366
       8.000        1818.2245
       8.500        1928.3359
       9.000        2039.9800
       9.500        2156.5942
      10.000        2306.4761
      10.500        2361.9695
      11.000        2519.2727
      11.500        2608.1077
      12.000        2735.5479
      12.500        2828.3972
      13.000        2976.2168
      13.500        3038.8621
      14.000        3160.9785
      14.500        3302.9570
      15.000        3401.1333
      15.500        3550.5703
      16.000        3657.2566
      16.500        3751.3557
      17.000        3839.5171
      17.500        4065.2334
      18.000        4100.5151
      18.500        4214.9614
      19.000        4341.9058
      19.500        4414.3667
      20.000        4579.0005
      20.500        4603.7603
      21.000        4714.6494
      21.500        4721.7568
      22.000        4792.7832
      22.500        4861.8027
      23.000        4897.6670
      23.500        5026.6953
      24.000        5010.1323
      24.500        5044.5186
      25.000        5151.1270
      25.500        5125.1489
      26.000        5256.0591
      26.500        5324.5103
      27.000        5383.1870
      27.500        5455.0439
      28.000        5502.6284
      28.500        5582.4194
      29.000        5618.0059
      29.500        5603.6069
      30.000        5729.3130
      30.500        5747.9370
      31.000        5753.7188
      31.500        5927.2397
      32.000        5915.6035
      32.500        6024.7285
      33.000        6012.2690
      33.500        6073.9199
      34.000        6119.8555
      34.500        6151.9644
      35.000        6264.1885
      35.500        6318.6040
      36.000        6434.7686
      36.500        6440.1655
      37.000        6512.0371
      37.500        6546.6143
      38.000        6597.5259
      38.500        6635.2998
      39.000        6800.4346
      39.500        6839.7300
      40.000        6835.0815
      40.500        6857.9204
      41.000        6985.2451
      41.500        6978.3975
      42.000        7086.9902
      42.500        7131.5210
      43.000        7187.3931
      43.500        7230.7266
      44.000        7320.6816
      44.500        7411.1753
      45.000        7421.5493
      45.500        7511.6313
      46.000        7612.6943
      46.500        7609.6396
      47.000        7703.5151
      47.500        7689.3296
      48.000        7854.7666
      48.500        7911.2114
      49.000        7958.1592
      49.500        7830.9634
      50.000        7975.1304
      50.500        8173.7822
      51.000        8125.1851
      51.500        8073.9307
      52.000        8182.0059
      52.500        8243.2139
      53.000        8416.3369
      53.500        8443.2100
      54.000        8372.6152
      54.500        8472.6094
      55.000        8565.2422
      55.500        8563.0352
      56.000        8601.7188
      56.500        8722.0410
      57.000        8696.3057
      57.500        8821.4229
      58.000        8847.7090
      58.500        8869.9443
      59.000        9026.4414
      59.500        9114.6152
      60.000        9133.8330
      60.500        9195.6562
      61.000        9241.4932
      61.500        9209.8662
      62.000        9345.6377
      62.500        9336.6455
      63.000        9420.3730
      63.500        9305.1641
      64.000        9352.2363
      64.500        9282.7812
      65.000        9398.8350
      65.500        9477.2061
      66.000        9419.8936
      66.500        9556.0049
      67.000        9595.3135
      67.500        9556.6123
      68.000        9649.0518
      68.500        9787.0293
      69.000        9662.4121
      69.500        9646.4951
      70.000        9686.2451
      70.500        9732.8760
      71.000        9761.7705
      71.500        9782.9697
      72.000        9914.4043
      72.500        9833.4160
      73.000        9977.0693
      73.500        9920.2246
      74.000        9857.2275
      74.500        9972.5195
      75.000        9978.0654
      75.500        9928.9277
      76.000       10205.6553
      76.500       10068.5557
      77.000       10054.5605
      77.500       10132.4492
      78.000       10318.3945
      78.500       10280.2227
      79.000       10176.7080
      79.500       10247.4375
      80.000       10411.9775
      80.500       10399.8262
      81.000       10514.9775
      81.500       10374.6113
      82.000       10401.6328
      82.500       10389.7881
      83.000       10388.2559
      83.500       10661.1152
      84.000       10541.5381
      84.500       10566.2793
      85.000       10633.6133
      85.500       10512.0586
      86.000       10709.9922
      86.500       10651.1035
      87.000       10732.9688
      87.500       10833.1797
      88.000       10732.8301
      88.500       10780.6416
      89.000       10908.9336
      89.500       10779.2012
      90.000       10872.4355
      90.500       10897.9326
      91.000       10909.8223
      91.500       10901.5625
      92.000       10915.2393
      92.500       10947.4443
      93.000       10932.4150
      93.500       10985.8828
      94.000       11094.1650
      94.500       11144.5537
      95.000       11148.7549
      95.500       11115.4561
      96.000       11100.8760
      96.500       11194.1455
      97.000       11300.0439
      97.500       11280.8984
      98.000       11250.6445
      98.500       11397.7461
      99.000       11360.9883
      99.500       11450.3447
     100.000       11414.1328
     100.500       11479.3896
     101.000       11469.8535
     101.500       11412.2129
     102.000       11542.3545
     102.500       11562.0889
     103.000       11515.3018
     103.500       11743.2568
     104.000       11674.6904
     104.500       11599.0859
     105.000       11709.3232
     105.500       11697.2920
     106.000       11821.6699
     106.500       11914.7881
     107.000       11788.4111
     107.500       11737.1182
     108.000       12025.0010
     108.500       12032.5293
     109.000       11925.4355
     109.500       11984.4053
     110.000       11992.3350
     110.500       11972.4033
     111.000       12147.3096
     111.500       12117.0977
     112.000       12180.7920
     112.500       12235.5156
     113.000       12157.9277
     113.500       12129.7695
     114.000       12396.5117
     114.500       12213.0684
     115.000       12228.4668
     115.500       12240.7725
     116.000       12412.2881
     116.500       12392.4629
     117.000       12279.8936
     117.500       12444.5332
     118.000       12451.7314
     118.500       12500.3330
     119.000       12414.0400
     119.500       12428.7031
     120.000       12481.8975
     120.500       12629.9355
     121.000       12678.4355
     121.500       12744.2139
     122.000       12804.5625
     122.500       12797.0410
     123.000       12670.3125
     123.500       12909.5088
     124.000       12828.8916
     124.500       12978.7539
     125.000       12775.0918
     125.500       12745.0273
     126.000       13031.4570
     126.500       12757.9580
     127.000       12995.1523
     127.500       13012.1797
     128.000       13028.9004
     128.500       12948.8457
     129.000       13046.7510
     129.500       13159.1074
     130.000       13119.9092
     130.500       13292.8594
     131.000       13226.0889
     131.500       13276.8076
     132.000       13302.1553
     132.500       13343.3223
     133.000       13151.8740
     133.500       13329.3369
     134.000       13512.2998
     134.500       13284.7812
     135.000       13544.0859
     135.500       13512.9326
     136.000       13531.3428
     136.500       13589.2041
     137.000       13623.6807
     137.500       13684.9795
     138.000       13659.1582
     138.500       13680.5928
     139.000       13673.6240
     139.500       13592.7578
     140.000       13877.3779
     140.500       13705.9492
     141.000       13736.1455
     141.500       13731.9248
     142.000       13712.6172
     142.500       13654.8516
     143.000       13696.8438
     143.500       13589.8691
     144.000       13783.9023
     144.500       13728.3330
     145.000       13666.5859
     145.500       13854.7227
     146.000       13793.4307
     146.500       13793.4766
     147.000       13776.7803
     147.500       13806.2793
     148.000       13808.7334
     148.500       13687.2959
     149.000       13775.7334
     149.500       13728.9814
     150.000       13816.3115
     150.500       13816.7842
     151.000       13760.4121
     151.500       13690.5098
     152.000       13673.0244
     152.500       13842.1670
     153.000       13830.1543
     153.500       13655.6816
     154.000       13576.0254
     154.500       13750.2695
     155.000       13676.1035
     155.500       13647.7246
     156.000       13814.3750
     156.500       13744.9072
     157.000       13876.9443
     157.500       13749.4668
     158.000       13751.4639
     158.500       13705.7793
     159.000       13605.9814
     159.500       13568.4609
     160.000       13597.5811
     160.500       13773.1475
     161.000       13571.9736
     161.500       13696.0664
     162.000       13618.3926
     162.500       13686.4834
     163.000       13898.3018
     163.500       13559.1270
     164.000       13640.1895
     164.500       13673.2793
     165.000       13580.5615
     165.500       13745.7725
     166.000       13768.6826
     166.500       13679.8867
     167.000       13791.0957
     167.500       13827.0508
     168.000       13758.7959
     168.500       13602.3076
     169.000       13609.0635
     169.500       13797.1367
     170.000       13832.3223
     170.500       13837.1963
     171.000       13909.4766
     171.500       13612.0459
     172.000       13697.6494
     172.500       13613.0449
     173.000       13874.4150
     173.500       13826.0576
     174.000       13618.8965
     174.500       13733.3701
     175.000       13736.0527
     175.500       13736.8457
     176.000       13686.6650
     176.500       13891.1621
     177.000       13638.1904
     177.500       13742.5498
     178.000       13666.7920
     178.500       13810.7051
     179.000       13644.9434
     179.500       13745.9023
     180.000       13783.7803
     180.500       13679.0410
     181.000       13762.7246
     181.500       13716.6416
     182.000       13633.8740
     182.500       13706.6533
     183.000       13860.1387
     183.500       13747.5518
     184.000       13800.1318
     184.500       13664.5049
     185.000       13851.7637
     185.500       13679.8877
     186.000       13814.7686
     186.500       13753.6113
     187.000       13647.2764
     187.500       13677.5439
     188.000       13723.6904
     188.500       13630.1387
     189.000       13598.6816
     189.500       13696.9551
     190.000       13742.2285
     190.500       13701.1250
     191.000       13717.3184
     191.500       13830.4287
     192.000       13610.4092
     192.500       13677.9258
     193.000       13717.4893
     193.500       13706.0078
     194.000       13795.9570
     194.500       13679.2314
     195.000       13769.6006
     195.500       13639.7734
     196.000       13720.8682
     196.500       13827.7471
     197.000       13829.3291
     197.500       13646.5742
     198.000       13789.9141
     198.500       13716.7881
     199.000       13709.2061
     199.500       13742.3242
     200.000       13618.3477
     200.500       13691.3809
     201.000       13859.1328
     201.500       13661.5469
     202.000       13717.5508
     202.500       13608.1455
     203.000       13662.7363
     203.500       13633.0723
     204.000       13692.3145
     204.500       13662.0146
     205.000       13778.2871
     205.500       13806.5986
     206.000       13715.1523
     206.500       13757.1094
     207.000       13711.0400
     207.500       13813.2764
     208.000       13617.4844
     208.500       13755.4600
     209.000       13741.6895
     209.500       13573.5742
     210.000       13795.1182
     210.500       13755.6973
     211.000       13659.3555
     211.500       13587.6025
     212.000       13620.2607
     212.500       13811.3506
     213.000       13569.1982
     213.500       13728.6738
     214.000       13648.7559
     214.500       13813.9619
     215.000       13854.0947
     215.500       13750.6455
     216.000       13598.4111
     216.500       13734.5205
     217.000       13796.5234
     217.500       13762.7041
     218.000       13769.6357
     218.500       13532.8408
     219.000       13792.8291
     219.500       13819.8311
     220.000       13645.8438
     220.500       13679.7129
     221.000       13676.1084
     221.500       13671.9326
     222.000       13870.0029
     222.500       13803.0977
     223.000       13849.0654
     223.500       13710.3047
     224.000       13766.5059
     224.500       13720.3525
     225.000       13740.6797
     225.500       13625.5947
     226.000       13781.8564
     226.500       13788.9395
     227.000       13721.3047
     227.500       13793.7812
     228.000       13920.4492
     228.500       13670.5879
     229.000       13813.1875
     229.500       13737.0625
     230.000       13675.8994
     230.500       13724.9307
     231.000       13728.1240
     231.500       13814.3447
     232.000       13658.6836
     232.500       13873.4092
     233.000       13682.0693
     233.500       13719.8447
     234.000       13731.6650
     234.500       13841.3281
     235.000       13881.0615
     235.500       13719.3076
     236.000       13717.7432
     236.500       13747.5508
     237.000       13812.4248
     237.500       13820.7031
     238.000       13795.4678
     238.500       13739.1299
     239.000       13715.0635
     239.500       13840.1621
     240.000       13736.9629
     240.500       13820.1172
     241.000       13623.0254
     241.500       13751.6973
     242.000       13901.1797
     242.500       13782.0771
     243.000       13654.6504
     243.500       13749.0576
     244.000       13773.8184
     244.500       13747.3594
     245.000       13768.3545
     245.500       13695.5713
     246.000       13715.3369
     246.500       13691.1602
     247.000       13759.1816
     247.500       13652.7188
     248.000       13694.9668
     248.500       13672.4619
     249.000       13723.4355
     249.500       13757.7100
     250.000       13778.1602
     250.500       13703.6875
     251.000       13763.8369
     251.500       13780.2109
     252.000       13733.2285
     252.500       13675.3281
     253.000       13885.0498
     253.500       13693.2295
     254.000       13899.9980
     254.500       13665.7715
     255.000       13672.9219
     255.500       13731.3037
     256.000       13819.2363
     256.500       13710.8799
     257.000       13690.5938
     257.500       13754.8467
     258.000       13711.1387
     258.500       13777.1113
     259.000       13613.3125
     259.500       13777.7773
     260.000       13600.8936
     260.500       13760.8428
     261.000       13764.6084
     261.500       13727.2734
     262.000       13691.1533
     262.500       13610.9326
     263.000       13559.4707
     263.500       13729.8135
     264.000       13641.6172
     264.500       13886.9121
     265.000       13861.0830
     265.500       13820.0957
     266.000       13543.7520
     266.500       13943.0527
     267.000       13812.3105
     267.500       13788.6729
     268.000       13895.2529
     268.500       13662.1240
     269.000       13772.9219
     269.500       13652.5625
     270.000       13842.6865
     270.500       13677.2363
     271.000       13902.9473
     271.500       13775.5000
     272.000       13525.1973
     272.500       13798.5234
     273.000       13632.7266
     273.500       13905.1230
     274.000       13786.1729
     274.500       13723.6074
     275.000       13706.0664
     275.500       13791.1895
     276.000       13904.1152
     276.500       13782.8086
     277.000       13701.8691
     277.500       13602.3105
     278.000       13657.3047
     278.500       13761.7734
     279.000       13844.0527
     279.500       13507.3516
     280.000       13705.5459
     280.500       13721.4600
     281.000       13628.4746
     281.500       13752.3936
     282.000       13766.9844
     282.500       13853.0000
     283.000       13775.4346
     283.500       13774.1836
     284.000       13730.9189
     284.500       13642.7734
     285.000       13832.4863
     285.500       13691.4492
     286.000       13646.3066
     286.500       13678.4893
     287.000       13655.5176
     287.500       13555.5635
     288.000       13711.6133
     288.500       13731.2803
     289.000       13657.3398
     289.500       13679.0518
     290.000       13697.0449
     290.500       13543.6924
     291.000       13727.8701
     291.500       13824.1445
     292.000       13711.2686
     292.500       13697.1670
     293.000       13667.3955
     293.500       13737.8877
     294.000       13615.9521
     294.500       13778.3428
     295.000       13741.5576
     295.500       13957.5029
     296.000       13741.4941
     296.500       13662.0381
     297.000       13642.1484
     297.500       13860.7871
     298.000       13740.4082
     298.500       13774.4717
     299.000       13658.4297
     299.500       13892.7617
     300.000       13624.6299
     300.500       13823.8105
     301.000       13793.7578
     301.500       13761.0635
     302.000       13708.2217
     302.500       13669.1660
     303.000       13654.8604
     303.500       13838.2568
     304.000       13671.1318
     304.500       13691.5918
     305.000       13609.2422
     305.500       13902.2676
     306.000       13666.8818
     306.500       13497.7109
     307.000       13738.3799
     307.500       13712.6514
     308.000       13760.8203
     308.500       13731.1650
     309.000       13836.0928
     309.500       13477.1328
     310.000       13742.2402
     310.500       13736.8623
     311.000       13773.8447
     311.500       13835.1934
     312.000       13681.6943
     312.500       13856.2852
     313.000       13944.7031
     313.500       13718.5732
     314.000       13840.1113
     314.500       13834.7402
     315.000       13868.4238
     315.500       13743.7168
     316.000       13767.3359
     316.500       13736.4375
     317.000       13685.2637
     317.500       13608.7227
     318.000       13856.6768
     318.500       13845.1426
     319.000       13514.8477
     319.500       13715.1484
     320.000       13739.2646
     320.500       13717.5615
     321.000       13778.1484
     321.500       13741.1592
     322.000       13931.7979
     322.500       13669.6963
     323.000       13736.6943
     323.500       13862.5918
     324.000       13768.0254
     324.500       13761.5059
     325.000       13678.1172
     325.500       13764.4814
     326.000       13787.1992
     326.500       13873.6016
     327.000       13748.5264
     327.500       13660.1006
     328.000       13641.6895
     328.500       13720.9932
     329.000       14028.0645
     329.500       13750.4277
     330.000       13823.4639
     330.500       13695.2383
     331.000       13781.8750
     331.500       13785.5498
     332.000       13783.5557
     332.500       13835.2188
     333.000       13769.3857
     333.500       13514.7852
     334.000       13685.2236
     334.500       13921.4805
     335.000       13813.7627
     335.500       13698.5811
     336.000       13709.4287
     336.500       13928.2090
     337.000       13664.3789
     337.500       13786.8750
     338.000       13850.5029
     338.500       13825.8984
     339.000       13860.6104
     339.500       13732.0557
     340.000       13709.6865
     340.500       13612.8486
     341.000       13798.9531
     341.500       13875.4873
     342.000       13804.8984
     342.500       13906.9199
     343.000       13816.6699
     343.500       13686.2744
     344.000       13778.7012
     344.500       13735.2588
     345.000       13722.0938
     345.500       13614.9092
     346.000       13739.4932
     346.500       13776.5840
     347.000       13701.8545
     347.500       13628.0713
     348.000       13854.7715
     348.500       13787.2803
     349.000       13599.3193
     349.500       13822.1797
     350.000       13716.0137
     350.500       13702.1973
     351.000       13718.8076
     351.500       13653.0977
     352.000       13835.9102
     352.500       13608.1572
     353.000       13683.7461
     353.500       13732.9707
     354.000       13657.9990
     354.500       13868.5400
     355.000       13739.0488
     355.500       13769.5557
     356.000       13631.1602
     356.500       13640.0176
     357.000       13720.2148
     357.500       13567.2822
     358.000       13674.7705
     358.500       13624.7949
     359.000       13669.4424
     359.500       13677.1934
     360.000       13782.3301
     360.500       13778.7119
     361.000       13689.3594
     361.500       13737.7646
     362.000       13672.0986
     362.500       13724.9961
     363.000       13786.5537
     363.500       13768.5625
     364.000       13899.8994
     364.500       13694.4404
     365.000       13864.2715
     365.500       13862.5547
     366.000       13785.2510
     366.500       13693.6172
     367.000       13677.0830
     367.500       13802.7061
     368.000       13727.6895
     368.500       13836.6680
     369.000       13612.5732
     369.500       13870.1348
     370.000       13675.8184
     370.500       13695.4072
     371.000       13735.8516
     371.500       13866.8613
     372.000       13757.4287
     372.500       13772.8359
     373.000       13765.1816
     373.500       13781.4639
     374.000       13835.2402
     374.500       13715.0322
     375.000       13714.1436
     375.500       13757.8369
     376.000       13756.8662
     376.500       13777.5811
     377.000       13750.1289
     377.500       13481.0879
     378.000       13616.3398
     378.500       13679.3213
     379.000       13830.9922
     379.500       13642.5830
     380.000       13781.1191
     380.500       13755.6221
     381.000       13856.4746
     381.500       13749.0225
     382.000       13881.1064
     382.500       13888.7480
     383.000       13666.2188
     383.500       13710.3164
     384.000       13799.3213
     384.500       13832.5420
     385.000       13748.7832
     385.500       13641.9072
     386.000       13731.8096
     386.500       13674.3438
     387.000       13659.3525
     387.500       13698.1660
     388.000       13839.7529
     388.500       13644.8945
     389.000       13647.6436
     389.500       13845.1045
     390.000       13754.1777
     390.500       13678.8828
     391.000       13772.1816
     391.500       13731.5723
     392.000       13661.8408
     392.500       13739.0488
     393.000       13769.5967
     393.500       13658.0713
     394.000       13728.6602
     394.500       13785.2295
     395.000       13838.2119
     395.500       13773.8721
     396.000       13655.4082
     396.500       13848.0791
     397.000       13676.1514
     397.500       13720.9551
     398.000       13983.3047
     398.500       13732.4521
     399.000       13842.8691
     399.500       13802.4395
     400.000       13676.3066
