       0.000     -135860.4020
       0.500      -97097.2795
       1.000      -97390.8751
       1.500      -97528.3298
       2.000      -97591.9883
       2.500      -97588.3687
       3.000      -97568.9428
       3.500      -97541.0497
       4.000      -97489.2191
       4.500      -97419.1550
       5.000      -97362.1406
       5.500      -97295.5483
       6.000      -97231.1495
       6.500      -97172.1298
       7.000      -97094.7499
       7.500      -97009.3351
       8.000      -96927.9346
       8.500      -96879.4311
       9.000      -96798.1319
       9.500      -96733.4967
      10.000      -96647.6319
      10.500      -96563.2747
      11.000      -96467.4765
      11.500      -96378.1250
      12.000      -96336.5784
      12.500      -96215.5317
      13.000      -96177.8990
      13.500      -96079.5205
      14.000      -96065.1363
      14.500      -95934.1969
      15.000      -95850.3862
      15.500      -95785.4860
      16.000      -95673.5354
      16.500      -95585.2988
      17.000      -95512.9460
      17.500      -95367.2306
      18.000      -95297.6531
      18.500      -95221.9099
      19.000      -95154.6327
      19.500      -95066.4030
      20.000      -94975.8558
      20.500      -94936.1160
      21.000      -94859.8017
      21.500      -94825.3689
      22.000      -94819.2346
      22.500      -94793.0661
      23.000      -94714.7549
      23.500      -94652.9324
      24.000      -94611.3670
      24.500      -94616.9464
      25.000      -94556.2207
      25.500      -94488.2659
      26.000      -94500.6952
      26.500      -94423.5271
      27.000      -94350.8229
      27.500      -94376.9991
      28.000      -94381.1221
      28.500      -94312.4431
      29.000      -94324.2074
      29.500      -94240.7465
      30.000      -94215.3017
      30.500      -94127.7857
      31.000      -94087.1788
      31.500      -94125.4235
      32.000      -93979.8830
      32.500      -93948.5369
      33.000      -93903.9012
      33.500      -93937.1858
      34.000      -93852.5765
      34.500      -93834.0423
      35.000      -93824.9643
      35.500      -93742.1983
      36.000      -93723.8952
      36.500      -93618.1889
      37.000      -93549.5571
      37.500      -93560.1294
      38.000      -93466.2709
      38.500      -93472.5842
      39.000      -93440.9570
      39.500      -93327.8498
      40.000      -93371.9467
      40.500      -93292.2833
      41.000      -93230.3615
      41.500      -93231.5592
      42.000      -93214.6534
      42.500      -93040.7030
      43.000      -93018.1920
      43.500      -93021.4382
      44.000      -92947.3901
      44.500      -92896.2121
      45.000      -92828.9691
      45.500      -92771.1150
      46.000      -92769.7209
      46.500      -92652.6794
      47.000      -92610.1509
      47.500      -92643.3577
      48.000      -92504.9513
      48.500      -92426.5931
      49.000      -92448.6442
      49.500      -92566.4601
      50.000      -92277.4531
      50.500      -92249.9201
      51.000      -92208.5844
      51.500      -92245.0352
      52.000      -92173.4523
      52.500      -92108.3692
      53.000      -92057.6281
      53.500      -92021.4157
      54.000      -91810.2086
      54.500      -91845.1516
      55.000      -91868.3081
      55.500      -91853.5698
      56.000      -91781.8738
      56.500      -91718.3827
      57.000      -91600.4209
      57.500      -91430.9325
      58.000      -91467.6629
      58.500      -91493.4029
      59.000      -91514.1117
      59.500      -91434.2674
      60.000      -91248.5287
      60.500      -91135.2499
      61.000      -91209.1154
      61.500      -91155.9969
      62.000      -91140.9041
      62.500      -91104.2014
      63.000      -91211.4762
      63.500      -91109.7314
      64.000      -91047.6946
      64.500      -91074.7586
      65.000      -91084.2526
      65.500      -91121.6807
      66.000      -91043.8733
      66.500      -90906.4011
      67.000      -91136.4414
      67.500      -90903.9108
      68.000      -91030.6065
      68.500      -90961.1686
      69.000      -90892.6043
      69.500      -90989.9717
      70.000      -90854.3622
      70.500      -90874.7424
      71.000      -90866.9286
      71.500      -90711.8217
      72.000      -90821.4508
      72.500      -90649.6046
      73.000      -90693.6298
      73.500      -90806.2214
      74.000      -90738.0984
      74.500      -90585.8977
      75.000      -90652.4084
      75.500      -90635.3126
      76.000      -90432.3646
      76.500      -90757.0872
      77.000      -90546.8054
      77.500      -90614.2205
      78.000      -90527.6769
      78.500      -90471.2262
      79.000      -90375.2967
      79.500      -90306.2529
      80.000      -90237.9363
      80.500      -90212.3377
      81.000      -90284.3332
      81.500      -90287.7178
      82.000      -90026.8303
      82.500      -89964.8511
      83.000      -90016.4325
      83.500      -90184.9765
      84.000      -90008.9545
      84.500      -89931.1290
      85.000      -90001.5044
      85.500      -89982.7548
      86.000      -89737.1978
      86.500      -89756.7755
      87.000      -89785.8135
      87.500      -89968.5646
      88.000      -89743.0087
      88.500      -89776.1064
      89.000      -89818.0112
      89.500      -89810.1872
      90.000      -89586.9430
      90.500      -89601.5517
      91.000      -89603.0589
      91.500      -89381.2098
      92.000      -89438.9417
      92.500      -89490.6583
      93.000      -89286.6719
      93.500      -89470.3988
      94.000      -89303.3459
      94.500      -89382.9990
      95.000      -89306.5039
      95.500      -89295.6157
      96.000      -89365.7494
      96.500      -89153.7827
      97.000      -89163.8704
      97.500      -89202.4945
      98.000      -89175.0879
      98.500      -88991.8252
      99.000      -89000.6828
      99.500      -88976.0558
     100.000      -88848.1682
     100.500      -88684.4538
     101.000      -88691.1477
     101.500      -88664.5421
     102.000      -88752.5249
     102.500      -88742.0969
     103.000      -88630.1229
     103.500      -88499.3186
     104.000      -88379.8930
     104.500      -88556.6485
     105.000      -88462.3392
     105.500      -88528.7463
     106.000      -88296.6628
     106.500      -88352.0847
     107.000      -88246.0344
     107.500      -88251.8389
     108.000      -88292.8346
     108.500      -88079.6970
     109.000      -87834.3653
     109.500      -88170.0826
     110.000      -87915.0499
     110.500      -87832.9160
     111.000      -87605.1378
     111.500      -87882.4854
     112.000      -87670.0066
     112.500      -87542.0212
     113.000      -87579.5572
     113.500      -87550.6036
     114.000      -87458.5655
     114.500      -87571.9609
     115.000      -87585.2379
     115.500      -87224.0834
     116.000      -87369.1737
     116.500      -87430.5801
     117.000      -87441.1855
     117.500      -87110.9578
     118.000      -87241.2712
     118.500      -86978.6840
     119.000      -87093.9774
     119.500      -86988.0791
     120.000      -87018.0066
     120.500      -86977.2453
     121.000      -86794.5438
     121.500      -86565.0261
     122.000      -86607.0555
     122.500      -86523.9961
     123.000      -86463.4806
     123.500      -86785.6161
     124.000      -86415.1305
     124.500      -86522.6302
     125.000      -86435.3101
     125.500      -86264.1606
     126.000      -86293.6893
     126.500      -86050.7565
     127.000      -86110.3087
     127.500      -85969.7582
     128.000      -85907.2244
     128.500      -85747.4117
     129.000      -85815.7978
     129.500      -85942.2264
     130.000      -85698.9613
     130.500      -85510.2529
     131.000      -85583.6665
     131.500      -85514.2119
     132.000      -85274.0785
     132.500      -85379.8904
     133.000      -85300.0699
     133.500      -85012.4400
     134.000      -85187.7859
     134.500      -84785.8583
     135.000      -84819.4264
     135.500      -84825.7777
     136.000      -84753.7858
     136.500      -84435.4867
     137.000      -84380.2184
     137.500      -84070.0291
     138.000      -84082.2848
     138.500      -83833.3471
     139.000      -84053.7852
     139.500      -83792.6301
     140.000      -83657.4287
     140.500      -83726.8255
     141.000      -83648.5603
     141.500      -83268.2127
     142.000      -83264.6381
     142.500      -83480.2742
     143.000      -83360.0501
     143.500      -83318.4225
     144.000      -83208.4930
     144.500      -83294.8439
     145.000      -83365.0043
     145.500      -83240.0296
     146.000      -83138.0271
     146.500      -83213.8929
     147.000      -83122.4841
     147.500      -83352.5614
     148.000      -83357.5514
     148.500      -83309.0677
     149.000      -83249.7140
     149.500      -83318.3067
     150.000      -83264.4717
     150.500      -83284.0894
     151.000      -83008.1202
     151.500      -83287.1289
     152.000      -83123.8398
     152.500      -83031.8426
     153.000      -83151.5816
     153.500      -83124.0846
     154.000      -83027.4415
     154.500      -83100.6886
     155.000      -83276.8452
     155.500      -83173.0573
     156.000      -83169.1503
     156.500      -83203.6519
     157.000      -83288.2044
     157.500      -83101.5829
     158.000      -83269.0310
     158.500      -83028.1194
     159.000      -83163.1381
     159.500      -83087.8512
     160.000      -83247.8579
     160.500      -83075.2368
     161.000      -83062.0860
     161.500      -83104.1568
     162.000      -83257.9787
     162.500      -83015.5564
     163.000      -83261.6209
     163.500      -82997.4754
     164.000      -83188.1681
     164.500      -83006.3745
     165.000      -83125.4619
     165.500      -83276.7372
     166.000      -83313.5201
     166.500      -83183.9064
     167.000      -83114.2566
     167.500      -83240.3376
     168.000      -83432.8992
     168.500      -83214.5662
     169.000      -83354.9019
     169.500      -83554.3214
     170.000      -83458.7135
     170.500      -83286.1371
     171.000      -83368.9621
     171.500      -83290.2044
     172.000      -83323.8640
     172.500      -83151.1557
     173.000      -83157.8315
     173.500      -83067.8523
     174.000      -83074.7371
     174.500      -83204.6086
     175.000      -83270.3197
     175.500      -83155.6384
     176.000      -83076.0810
     176.500      -83092.5929
     177.000      -83083.7600
     177.500      -83136.7793
     178.000      -83359.7314
     178.500      -83242.5050
     179.000      -83055.0117
     179.500      -83375.0204
     180.000      -83466.0844
     180.500      -83302.1767
     181.000      -83244.8429
     181.500      -83486.9848
     182.000      -83371.3082
     182.500      -83369.7706
     183.000      -83266.5480
     183.500      -83316.0932
     184.000      -83151.6717
     184.500      -83419.1013
     185.000      -83231.8011
     185.500      -83274.1774
     186.000      -83329.5632
     186.500      -83667.8157
     187.000      -83650.3766
     187.500      -83437.0858
     188.000      -83331.8909
     188.500      -83233.6855
     189.000      -83237.6151
     189.500      -83270.3421
     190.000      -83558.7998
     190.500      -83321.9687
     191.000      -83550.5439
     191.500      -83251.6142
     192.000      -83495.9061
     192.500      -83420.1322
     193.000      -83525.1112
     193.500      -83403.3234
     194.000      -83358.0657
     194.500      -83292.9854
     195.000      -83400.1014
     195.500      -83361.3916
     196.000      -83486.7912
     196.500      -83272.3468
     197.000      -83231.2787
     197.500      -83226.9596
     198.000      -83280.4595
     198.500      -83596.1551
     199.000      -83313.7638
     199.500      -83498.3329
     200.000      -83462.4124
     200.500      -83445.1314
     201.000      -83350.7639
     201.500      -83466.9357
     202.000      -83584.4784
     202.500      -83458.0649
     203.000      -83570.2527
     203.500      -83605.4435
     204.000      -83440.6576
     204.500      -83422.1761
     205.000      -83227.2123
     205.500      -83584.4495
     206.000      -83541.8916
     206.500      -83471.1748
     207.000      -83569.0189
     207.500      -83319.8687
     208.000      -83508.8160
     208.500      -83642.3270
     209.000      -83583.6625
     209.500      -83334.2532
     210.000      -83517.7641
     210.500      -83739.6922
     211.000      -83571.2341
     211.500      -83507.6212
     212.000      -83642.2478
     212.500      -83688.5741
     213.000      -83567.2355
     213.500      -83583.6966
     214.000      -83507.5776
     214.500      -83550.1135
     215.000      -83463.6296
     215.500      -83446.1103
     216.000      -83474.1482
     216.500      -83422.5227
     217.000      -83395.7871
     217.500      -83313.9146
     218.000      -83141.1083
     218.500      -83158.0459
     219.000      -83227.1144
     219.500      -83559.5211
     220.000      -83490.3268
     220.500      -83347.6225
     221.000      -83385.2343
     221.500      -83616.7707
     222.000      -83415.6745
     222.500      -83487.3943
     223.000      -83618.8044
     223.500      -83461.0383
     224.000      -83438.5153
     224.500      -83525.3495
     225.000      -83559.0707
     225.500      -83456.4800
     226.000      -83445.2923
     226.500      -83281.6925
     227.000      -83593.5520
     227.500      -83643.1897
     228.000      -83489.6944
     228.500      -83289.4383
     229.000      -83358.1076
     229.500      -83518.4427
     230.000      -83396.6177
     230.500      -83374.0507
     231.000      -83466.4841
     231.500      -83399.3849
     232.000      -83392.7526
     232.500      -83809.7551
     233.000      -83586.9096
     233.500      -83692.2917
     234.000      -83701.1354
     234.500      -83733.5338
     235.000      -83574.4304
     235.500      -83784.5404
     236.000      -83618.0752
     236.500      -83548.5692
     237.000      -83657.7924
     237.500      -83720.1556
     238.000      -83694.6242
     238.500      -83480.0521
     239.000      -83588.6634
     239.500      -83466.6684
     240.000      -83430.4680
     240.500      -83631.8568
     241.000      -83793.7471
     241.500      -83619.8271
     242.000      -83632.2072
     242.500      -83807.8533
     243.000      -83714.6509
     243.500      -83537.3213
     244.000      -83561.5380
     244.500      -83501.8041
     245.000      -83377.8846
     245.500      -83467.4517
     246.000      -83270.5272
     246.500      -83360.1691
     247.000      -83473.9541
     247.500      -83541.3131
     248.000      -83492.6903
     248.500      -83522.8584
     249.000      -83506.6016
     249.500      -83585.8426
     250.000      -83410.2615
     250.500      -83678.4121
     251.000      -83651.0225
     251.500      -83558.1681
     252.000      -83492.1940
     252.500      -83467.0396
     253.000      -83723.2774
     253.500      -83538.4538
     254.000      -83919.0668
     254.500      -83687.3842
     255.000      -83548.6184
     255.500      -83670.4651
     256.000      -83609.4153
     256.500      -83588.3541
     257.000      -83527.5878
     257.500      -83552.2675
     258.000      -83763.7075
     258.500      -83497.0398
     259.000      -83375.8279
     259.500      -83762.7362
     260.000      -83612.6057
     260.500      -83593.7004
     261.000      -83503.3893
     261.500      -83534.7418
     262.000      -83654.5117
     262.500      -83577.9823
     263.000      -83717.8264
     263.500      -83754.7832
     264.000      -83748.1238
     264.500      -83626.1502
     265.000      -83793.5942
     265.500      -83648.0694
     266.000      -83725.4131
     266.500      -83763.3438
     267.000      -83680.8559
     267.500      -83746.4967
     268.000      -83960.9210
     268.500      -83896.2880
     269.000      -83715.9768
     269.500      -83674.1712
     270.000      -83929.1602
     270.500      -83879.4042
     271.000      -83902.3098
     271.500      -83927.3284
     272.000      -83919.6164
     272.500      -84004.2461
     273.000      -83715.4125
     273.500      -83924.8942
     274.000      -83756.9452
     274.500      -83848.1872
     275.000      -84009.5752
     275.500      -83869.9580
     276.000      -83926.0030
     276.500      -83940.1871
     277.000      -83933.8888
     277.500      -83864.5163
     278.000      -83979.9458
     278.500      -83819.2292
     279.000      -83988.0172
     279.500      -83973.6184
     280.000      -83932.1736
     280.500      -83873.1235
     281.000      -83794.7922
     281.500      -83612.3233
     282.000      -83720.4190
     282.500      -83601.9655
     283.000      -83994.4316
     283.500      -83898.8911
     284.000      -83789.2492
     284.500      -83650.1467
     285.000      -83793.6397
     285.500      -83700.8279
     286.000      -83811.0512
     286.500      -83780.3203
     287.000      -83819.3877
     287.500      -83710.5272
     288.000      -83739.5648
     288.500      -83551.5817
     289.000      -83691.7795
     289.500      -83625.8431
     290.000      -83402.9599
     290.500      -83554.4164
     291.000      -83640.2964
     291.500      -83666.5700
     292.000      -83630.5434
     292.500      -83883.6275
     293.000      -83538.7197
     293.500      -83955.5528
     294.000      -83618.9191
     294.500      -83548.1298
     295.000      -83646.8128
     295.500      -83627.2653
     296.000      -83689.6795
     296.500      -83733.1821
     297.000      -83565.9322
     297.500      -83637.3083
     298.000      -83552.3052
     298.500      -83686.9528
     299.000      -83545.5106
     299.500      -83693.9378
     300.000      -83828.7615
     300.500      -83668.8344
     301.000      -83624.4459
     301.500      -83653.5973
     302.000      -83788.3198
     302.500      -83722.2663
     303.000      -83691.9537
     303.500      -83830.3423
     304.000      -83763.1920
     304.500      -83773.6456
     305.000      -83768.6047
     305.500      -83755.5095
     306.000      -83906.3358
     306.500      -83711.8522
     307.000      -83837.2377
     307.500      -83874.4109
     308.000      -83709.0601
     308.500      -83946.5814
     309.000      -83914.7514
     309.500      -83749.4209
     310.000      -83840.8580
     310.500      -83747.0707
     311.000      -83615.0145
     311.500      -83626.6677
     312.000      -83767.4869
     312.500      -83727.5619
     313.000      -83676.6365
     313.500      -83715.7311
     314.000      -83596.4126
     314.500      -83708.0157
     315.000      -83699.7317
     315.500      -83812.7400
     316.000      -83697.4532
     316.500      -83807.8440
     317.000      -83537.3859
     317.500      -83641.7690
     318.000      -84049.3406
     318.500      -83768.1288
     319.000      -83763.5126
     319.500      -83689.0165
     320.000      -83823.7279
     320.500      -83900.0442
     321.000      -83618.8745
     321.500      -83782.2642
     322.000      -83947.9290
     322.500      -83864.9075
     323.000      -83684.7027
     323.500      -83580.1247
     324.000      -83661.3270
     324.500      -83747.6782
     325.000      -83803.7916
     325.500      -84118.4780
     326.000      -83949.2146
     326.500      -83837.1337
     327.000      -83704.9721
     327.500      -83928.1762
     328.000      -83956.0423
     328.500      -83796.8657
     329.000      -83597.7324
     329.500      -83821.0889
     330.000      -83820.1326
     330.500      -83586.5713
     331.000      -83735.7898
     331.500      -83687.9560
     332.000      -83672.9742
     332.500      -83770.4007
     333.000      -84072.0145
     333.500      -83836.4037
     334.000      -84016.0955
     334.500      -84076.3502
     335.000      -83595.5736
     335.500      -83945.2403
     336.000      -83647.8838
     336.500      -83834.1881
     337.000      -83779.4817
     337.500      -83847.7602
     338.000      -83742.5490
     338.500      -83790.1435
     339.000      -83814.6983
     339.500      -83684.5900
     340.000      -83751.9642
     340.500      -83856.6726
     341.000      -83886.1903
     341.500      -83865.9403
     342.000      -83792.7332
     342.500      -83929.0115
     343.000      -83861.0400
     343.500      -83897.9930
     344.000      -84070.2305
     344.500      -83867.7486
     345.000      -83904.2881
     345.500      -83788.5617
     346.000      -83872.2881
     346.500      -84017.1602
     347.000      -84070.1598
     347.500      -83835.7198
     348.000      -83749.0678
     348.500      -83888.3187
     349.000      -83794.2479
     349.500      -83964.9518
     350.000      -84083.1888
     350.500      -83871.3390
     351.000      -84056.1971
     351.500      -83973.0422
     352.000      -83784.8965
     352.500      -83770.8849
     353.000      -83979.8207
     353.500      -83797.1012
     354.000      -83711.2147
     354.500      -83997.5506
     355.000      -83861.7435
     355.500      -83966.9129
     356.000      -83838.8509
     356.500      -83781.8838
     357.000      -83830.7323
     357.500      -83720.1822
     358.000      -83840.3965
     358.500      -83741.4165
     359.000      -83866.3351
     359.500      -83948.7083
     360.000      -83860.0010
     360.500      -84000.9982
     361.000      -83756.8056
     361.500      -83849.9685
     362.000      -83680.5668
     362.500      -83859.5872
     363.000      -83835.6115
     363.500      -83910.7475
     364.000      -83753.7694
     364.500      -83856.8378
     365.000      -84103.2615
     365.500      -83865.3184
     366.000      -84002.8402
     366.500      -83699.3763
     367.000      -83925.6011
     367.500      -84169.7985
     368.000      -83877.3092
     368.500      -83736.2232
     369.000      -83952.0461
     369.500      -83927.8591
     370.000      -83937.9173
     370.500      -83868.1381
     371.000      -83834.4892
     371.500      -83854.5967
     372.000      -83705.4314
     372.500      -83729.5857
     373.000      -83764.0926
     373.500      -83771.8935
     374.000      -83730.7377
     374.500      -83847.5481
     375.000      -83979.1331
     375.500      -83831.5398
     376.000      -83728.9128
     376.500      -83995.5164
     377.000      -83823.9348
     377.500      -84049.0114
     378.000      -84172.9008
     378.500      -83997.2488
     379.000      -83949.1277
     379.500      -83752.4678
     380.000      -83736.7901
     380.500      -83782.8523
     381.000      -83945.1181
     381.500      -83889.0517
     382.000      -83824.5628
     382.500      -84046.1536
     383.000      -84047.0937
     383.500      -84070.8169
     384.000      -83987.9905
     384.500      -84008.9973
     385.000      -84083.1232
     385.500      -83915.4885
     386.000      -83807.8226
     386.500      -83736.8241
     387.000      -83723.4089
     387.500      -83727.0155
     388.000      -83724.1651
     388.500      -83798.7942
     389.000      -83954.8657
     389.500      -84033.8509
     390.000      -83676.0911
     390.500      -83769.9754
     391.000      -83803.5006
     391.500      -83832.9529
     392.000      -83758.9219
     392.500      -83953.3524
     393.000      -83802.5045
     393.500      -83928.6738
     394.000      -83844.0070
     394.500      -83778.6563
     395.000      -83704.1929
     395.500      -83798.2069
     396.000      -83646.3840
     396.500      -83614.5381
     397.000      -83799.3695
     397.500      -83900.0080
     398.000      -83951.2938
     398.500      -83739.5666
     399.000      -83758.0248
     399.500      -83967.3512
     400.000      -83946.5971
