       0.000     -135860.4020
       0.500      -96929.1490
       1.000      -97155.0152
       1.500      -97184.6073
       2.000      -97142.3722
       2.500      -97031.5698
       3.000      -96901.3747
       3.500      -96758.0249
       4.000      -96599.7581
       4.500      -96409.2703
       5.000      -96237.6263
       5.500      -96052.5033
       6.000      -95871.2550
       6.500      -95694.2577
       7.000      -95532.0261
       7.500      -95306.8985
       8.000      -95109.7102
       8.500      -94951.0952
       9.000      -94758.1519
       9.500      -94576.9025
      10.000      -94341.1558
      10.500      -94201.3052
      11.000      -93948.2038
      11.500      -93770.0173
      12.000      -93601.0305
      12.500      -93387.1345
      13.000      -93201.6822
      13.500      -93040.6585
      14.000      -92904.1578
      14.500      -92631.2399
      15.000      -92449.2529
      15.500      -92234.9157
      16.000      -92016.2788
      16.500      -91833.9431
      17.000      -91673.4289
      17.500      -91301.9972
      18.000      -91197.1380
      18.500      -91006.9485
      19.000      -90812.7269
      19.500      -90652.0363
      20.000      -90396.8553
      20.500      -90332.3558
      21.000      -90145.1523
      21.500      -90103.6121
      22.000      -90026.4513
      22.500      -89931.2634
      23.000      -89817.0879
      23.500      -89626.2370
      24.000      -89601.2346
      24.500      -89572.4279
      25.000      -89405.0937
      25.500      -89363.1170
      26.000      -89244.6361
      26.500      -89099.0169
      27.000      -88967.6359
      27.500      -88921.9552
      28.000      -88878.4937
      28.500      -88730.0237
      29.000      -88706.2016
      29.500      -88637.1396
      30.000      -88485.9888
      30.500      -88379.8487
      31.000      -88333.4601
      31.500      -88198.1838
      32.000      -88064.2794
      32.500      -87923.8084
      33.000      -87891.6322
      33.500      -87863.2659
      34.000      -87732.7211
      34.500      -87682.0779
      35.000      -87560.7758
      35.500      -87423.5943
      36.000      -87289.1266
      36.500      -87178.0234
      37.000      -87037.5200
      37.500      -87013.5152
      38.000      -86868.7450
      38.500      -86837.2844
      39.000      -86640.5224
      39.500      -86488.1198
      40.000      -86536.8651
      40.500      -86434.3628
      41.000      -86245.1164
      41.500      -86253.1618
      42.000      -86127.6632
      42.500      -85909.1820
      43.000      -85830.7990
      43.500      -85790.7117
      44.000      -85626.7085
      44.500      -85485.0368
      45.000      -85407.4198
      45.500      -85259.4836
      46.000      -85157.0266
      46.500      -85043.0397
      47.000      -84906.6358
      47.500      -84954.0281
      48.000      -84650.1847
      48.500      -84515.3816
      49.000      -84490.4850
      49.500      -84735.4967
      50.000      -84302.3227
      50.500      -84076.1379
      51.000      -84083.3993
      51.500      -84171.1046
      52.000      -83991.4464
      52.500      -83865.1554
      53.000      -83641.2912
      53.500      -83578.2058
      54.000      -83437.5934
      54.500      -83372.5422
      55.000      -83303.0659
      55.500      -83290.5346
      56.000      -83180.1550
      56.500      -82996.3417
      57.000      -82904.1153
      57.500      -82609.5097
      58.000      -82619.9540
      58.500      -82623.4585
      59.000      -82487.6703
      59.500      -82319.6521
      60.000      -82114.6957
      60.500      -81939.5936
      61.000      -81967.6222
      61.500      -81946.1307
      62.000      -81795.2664
      62.500      -81767.5559
      63.000      -81791.1031
      63.500      -81804.5674
      64.000      -81695.4583
      64.500      -81791.9773
      65.000      -81685.4177
      65.500      -81644.4746
      66.000      -81623.9798
      66.500      -81350.3962
      67.000      -81541.1279
      67.500      -81347.2985
      68.000      -81381.5547
      68.500      -81174.1393
      69.000      -81230.1922
      69.500      -81343.4766
      70.000      -81168.1170
      70.500      -81141.8664
      71.000      -81105.1581
      71.500      -80928.8520
      72.000      -80907.0465
      72.500      -80816.1886
      73.000      -80716.5605
      73.500      -80885.9968
      74.000      -80880.8709
      74.500      -80613.3781
      75.000      -80674.3430
      75.500      -80706.3849
      76.000      -80226.7094
      76.500      -80688.5315
      77.000      -80492.2448
      77.500      -80481.7713
      78.000      -80209.2824
      78.500      -80191.0036
      79.000      -80198.5887
      79.500      -80058.8154
      80.000      -79825.9588
      80.500      -79812.5115
      81.000      -79769.3557
      81.500      -79913.1065
      82.000      -79625.1975
      82.500      -79575.0630
      83.000      -79628.1766
      83.500      -79523.8613
      84.000      -79467.4164
      84.500      -79364.8497
      85.000      -79367.8911
      85.500      -79470.6962
      86.000      -79027.2056
      86.500      -79105.6720
      87.000      -79052.8448
      87.500      -79135.3849
      88.000      -79010.1786
      88.500      -78995.4648
      89.000      -78909.0776
      89.500      -79030.9860
      90.000      -78714.5075
      90.500      -78703.6191
      91.000      -78693.2367
      91.500      -78479.6473
      92.000      -78523.7024
      92.500      -78543.2139
      93.000      -78354.2568
      93.500      -78484.5160
      94.000      -78209.1809
      94.500      -78238.4453
      95.000      -78157.7490
      95.500      -78180.1596
      96.000      -78264.8734
      96.500      -77959.6372
      97.000      -77863.8265
      97.500      -77921.5960
      98.000      -77924.4434
      98.500      -77594.0791
      99.000      -77639.6946
      99.500      -77525.7111
     100.000      -77434.0354
     100.500      -77205.0642
     101.000      -77221.2942
     101.500      -77252.3293
     102.000      -77210.1704
     102.500      -77180.0080
     103.000      -77114.8211
     103.500      -76756.0617
     104.000      -76705.2025
     104.500      -76957.5626
     105.000      -76753.0160
     105.500      -76831.4543
     106.000      -76474.9929
     106.500      -76437.2966
     107.000      -76457.6233
     107.500      -76514.7207
     108.000      -76267.8336
     108.500      -76047.1677
     109.000      -75908.9297
     109.500      -76185.6773
     110.000      -75922.7150
     110.500      -75860.5127
     111.000      -75457.8282
     111.500      -75765.3877
     112.000      -75489.2146
     112.500      -75306.5055
     113.000      -75421.6294
     113.500      -75420.8340
     114.000      -75062.0538
     114.500      -75358.8925
     115.000      -75356.7711
     115.500      -74983.3109
     116.000      -74956.8856
     116.500      -75038.1172
     117.000      -75161.2919
     117.500      -74666.4246
     118.000      -74789.5398
     118.500      -74478.3510
     119.000      -74679.9373
     119.500      -74559.3760
     120.000      -74536.1091
     120.500      -74347.3098
     121.000      -74116.1083
     121.500      -73820.8122
     122.000      -73802.4930
     122.500      -73726.9551
     123.000      -73793.1681
     123.500      -73876.1073
     124.000      -73586.2389
     124.500      -73543.8763
     125.000      -73660.2183
     125.500      -73519.1333
     126.000      -73262.2323
     126.500      -73292.7985
     127.000      -73115.1563
     127.500      -72957.5786
     128.000      -72878.3240
     128.500      -72798.5660
     129.000      -72769.0468
     129.500      -72783.1190
     130.000      -72579.0521
     130.500      -72217.3935
     131.000      -72357.5776
     131.500      -72237.4043
     132.000      -71971.9232
     132.500      -72036.5681
     133.000      -72148.1959
     133.500      -71683.1031
     134.000      -71675.4861
     134.500      -71501.0771
     135.000      -71275.3404
     135.500      -71312.8451
     136.000      -71222.4430
     136.500      -70846.2826
     137.000      -70756.5377
     137.500      -70385.0496
     138.000      -70423.1266
     138.500      -70152.7543
     139.000      -70380.1611
     139.500      -70199.8723
     140.000      -69780.0508
     140.500      -70020.8763
     141.000      -69912.4148
     141.500      -69536.2879
     142.000      -69552.0209
     142.500      -69825.4227
     143.000      -69663.2064
     143.500      -69728.5534
     144.000      -69424.5907
     144.500      -69566.5109
     145.000      -69698.4184
     145.500      -69385.3069
     146.000      -69344.5965
     146.500      -69420.4163
     147.000      -69345.7038
     147.500      -69546.2821
     148.000      -69548.8180
     148.500      -69621.7718
     149.000      -69473.9806
     149.500      -69589.3252
     150.000      -69448.1602
     150.500      -69467.3052
     151.000      -69247.7081
     151.500      -69596.6192
     152.000      -69450.8154
     152.500      -69189.6756
     153.000      -69321.4273
     153.500      -69468.4029
     154.000      -69451.4161
     154.500      -69350.4191
     155.000      -69600.7417
     155.500      -69525.3327
     156.000      -69354.7753
     156.500      -69458.7447
     157.000      -69411.2601
     157.500      -69352.1161
     158.000      -69517.5672
     158.500      -69322.3401
     159.000      -69557.1566
     159.500      -69519.3903
     160.000      -69650.2769
     160.500      -69302.0894
     161.000      -69490.1124
     161.500      -69408.0904
     162.000      -69639.5861
     162.500      -69329.0730
     163.000      -69363.3192
     163.500      -69438.3484
     164.000      -69547.9786
     164.500      -69333.0952
     165.000      -69544.9003
     165.500      -69530.9648
     166.000      -69544.8375
     166.500      -69504.0197
     167.000      -69323.1609
     167.500      -69413.2868
     168.000      -69674.1033
     168.500      -69612.2586
     169.000      -69745.8384
     169.500      -69757.1846
     170.000      -69626.3913
     170.500      -69448.9408
     171.000      -69459.4855
     171.500      -69678.1585
     172.000      -69626.2146
     172.500      -69538.1108
     173.000      -69283.4165
     173.500      -69241.7946
     174.000      -69455.8406
     174.500      -69471.2385
     175.000      -69534.2669
     175.500      -69418.7927
     176.000      -69389.4159
     176.500      -69201.4308
     177.000      -69445.5696
     177.500      -69394.2295
     178.000      -69692.9394
     178.500      -69431.7999
     179.000      -69410.0683
     179.500      -69629.1180
     180.000      -69682.3041
     180.500      -69623.1357
     181.000      -69482.1182
     181.500      -69770.3432
     182.000      -69737.4342
     182.500      -69663.1172
     183.000      -69406.4093
     183.500      -69568.5414
     184.000      -69351.5399
     184.500      -69754.5964
     185.000      -69380.0374
     185.500      -69594.2897
     186.000      -69514.7946
     186.500      -69914.2044
     187.000      -70003.1003
     187.500      -69759.5419
     188.000      -69608.2004
     188.500      -69603.5468
     189.000      -69638.9335
     189.500      -69573.3870
     190.000      -69816.5712
     190.500      -69620.8437
     191.000      -69833.2256
     191.500      -69421.1855
     192.000      -69885.4970
     192.500      -69742.2064
     193.000      -69807.6220
     193.500      -69697.3156
     194.000      -69562.1086
     194.500      -69613.7539
     195.000      -69630.5008
     195.500      -69721.6182
     196.000      -69765.9230
     196.500      -69444.5998
     197.000      -69401.9496
     197.500      -69580.3854
     198.000      -69490.5455
     198.500      -69879.3670
     199.000      -69604.5577
     199.500      -69756.0087
     200.000      -69844.0647
     200.500      -69753.7506
     201.000      -69491.6311
     201.500      -69805.3888
     202.000      -69866.9276
     202.500      -69849.9194
     203.000      -69907.5163
     203.500      -69972.3712
     204.000      -69748.3431
     204.500      -69760.1614
     205.000      -69448.9252
     205.500      -69777.8509
     206.000      -69826.7393
     206.500      -69714.0654
     207.000      -69857.9789
     207.500      -69506.5924
     208.000      -69891.3317
     208.500      -69886.8670
     209.000      -69841.9730
     209.500      -69760.6789
     210.000      -69722.6459
     210.500      -69983.9949
     211.000      -69911.8787
     211.500      -69920.0187
     212.000      -70021.9871
     212.500      -69877.2235
     213.000      -69998.0372
     213.500      -69855.0228
     214.000      -69858.8218
     214.500      -69736.1516
     215.000      -69609.5348
     215.500      -69695.4648
     216.000      -69875.7371
     216.500      -69688.0022
     217.000      -69599.2637
     217.500      -69551.2105
     218.000      -69371.4726
     218.500      -69625.2051
     219.000      -69434.2853
     219.500      -69739.6900
     220.000      -69844.4830
     220.500      -69667.9096
     221.000      -69709.1259
     221.500      -69944.8381
     222.000      -69545.6716
     222.500      -69684.2967
     223.000      -69769.7390
     223.500      -69750.7336
     224.000      -69672.0094
     224.500      -69804.9970
     225.000      -69818.3910
     225.500      -69830.8853
     226.000      -69663.4358
     226.500      -69492.7530
     227.000      -69872.2473
     227.500      -69849.4085
     228.000      -69569.2451
     228.500      -69618.8504
     229.000      -69544.9201
     229.500      -69781.3802
     230.000      -69720.7182
     230.500      -69649.1200
     231.000      -69738.3601
     231.500      -69585.0401
     232.000      -69734.0690
     232.500      -69936.3459
     233.000      -69904.8402
     233.500      -69972.4470
     234.000      -69969.4704
     234.500      -69892.2057
     235.000      -69693.3689
     235.500      -70065.2328
     236.000      -69900.3321
     236.500      -69801.0184
     237.000      -69845.3676
     237.500      -69899.4525
     238.000      -69899.1564
     238.500      -69740.9222
     239.000      -69873.5999
     239.500      -69626.5063
     240.000      -69693.5051
     240.500      -69811.7396
     241.000      -70170.7217
     241.500      -69868.1298
     242.000      -69731.0276
     242.500      -70025.7761
     243.000      -70060.0005
     243.500      -69788.2637
     244.000      -69787.7196
     244.500      -69754.4447
     245.000      -69609.5301
     245.500      -69771.8804
     246.000      -69555.1903
     246.500      -69669.0090
     247.000      -69714.7725
     247.500      -69888.5944
     248.000      -69797.7235
     248.500      -69850.3965
     249.000      -69783.1661
     249.500      -69828.1326
     250.000      -69632.1014
     250.500      -69974.7246
     251.000      -69887.1855
     251.500      -69777.9572
     252.000      -69758.9655
     252.500      -69791.7115
     253.000      -69838.2276
     253.500      -69845.2243
     254.000      -70019.0688
     254.500      -70021.6128
     255.000      -69875.6965
     255.500      -69939.1613
     256.000      -69790.1789
     256.500      -69877.4742
     257.000      -69836.9940
     257.500      -69797.4208
     258.000      -70052.5688
     258.500      -69719.9285
     259.000      -69762.5154
     259.500      -69984.9589
     260.000      -70011.7121
     260.500      -69832.8576
     261.000      -69738.7809
     261.500      -69807.4684
     262.000      -69963.3584
     262.500      -69967.0497
     263.000      -70158.3557
     263.500      -70024.9698
     264.000      -70106.5066
     264.500      -69739.2381
     265.000      -69932.5112
     265.500      -69827.9737
     266.000      -70181.6612
     266.500      -69820.2911
     267.000      -69868.5453
     267.500      -69957.8238
     268.000      -70065.6681
     268.500      -70234.1640
     269.000      -69943.0549
     269.500      -70021.6087
     270.000      -70086.4737
     270.500      -70202.1678
     271.000      -69999.3625
     271.500      -70151.8284
     272.000      -70394.4192
     272.500      -70205.7227
     273.000      -70082.6859
     273.500      -70019.7711
     274.000      -69970.7723
     274.500      -70124.5798
     275.000      -70303.5088
     275.500      -70078.7685
     276.000      -70021.8878
     276.500      -70157.3785
     277.000      -70232.0197
     277.500      -70262.2058
     278.000      -70322.6411
     278.500      -70057.4558
     279.000      -70143.9645
     279.500      -70466.2668
     280.000      -70226.6277
     280.500      -70151.6636
     281.000      -70166.3176
     281.500      -69859.9297
     282.000      -69953.4346
     282.500      -69748.9655
     283.000      -70218.9971
     283.500      -70124.7075
     284.000      -70058.3302
     284.500      -70007.3732
     285.000      -69961.1533
     285.500      -70009.3787
     286.000      -70164.7446
     286.500      -70101.8311
     287.000      -70163.8701
     287.500      -70154.9637
     288.000      -70027.9515
     288.500      -69820.3014
     289.000      -70034.4396
     289.500      -69946.7913
     290.000      -69705.9150
     290.500      -70010.7240
     291.000      -69912.4263
     291.500      -69842.4255
     292.000      -69919.2749
     292.500      -70186.4605
     293.000      -69871.3242
     293.500      -70217.6651
     294.000      -70002.9670
     294.500      -69769.7870
     295.000      -69905.2552
     295.500      -69669.7623
     296.000      -69948.1853
     296.500      -70071.1440
     297.000      -69923.7837
     297.500      -69776.5212
     298.000      -69811.8970
     298.500      -69912.4811
     299.000      -69887.0809
     299.500      -69801.1761
     300.000      -70204.1317
     300.500      -69845.0238
     301.000      -69830.6881
     301.500      -69892.5338
     302.000      -70080.0981
     302.500      -70053.1003
     303.000      -70037.0933
     303.500      -69992.0855
     304.000      -70092.0602
     304.500      -70082.0538
     305.000      -70159.3625
     305.500      -69853.2419
     306.000      -70239.4540
     306.500      -70214.1412
     307.000      -70098.8579
     307.500      -70161.7595
     308.000      -69948.2398
     308.500      -70215.4164
     309.000      -70078.6586
     309.500      -70272.2881
     310.000      -70098.6177
     310.500      -70010.2084
     311.000      -69841.1697
     311.500      -69791.4743
     312.000      -70085.7926
     312.500      -69871.2767
     313.000      -69731.9334
     313.500      -69997.1579
     314.000      -69756.3013
     314.500      -69873.2755
     315.000      -69831.3078
     315.500      -70069.0232
     316.000      -69930.1173
     316.500      -70071.4065
     317.000      -69852.1222
     317.500      -70033.0464
     318.000      -70192.6638
     318.500      -69922.9862
     319.000      -70248.6649
     319.500      -69973.8681
     320.000      -70084.4632
     320.500      -70182.4826
     321.000      -69840.7260
     321.500      -70041.1050
     322.000      -70016.1311
     322.500      -70195.2112
     323.000      -69948.0083
     323.500      -69717.5329
     324.000      -69893.3016
     324.500      -69986.1723
     325.000      -70125.6744
     325.500      -70353.9966
     326.000      -70162.0154
     326.500      -69963.5321
     327.000      -69956.4457
     327.500      -70268.0756
     328.000      -70314.3528
     328.500      -70075.8725
     329.000      -69569.6680
     329.500      -70070.6612
     330.000      -69996.6687
     330.500      -69891.3330
     331.000      -69953.9148
     331.500      -69902.4062
     332.000      -69889.4185
     332.500      -69935.1820
     333.000      -70302.6288
     333.500      -70321.6186
     334.000      -70330.8718
     334.500      -70154.8697
     335.000      -69781.8109
     335.500      -70246.6592
     336.000      -69938.4551
     336.500      -69905.9792
     337.000      -70115.1028
     337.500      -70060.8852
     338.000      -69892.0461
     338.500      -69964.2451
     339.000      -69954.0880
     339.500      -69952.5343
     340.000      -70042.2777
     340.500      -70243.8240
     341.000      -70087.2372
     341.500      -69990.4530
     342.000      -69987.8348
     342.500      -70022.0915
     343.000      -70044.3701
     343.500      -70211.7186
     344.000      -70291.5293
     344.500      -70132.4898
     345.000      -70182.1943
     345.500      -70173.6525
     346.000      -70132.7950
     346.500      -70240.5763
     347.000      -70368.3053
     347.500      -70207.6485
     348.000      -69894.2963
     348.500      -70101.0384
     349.000      -70194.9286
     349.500      -70142.7721
     350.000      -70367.1751
     350.500      -70169.1418
     351.000      -70337.3895
     351.500      -70319.9446
     352.000      -69948.9863
     352.500      -70162.7276
     353.000      -70296.0746
     353.500      -70064.1304
     354.000      -70053.2157
     354.500      -70129.0106
     355.000      -70122.6947
     355.500      -70197.3573
     356.000      -70207.6908
     356.500      -70141.8662
     357.000      -70110.5175
     357.500      -70152.9000
     358.000      -70165.6260
     358.500      -70116.6216
     359.000      -70196.8927
     359.500      -70271.5150
     360.000      -70077.6709
     360.500      -70222.2863
     361.000      -70067.4463
     361.500      -70112.2038
     362.000      -70008.4682
     362.500      -70134.5911
     363.000      -70049.0578
     363.500      -70142.1850
     364.000      -69853.8700
     364.500      -70162.3974
     365.000      -70238.9900
     365.500      -70002.7638
     366.000      -70217.5892
     366.500      -70005.7591
     367.000      -70248.5181
     367.500      -70367.0925
     368.000      -70149.6198
     368.500      -69899.5552
     369.000      -70339.4728
     369.500      -70057.7243
     370.000      -70262.0989
     370.500      -70172.7309
     371.000      -70098.6376
     371.500      -69987.7354
     372.000      -69948.0027
     372.500      -69956.7497
     373.000      -69998.9110
     373.500      -69990.4296
     374.000      -69895.4974
     374.500      -70132.5158
     375.000      -70264.9895
     375.500      -70073.7029
     376.000      -69972.0465
     376.500      -70217.9353
     377.000      -70073.8059
     377.500      -70567.9235
     378.000      -70556.5609
     378.500      -70317.9275
     379.000      -70118.1355
     379.500      -70109.8848
     380.000      -69955.6710
     380.500      -70027.2302
     381.000      -70088.6434
     381.500      -70140.0293
     382.000      -69943.4563
     382.500      -70157.4056
     383.000      -70380.8750
     383.500      -70360.5005
     384.000      -70188.6692
     384.500      -70176.4553
     385.000      -70334.3400
     385.500      -70273.5812
     386.000      -70076.0130
     386.500      -70062.4804
     387.000      -70064.0563
     387.500      -70028.8495
     388.000      -69884.4122
     388.500      -70153.8996
     389.000      -70307.2221
     389.500      -70188.7464
     390.000      -69921.9133
     390.500      -70091.0925
     391.000      -70031.3190
     391.500      -70101.3807
     392.000      -70097.0811
     392.500      -70214.3035
     393.000      -70032.9078
     393.500      -70270.6025
     394.000      -70115.3469
     394.500      -69993.4268
     395.000      -69865.9810
     395.500      -70024.3348
     396.000      -69990.9758
     396.500      -69766.4590
     397.000      -70123.2181
     397.500      -70179.0529
     398.000      -69967.9891
     398.500      -70007.1145
     399.000      -69915.1557
     399.500      -70164.9117
     400.000      -70270.2905
