       0.000       0.00
       0.500       3.67
       1.000       5.15
       1.500       7.51
       2.000       9.82
       2.500      12.16
       3.000      14.58
       3.500      17.10
       4.000      19.42
       4.500      22.05
       5.000      24.56
       5.500      27.14
       6.000      29.70
       6.500      32.27
       7.000      34.12
       7.500      37.18
       8.000      39.70
       8.500      42.11
       9.000      44.55
       9.500      47.09
      10.000      50.37
      10.500      51.58
      11.000      55.01
      11.500      56.95
      12.000      59.73
      12.500      61.76
      13.000      64.99
      13.500      66.36
      14.000      69.02
      14.500      72.13
      15.000      74.27
      15.500      77.53
      16.000      79.86
      16.500      81.92
      17.000      83.84
      17.500      88.77
      18.000      89.54
      18.500      92.04
      19.000      94.81
      19.500      96.39
      20.000      99.99
      20.500     100.53
      21.000     102.95
      21.500     103.11
      22.000     104.66
      22.500     106.16
      23.000     106.95
      23.500     109.77
      24.000     109.40
      24.500     110.15
      25.000     112.48
      25.500     111.92
      26.000     114.77
      26.500     116.27
      27.000     117.55
      27.500     119.12
      28.000     120.16
      28.500     121.90
      29.000     122.68
      29.500     122.36
      30.000     125.11
      30.500     125.51
      31.000     125.64
      31.500     129.43
      32.000     129.18
      32.500     131.56
      33.000     131.29
      33.500     132.63
      34.000     133.64
      34.500     134.34
      35.000     136.79
      35.500     137.98
      36.000     140.51
      36.500     140.63
      37.000     142.20
      37.500     142.96
      38.000     144.07
      38.500     144.89
      39.000     148.50
      39.500     149.36
      40.000     149.25
      40.500     149.75
      41.000     152.53
      41.500     152.38
      42.000     154.76
      42.500     155.73
      43.000     156.95
      43.500     157.89
      44.000     159.86
      44.500     161.83
      45.000     162.06
      45.500     164.03
      46.000     166.23
      46.500     166.17
      47.000     168.22
      47.500     167.91
      48.000     171.52
      48.500     172.75
      49.000     173.78
      49.500     171.00
      50.000     174.15
      50.500     178.49
      51.000     177.43
      51.500     176.31
      52.000     178.67
      52.500     180.00
      53.000     183.78
      53.500     184.37
      54.000     182.83
      54.500     185.01
      55.000     187.04
      55.500     186.99
      56.000     187.83
      56.500     190.46
      57.000     189.90
      57.500     192.63
      58.000     193.20
      58.500     193.69
      59.000     197.11
      59.500     199.03
      60.000     199.45
      60.500     200.80
      61.000     201.80
      61.500     201.11
      62.000     204.08
      62.500     203.88
      63.000     205.71
      63.500     203.19
      64.000     204.22
      64.500     202.70
      65.000     205.24
      65.500     206.95
      66.000     205.70
      66.500     208.67
      67.000     209.53
      67.500     208.68
      68.000     210.70
      68.500     213.71
      69.000     210.99
      69.500     210.65
      70.000     211.51
      70.500     212.53
      71.000     213.16
      71.500     213.63
      72.000     216.50
      72.500     214.73
      73.000     217.86
      73.500     216.62
      74.000     215.25
      74.500     217.77
      75.000     217.89
      75.500     216.81
      76.000     222.86
      76.500     219.86
      77.000     219.56
      77.500     221.26
      78.000     225.32
      78.500     224.48
      79.000     222.22
      79.500     223.77
      80.000     227.36
      80.500     227.10
      81.000     229.61
      81.500     226.55
      82.000     227.14
      82.500     226.88
      83.000     226.84
      83.500     232.80
      84.000     230.19
      84.500     230.73
      85.000     232.20
      85.500     229.55
      86.000     233.87
      86.500     232.58
      87.000     234.37
      87.500     236.56
      88.000     234.37
      88.500     235.41
      89.000     238.21
      89.500     235.38
      90.000     237.42
      90.500     237.97
      91.000     238.23
      91.500     238.05
      92.000     238.35
      92.500     239.05
      93.000     238.73
      93.500     239.89
      94.000     242.26
      94.500     243.36
      95.000     243.45
      95.500     242.72
      96.000     242.40
      96.500     244.44
      97.000     246.75
      97.500     246.34
      98.000     245.67
      98.500     248.89
      99.000     248.08
      99.500     250.04
     100.000     249.24
     100.500     250.67
     101.000     250.46
     101.500     249.20
     102.000     252.04
     102.500     252.48
     103.000     251.45
     103.500     256.43
     104.000     254.93
     104.500     253.28
     105.000     255.69
     105.500     255.43
     106.000     258.14
     106.500     260.18
     107.000     257.42
     107.500     256.30
     108.000     262.58
     108.500     262.75
     109.000     260.41
     109.500     261.70
     110.000     261.87
     110.500     261.44
     111.000     265.26
     111.500     264.60
     112.000     265.99
     112.500     267.18
     113.000     265.49
     113.500     264.87
     114.000     270.70
     114.500     266.69
     115.000     267.03
     115.500     267.30
     116.000     271.04
     116.500     270.61
     117.000     268.15
     117.500     271.75
     118.000     271.90
     118.500     272.96
     119.000     271.08
     119.500     271.40
     120.000     272.56
     120.500     275.79
     121.000     276.85
     121.500     278.29
     122.000     279.61
     122.500     279.44
     123.000     276.68
     123.500     281.90
     124.000     280.14
     124.500     283.41
     125.000     278.96
     125.500     278.31
     126.000     284.56
     126.500     278.59
     127.000     283.77
     127.500     284.14
     128.000     284.51
     128.500     282.76
     129.000     284.90
     129.500     287.35
     130.000     286.49
     130.500     290.27
     131.000     288.81
     131.500     289.92
     132.000     290.47
     132.500     291.37
     133.000     287.19
     133.500     291.07
     134.000     295.06
     134.500     290.09
     135.000     295.76
     135.500     295.08
     136.000     295.48
     136.500     296.74
     137.000     297.49
     137.500     298.83
     138.000     298.27
     138.500     298.74
     139.000     298.58
     139.500     296.82
     140.000     303.03
     140.500     299.29
     141.000     299.95
     141.500     299.86
     142.000     299.44
     142.500     298.17
     143.000     299.09
     143.500     296.76
     144.000     300.99
     144.500     299.78
     145.000     298.43
     145.500     302.54
     146.000     301.20
     146.500     301.20
     147.000     300.84
     147.500     301.48
     148.000     301.53
     148.500     298.88
     149.000     300.81
     149.500     299.79
     150.000     301.70
     150.500     301.71
     151.000     300.48
     151.500     298.95
     152.000     298.57
     152.500     302.26
     153.000     302.00
     153.500     298.19
     154.000     296.45
     154.500     300.26
     155.000     298.64
     155.500     298.02
     156.000     301.66
     156.500     300.14
     157.000     303.02
     157.500     300.24
     158.000     300.28
     158.500     299.29
     159.000     297.11
     159.500     296.29
     160.000     296.92
     160.500     300.76
     161.000     296.36
     161.500     299.07
     162.000     297.38
     162.500     298.87
     163.000     303.49
     163.500     296.08
     164.000     297.85
     164.500     298.58
     165.000     296.55
     165.500     300.16
     166.000     300.66
     166.500     298.72
     167.000     301.15
     167.500     301.93
     168.000     300.44
     168.500     297.03
     169.000     297.17
     169.500     301.28
     170.000     302.05
     170.500     302.16
     171.000     303.73
     171.500     297.24
     172.000     299.11
     172.500     297.26
     173.000     302.97
     173.500     301.91
     174.000     297.39
     174.500     299.89
     175.000     299.95
     175.500     299.96
     176.000     298.87
     176.500     303.33
     177.000     297.81
     177.500     300.09
     178.000     298.44
     178.500     301.58
     179.000     297.96
     179.500     300.16
     180.000     300.99
     180.500     298.70
     181.000     300.53
     181.500     299.52
     182.000     297.72
     182.500     299.31
     183.000     302.66
     183.500     300.20
     184.000     301.35
     184.500     298.39
     185.000     302.47
     185.500     298.72
     186.000     301.67
     186.500     300.33
     187.000     298.01
     187.500     298.67
     188.000     299.68
     188.500     297.63
     189.000     296.95
     189.500     299.09
     190.000     300.08
     190.500     299.18
     191.000     299.54
     191.500     302.01
     192.000     297.20
     192.500     298.68
     193.000     299.54
     193.500     299.29
     194.000     301.26
     194.500     298.71
     195.000     300.68
     195.500     297.85
     196.000     299.62
     196.500     301.95
     197.000     301.98
     197.500     297.99
     198.000     301.12
     198.500     299.53
     199.000     299.36
     199.500     300.08
     200.000     297.38
     200.500     298.97
     201.000     302.64
     201.500     298.32
     202.000     299.54
     202.500     297.15
     203.000     298.35
     203.500     297.70
     204.000     298.99
     204.500     298.33
     205.000     300.87
     205.500     301.49
     206.000     299.49
     206.500     300.41
     207.000     299.40
     207.500     301.63
     208.000     297.36
     208.500     300.37
     209.000     300.07
     209.500     296.40
     210.000     301.24
     210.500     300.38
     211.000     298.27
     211.500     296.71
     212.000     297.42
     212.500     301.59
     213.000     296.30
     213.500     299.79
     214.000     298.04
     214.500     301.65
     215.000     302.53
     215.500     300.27
     216.000     296.94
     216.500     299.91
     217.000     301.27
     217.500     300.53
     218.000     300.68
     218.500     295.51
     219.000     301.19
     219.500     301.78
     220.000     297.98
     220.500     298.72
     221.000     298.64
     221.500     298.55
     222.000     302.87
     222.500     301.41
     223.000     302.42
     223.500     299.39
     224.000     300.61
     224.500     299.60
     225.000     300.05
     225.500     297.54
     226.000     300.95
     226.500     301.10
     227.000     299.63
     227.500     301.21
     228.000     303.97
     228.500     298.52
     229.000     301.63
     229.500     299.97
     230.000     298.63
     230.500     299.70
     231.000     299.77
     231.500     301.66
     232.000     298.26
     232.500     302.95
     233.000     298.77
     233.500     299.59
     234.000     299.85
     234.500     302.25
     235.000     303.11
     235.500     299.58
     236.000     299.55
     236.500     300.20
     237.000     301.62
     237.500     301.80
     238.000     301.25
     238.500     300.01
     239.000     299.49
     239.500     302.22
     240.000     299.97
     240.500     301.78
     241.000     297.48
     241.500     300.29
     242.000     303.55
     242.500     300.95
     243.000     298.17
     243.500     300.23
     244.000     300.77
     244.500     300.19
     245.000     300.65
     245.500     299.06
     246.000     299.50
     246.500     298.97
     247.000     300.45
     247.500     298.13
     248.000     299.05
     248.500     298.56
     249.000     299.67
     249.500     300.42
     250.000     300.87
     250.500     299.24
     251.000     300.55
     251.500     300.91
     252.000     299.89
     252.500     298.62
     253.000     303.20
     253.500     299.01
     254.000     303.53
     254.500     298.41
     255.000     298.57
     255.500     299.84
     256.000     301.76
     256.500     299.40
     257.000     298.95
     257.500     300.36
     258.000     299.40
     258.500     300.84
     259.000     297.27
     259.500     300.86
     260.000     297.00
     260.500     300.49
     261.000     300.57
     261.500     299.76
     262.000     298.97
     262.500     297.22
     263.000     296.09
     263.500     299.81
     264.000     297.89
     264.500     303.24
     265.000     302.68
     265.500     301.78
     266.000     295.75
     266.500     304.47
     267.000     301.61
     267.500     301.10
     268.000     303.42
     268.500     298.33
     269.000     300.75
     269.500     298.12
     270.000     302.28
     270.500     298.66
     271.000     303.59
     271.500     300.81
     272.000     295.34
     272.500     301.31
     273.000     297.69
     273.500     303.64
     274.000     301.04
     274.500     299.68
     275.000     299.29
     275.500     301.15
     276.000     303.62
     276.500     300.97
     277.000     299.20
     277.500     297.03
     278.000     298.23
     278.500     300.51
     279.000     302.31
     279.500     294.95
     280.000     299.28
     280.500     299.63
     281.000     297.60
     281.500     300.30
     282.000     300.62
     282.500     302.50
     283.000     300.81
     283.500     300.78
     284.000     299.84
     284.500     297.91
     285.000     302.05
     285.500     298.97
     286.000     297.99
     286.500     298.69
     287.000     298.19
     287.500     296.01
     288.000     299.41
     288.500     299.84
     289.000     298.23
     289.500     298.70
     290.000     299.10
     290.500     295.75
     291.000     299.77
     291.500     301.87
     292.000     299.41
     292.500     299.10
     293.000     298.45
     293.500     299.99
     294.000     297.33
     294.500     300.87
     295.000     300.07
     295.500     304.78
     296.000     300.07
     296.500     298.33
     297.000     297.90
     297.500     302.67
     298.000     300.04
     298.500     300.79
     299.000     298.25
     299.500     303.37
     300.000     297.51
     300.500     301.86
     301.000     301.21
     301.500     300.49
     302.000     299.34
     302.500     298.49
     303.000     298.17
     303.500     302.18
     304.000     298.53
     304.500     298.98
     305.000     297.18
     305.500     303.58
     306.000     298.44
     306.500     294.74
     307.000     300.00
     307.500     299.44
     308.000     300.49
     308.500     299.84
     309.000     302.13
     309.500     294.29
     310.000     300.08
     310.500     299.97
     311.000     300.77
     311.500     302.11
     312.000     298.76
     312.500     302.57
     313.000     304.50
     313.500     299.57
     314.000     302.22
     314.500     302.10
     315.000     302.84
     315.500     300.12
     316.000     300.63
     316.500     299.96
     317.000     298.84
     317.500     297.17
     318.000     302.58
     318.500     302.33
     319.000     295.12
     319.500     299.49
     320.000     300.02
     320.500     299.54
     321.000     300.87
     321.500     300.06
     322.000     304.22
     322.500     298.50
     323.000     299.96
     323.500     302.71
     324.000     300.65
     324.500     300.50
     325.000     298.68
     325.500     300.57
     326.000     301.06
     326.500     302.95
     327.000     300.22
     327.500     298.29
     328.000     297.89
     328.500     299.62
     329.000     306.32
     329.500     300.26
     330.000     301.86
     330.500     299.06
     331.000     300.95
     331.500     301.03
     332.000     300.98
     332.500     302.11
     333.000     300.68
     333.500     295.12
     334.000     298.84
     334.500     304.00
     335.000     301.64
     335.500     299.13
     336.000     299.37
     336.500     304.14
     337.000     298.38
     337.500     301.06
     338.000     302.45
     338.500     301.91
     339.000     302.67
     339.500     299.86
     340.000     299.37
     340.500     297.26
     341.000     301.32
     341.500     302.99
     342.000     301.45
     342.500     303.68
     343.000     301.71
     343.500     298.86
     344.000     300.88
     344.500     299.93
     345.000     299.64
     345.500     297.30
     346.000     300.02
     346.500     300.83
     347.000     299.20
     347.500     297.59
     348.000     302.54
     348.500     301.07
     349.000     296.96
     349.500     301.83
     350.000     299.51
     350.500     299.21
     351.000     299.57
     351.500     298.14
     352.000     302.13
     352.500     297.15
     353.000     298.81
     353.500     299.88
     354.000     298.24
     354.500     302.84
     355.000     300.01
     355.500     300.68
     356.000     297.66
     356.500     297.85
     357.000     299.60
     357.500     296.26
     358.000     298.61
     358.500     297.52
     359.000     298.49
     359.500     298.66
     360.000     300.96
     360.500     300.88
     361.000     298.93
     361.500     299.99
     362.000     298.55
     362.500     299.71
     363.000     301.05
     363.500     300.66
     364.000     303.53
     364.500     299.04
     365.000     302.75
     365.500     302.71
     366.000     301.02
     366.500     299.02
     367.000     298.66
     367.500     301.40
     368.000     299.77
     368.500     302.14
     369.000     297.25
     369.500     302.88
     370.000     298.63
     370.500     299.06
     371.000     299.94
     371.500     302.80
     372.000     300.41
     372.500     300.75
     373.000     300.58
     373.500     300.94
     374.000     302.11
     374.500     299.49
     375.000     299.47
     375.500     300.42
     376.000     300.40
     376.500     300.85
     377.000     300.26
     377.500     294.38
     378.000     297.33
     378.500     298.71
     379.000     302.02
     379.500     297.91
     380.000     300.93
     380.500     300.37
     381.000     302.58
     381.500     300.23
     382.000     303.12
     382.500     303.28
     383.000     298.42
     383.500     299.39
     384.000     301.33
     384.500     302.05
     385.000     300.23
     385.500     297.89
     386.000     299.86
     386.500     298.60
     387.000     298.27
     387.500     299.12
     388.000     302.21
     388.500     297.96
     389.000     298.02
     389.500     302.33
     390.000     300.34
     390.500     298.70
     391.000     300.74
     391.500     299.85
     392.000     298.33
     392.500     300.01
     393.000     300.68
     393.500     298.24
     394.000     299.79
     394.500     301.02
     395.000     302.18
     395.500     300.77
     396.000     298.19
     396.500     302.39
     397.000     298.64
     397.500     299.62
     398.000     305.35
     398.500     299.87
     399.000     302.28
     399.500     301.40
     400.000     298.64
