       0.000           0.0000
       0.500         158.0447
       1.000         221.7522
       1.500         327.6796
       2.000         429.2463
       2.500         538.2264
       3.000         648.8918
       3.500         749.4647
       4.000         866.0709
       4.500         976.3799
       5.000        1083.6187
       5.500        1202.4188
       6.000        1299.7516
       6.500        1400.0302
       7.000        1527.8011
       7.500        1631.2316
       8.000        1743.7668
       8.500        1854.9413
       9.000        1962.0637
       9.500        2071.6257
      10.000        2177.7126
      10.500        2282.4463
      11.000        2414.6240
      11.500        2540.7444
      12.000        2611.7104
      12.500        2731.1487
      13.000        2854.9509
      13.500        2985.3193
      14.000        3062.1277
      14.500        3173.3203
      15.000        3291.8398
      15.500        3400.9907
      16.000        3507.9397
      16.500        3672.7292
      17.000        3738.7410
      17.500        3780.5168
      18.000        3953.1904
      18.500        4030.9041
      19.000        4167.3140
      19.500        4279.4424
      20.000        4352.8076
      20.500        4535.4194
      21.000        4554.5586
      21.500        4561.6646
      22.000        4622.3613
      22.500        4681.7041
      23.000        4722.9458
      23.500        4775.8799
      24.000        4832.3931
      24.500        4874.9258
      25.000        4871.1431
      25.500        4944.1294
      26.000        5049.5918
      26.500        5142.9634
      27.000        5164.1372
      27.500        5198.1943
      28.000        5348.6479
      28.500        5442.2305
      29.000        5409.9321
      29.500        5450.1748
      30.000        5498.9634
      30.500        5528.5845
      31.000        5682.6953
      31.500        5676.9639
      32.000        5729.7002
      32.500        5725.6089
      33.000        5838.5835
      33.500        5903.3359
      34.000        5950.2471
      34.500        6089.7256
      35.000        6016.7617
      35.500        6206.1113
      36.000        6196.9209
      36.500        6144.2246
      37.000        6317.7510
      37.500        6333.7046
      38.000        6406.1206
      38.500        6447.0312
      39.000        6490.7690
      39.500        6538.5879
      40.000        6649.4229
      40.500        6565.8330
      41.000        6812.9526
      41.500        6676.0269
      42.000        6791.1616
      42.500        6929.2334
      43.000        6898.5781
      43.500        6925.4966
      44.000        7132.2646
      44.500        7110.8911
      45.000        7179.9570
      45.500        7209.8467
      46.000        7298.7041
      46.500        7256.6997
      47.000        7415.4287
      47.500        7483.8003
      48.000        7589.4517
      48.500        7548.2061
      49.000        7572.0796
      49.500        7624.9233
      50.000        7742.1006
      50.500        7680.1055
      51.000        7876.9531
      51.500        7927.4150
      52.000        7877.3164
      52.500        8007.1343
      53.000        7974.1904
      53.500        8036.4404
      54.000        8142.0352
      54.500        8079.4160
      55.000        8295.9316
      55.500        8350.9971
      56.000        8480.0205
      56.500        8368.5781
      57.000        8470.3223
      57.500        8515.6768
      58.000        8576.4941
      58.500        8657.7061
      59.000        8686.0430
      59.500        8689.0156
      60.000        8724.4443
      60.500        8900.7979
      61.000        8860.8691
      61.500        8944.9385
      62.000        8863.7090
      62.500        8878.3926
      63.000        9036.6133
      63.500        8943.0596
      64.000        9053.2979
      64.500        9110.5684
      65.000        9071.6641
      65.500        9189.7607
      66.000        9156.2793
      66.500        9112.3086
      67.000        9190.2549
      67.500        9223.2920
      68.000        9306.6797
      68.500        9204.5215
      69.000        9381.6094
      69.500        9295.1055
      70.000        9452.0293
      70.500        9467.7305
      71.000        9499.2803
      71.500        9529.8613
      72.000        9403.8438
      72.500        9542.8594
      73.000        9501.1064
      73.500        9546.1455
      74.000        9622.4209
      74.500        9587.9316
      75.000        9633.3711
      75.500        9760.8467
      76.000        9752.5020
      76.500        9678.5537
      77.000        9728.0605
      77.500        9762.8965
      78.000        9819.2930
      78.500        9945.9424
      79.000        9841.8418
      79.500        9915.5957
      80.000        9917.1572
      80.500        9929.0518
      81.000       10037.6289
      81.500        9896.1191
      82.000       10025.6074
      82.500       10033.2910
      83.000        9965.8682
      83.500       10184.8760
      84.000       10071.8623
      84.500       10204.7334
      85.000       10147.9248
      85.500       10111.6084
      86.000       10226.8076
      86.500       10349.8242
      87.000       10442.3965
      87.500       10243.2939
      88.000       10422.9932
      88.500       10551.4570
      89.000       10487.0723
      89.500       10392.0547
      90.000       10457.6055
      90.500       10473.6367
      91.000       10532.7988
      91.500       10612.5869
      92.000       10702.5059
      92.500       10491.0059
      93.000       10655.3779
      93.500       10602.9111
      94.000       10695.4062
      94.500       10728.6055
      95.000       10778.7988
      95.500       10649.5264
      96.000       10788.9971
      96.500       10784.3223
      97.000       10876.1797
      97.500       10805.4346
      98.000       10866.9268
      98.500       11002.4434
      99.000       10834.7461
      99.500       11031.7900
     100.000       10951.7920
     100.500       11226.5479
     101.000       11094.5635
     101.500       11179.1973
     102.000       11167.9727
     102.500       11187.7803
     103.000       11260.5020
     103.500       11135.4922
     104.000       11216.8164
     104.500       11291.4814
     105.000       11302.7725
     105.500       11388.9531
     106.000       11412.6074
     106.500       11261.5918
     107.000       11297.5264
     107.500       11432.4043
     108.000       11417.3916
     108.500       11508.9648
     109.000       11462.4336
     109.500       11300.4043
     110.000       11387.0889
     110.500       11624.2217
     111.000       11718.9141
     111.500       11631.8730
     112.000       11790.4766
     112.500       11722.4229
     113.000       11631.3770
     113.500       11717.4473
     114.000       11825.1328
     114.500       11814.4102
     115.000       11781.4502
     115.500       11782.7461
     116.000       11907.5664
     116.500       11949.5264
     117.000       11935.4072
     117.500       11933.3457
     118.000       12020.7021
     118.500       12094.2617
     119.000       12137.6738
     119.500       11900.1855
     120.000       12180.4004
     120.500       12023.9336
     121.000       12203.1611
     121.500       12322.0967
     122.000       12263.2412
     122.500       12173.7832
     123.000       12170.6914
     123.500       12316.7637
     124.000       12259.5117
     124.500       12378.5410
     125.000       12240.5957
     125.500       12339.4062
     126.000       12402.9844
     126.500       12639.6895
     127.000       12508.2119
     127.500       12682.6074
     128.000       12625.3984
     128.500       12531.1787
     129.000       12467.7812
     129.500       12685.4209
     130.000       12639.8477
     130.500       12732.9727
     131.000       12652.1523
     131.500       12765.9766
     132.000       12904.0547
     132.500       12819.5625
     133.000       12802.5625
     133.500       12897.4111
     134.000       12853.6475
     134.500       12947.6465
     135.000       12958.9570
     135.500       12921.4043
     136.000       13028.3652
     136.500       13056.4346
     137.000       13000.3555
     137.500       13042.8867
     138.000       13079.1631
     138.500       13155.5264
     139.000       13070.9648
     139.500       13117.8691
     140.000       13298.7861
     140.500       13190.7441
     141.000       13277.9492
     141.500       13202.6309
     142.000       13384.0713
     142.500       13166.6006
     143.000       13128.4912
     143.500       13266.2754
     144.000       13119.4492
     144.500       13113.1982
     145.000       13070.2666
     145.500       13187.8906
     146.000       13249.5781
     146.500       13220.9834
     147.000       13193.8887
     147.500       13057.9512
     148.000       13209.8145
     148.500       13186.2041
     149.000       13188.9268
     149.500       13230.4609
     150.000       13246.5146
     150.500       13221.4482
     151.000       13107.8213
     151.500       13322.3477
     152.000       13298.1445
     152.500       13159.9658
     153.000       13213.4883
     153.500       13278.6523
     154.000       13256.0508
     154.500       13380.6084
     155.000       13291.0215
     155.500       13183.0801
     156.000       13181.5928
     156.500       13325.1416
     157.000       13134.3418
     157.500       13030.3906
     158.000       13359.9854
     158.500       13192.6104
     159.000       13247.5830
     159.500       13261.3535
     160.000       13341.1719
     160.500       13229.8857
     161.000       13223.3594
     161.500       13274.5586
     162.000       13225.6514
     162.500       13228.5762
     163.000       13131.3760
     163.500       13271.5869
     164.000       13438.6611
     164.500       13140.1748
     165.000       13246.0283
     165.500       13051.3379
     166.000       13052.9395
     166.500       13175.3105
     167.000       13097.0762
     167.500       13097.6982
     168.000       13130.9971
     168.500       13155.9199
     169.000       13182.3135
     169.500       13157.4102
     170.000       13282.7168
     170.500       13233.4941
     171.000       13267.7891
     171.500       13329.2715
     172.000       13272.0752
     172.500       13036.6152
     173.000       13090.4355
     173.500       13316.8555
     174.000       13229.9404
     174.500       13015.6611
     175.000       13296.3047
     175.500       13220.7529
     176.000       13299.9590
     176.500       13194.5586
     177.000       13198.5693
     177.500       13336.5576
     178.000       13221.6367
     178.500       13213.2197
     179.000       13128.2559
     179.500       13104.1768
     180.000       12976.5078
     180.500       13197.1875
     181.000       13144.0264
     181.500       13187.6279
     182.000       13181.0879
     182.500       13286.3174
     183.000       13261.2930
     183.500       13216.1221
     184.000       13234.8887
     184.500       13181.1582
     185.000       13171.2432
     185.500       13383.1934
     186.000       13254.6260
     186.500       13370.7783
     187.000       13338.8438
     187.500       13425.1592
     188.000       13039.1016
     188.500       13406.6826
     189.000       13073.7998
     189.500       13189.9629
     190.000       13216.5410
     190.500       13306.5186
     191.000       13163.9014
     191.500       13374.0303
     192.000       13187.6729
     192.500       13235.5908
     193.000       13263.9775
     193.500       13148.6172
     194.000       13295.5410
     194.500       13231.6006
     195.000       13157.2627
     195.500       13311.2490
     196.000       13331.0283
     196.500       13095.0596
     197.000       13192.5000
     197.500       13282.3359
     198.000       13259.1709
     198.500       13043.0645
     199.000       13177.8203
     199.500       13176.6025
     200.000       13334.4912
     200.500       13085.2998
     201.000       13117.5352
     201.500       13275.0068
     202.000       13047.9141
     202.500       13157.3301
     203.000       13220.9277
     203.500       13270.5781
     204.000       13353.3398
     204.500       13134.1807
     205.000       13142.8018
     205.500       12988.3232
     206.000       13350.7891
     206.500       13184.6289
     207.000       13257.4473
     207.500       13152.6172
     208.000       13110.7236
     208.500       13260.2656
     209.000       13145.4707
     209.500       13267.1943
     210.000       13203.8135
     210.500       13223.0127
     211.000       13277.4355
     211.500       13263.6113
     212.000       13295.2305
     212.500       13256.1338
     213.000       13270.6709
     213.500       13438.3799
     214.000       13204.5342
     214.500       13272.9219
     215.000       12947.2090
     215.500       13246.1270
     216.000       13215.1709
     216.500       13054.7568
     217.000       13214.1797
     217.500       13175.4580
     218.000       13306.7900
     218.500       13170.5352
     219.000       13425.7393
     219.500       13114.0156
     220.000       13193.1211
     220.500       13214.7871
     221.000       13387.6172
     221.500       13325.0010
     222.000       13052.5566
     222.500       13265.9512
     223.000       13124.7578
     223.500       13240.5908
     224.000       13270.4434
     224.500       13203.1299
     225.000       13140.6250
     225.500       13321.0664
     226.000       13161.6055
     226.500       13266.5635
     227.000       13272.8496
     227.500       13259.5244
     228.000       13208.0957
     228.500       13186.0039
     229.000       13220.9336
     229.500       13191.7803
     230.000       13089.6934
     230.500       13302.0684
     231.000       13294.7188
     231.500       13348.6426
     232.000       13258.9111
     232.500       13379.3213
     233.000       13271.4258
     233.500       13142.0439
     234.000       13226.1104
     234.500       13068.7422
     235.000       13316.3311
     235.500       13235.8691
     236.000       13123.7998
     236.500       13268.2178
     237.000       13104.8682
     237.500       13152.3682
     238.000       13376.1367
     238.500       13251.3818
     239.000       13367.7656
     239.500       13129.1553
     240.000       13341.2705
     240.500       13411.8271
     241.000       13270.2227
     241.500       13319.7871
     242.000       13269.5625
     242.500       13252.3076
     243.000       13185.8936
     243.500       13275.2803
     244.000       13075.2812
     244.500       13357.4883
     245.000       13297.3887
     245.500       13202.1416
     246.000       13017.8789
     246.500       13286.7285
     247.000       13277.7578
     247.500       13289.6992
     248.000       13227.2061
     248.500       13174.8564
     249.000       13275.6172
     249.500       13262.9082
     250.000       13229.3496
     250.500       13163.1641
     251.000       13100.8564
     251.500       13153.4785
     252.000       13270.0996
     252.500       13341.8301
     253.000       13231.8662
     253.500       13005.1777
     254.000       13147.0879
     254.500       13054.8643
     255.000       13174.7012
     255.500       13285.3682
     256.000       13210.9980
     256.500       13199.6426
     257.000       13164.7031
     257.500       13210.9453
     258.000       13173.5713
     258.500       13148.0283
     259.000       13451.1855
     259.500       13251.8555
     260.000       13100.0723
     260.500       13358.2881
     261.000       13329.7324
     261.500       13194.5859
     262.000       13039.1934
     262.500       13233.2158
     263.000       13235.7715
     263.500       13126.2568
     264.000       13214.2021
     264.500       13060.8945
     265.000       12969.2988
     265.500       13269.5898
     266.000       13251.1973
     266.500       13274.3457
     267.000       13371.0400
     267.500       13066.5215
     268.000       13198.9668
     268.500       13162.4756
     269.000       13333.4668
     269.500       13223.6133
     270.000       13218.2422
     270.500       13250.5498
     271.000       13232.8018
     271.500       13366.9531
     272.000       13264.3311
     272.500       13146.4863
     273.000       13205.0283
     273.500       13204.6855
     274.000       13175.2686
     274.500       13264.4883
     275.000       13136.7979
     275.500       13148.0225
     276.000       13268.8301
     276.500       13141.4062
     277.000       13336.5107
     277.500       13207.0977
     278.000       13067.2715
     278.500       13382.3203
     279.000       13221.8867
     279.500       13384.2217
     280.000       13173.2227
     280.500       13076.8945
     281.000       13292.3877
     281.500       13326.5684
     282.000       13169.9229
     282.500       13233.3311
     283.000       13310.9062
     283.500       13338.7041
     284.000       13279.2217
     284.500       13053.3799
     285.000       13296.3496
     285.500       13165.4473
     286.000       13353.2471
     286.500       13221.9248
     287.000       13196.2100
     287.500       13162.8232
     288.000       13292.7676
     288.500       13277.2393
     289.000       13324.0332
     289.500       13131.3760
     290.000       13180.3164
     290.500       13132.2725
     291.000       13237.9072
     291.500       13236.4365
     292.000       13282.1572
     292.500       13267.2627
     293.000       13122.3926
     293.500       13204.0244
     294.000       13142.1113
     294.500       13212.2959
     295.000       13313.8789
     295.500       13077.1631
     296.000       13206.3320
     296.500       13208.0693
     297.000       13069.5332
     297.500       13296.2246
     298.000       13049.1113
     298.500       13166.0537
     299.000       13281.0088
     299.500       13036.8125
     300.000       13251.2441
     300.500       13268.8086
     301.000       13174.5508
     301.500       13333.7119
     302.000       13215.3271
     302.500       13050.4697
     303.000       13263.0879
     303.500       13157.5732
     304.000       13179.4727
     304.500       13301.6143
     305.000       13249.0293
     305.500       13377.9639
     306.000       13020.9951
     306.500       13157.8770
     307.000       13219.5596
     307.500       13157.3076
     308.000       13226.4150
     308.500       13003.3770
     309.000       13325.1592
     309.500       13163.0000
     310.000       13100.6182
     310.500       13086.7568
     311.000       13107.9619
     311.500       13146.9160
     312.000       13225.7451
     312.500       13162.7656
     313.000       13201.5566
     313.500       13187.4678
     314.000       13256.0908
     314.500       13253.9824
     315.000       13306.5361
     315.500       13185.9209
     316.000       13345.9902
     316.500       13238.9443
     317.000       13229.3877
     317.500       13151.9697
     318.000       13237.3242
     318.500       13216.9951
     319.000       13349.2207
     319.500       13342.8447
     320.000       13227.4326
     320.500       12984.9600
     321.000       13228.3486
     321.500       13106.4521
     322.000       13295.7832
     322.500       13170.6055
     323.000       13181.9814
     323.500       13123.3369
     324.000       13062.4268
     324.500       13126.5996
     325.000       13256.1875
     325.500       13220.8828
     326.000       13359.5840
     326.500       13224.2246
     327.000       13287.6660
     327.500       13110.1797
     328.000       13269.9150
     328.500       13291.2480
     329.000       13362.6807
     329.500       13235.0947
     330.000       13106.0498
     330.500       13146.3887
     331.000       13195.3975
     331.500       13168.6670
     332.000       13300.6357
     332.500       13135.7168
     333.000       13137.6943
     333.500       13093.7354
     334.000       13162.7383
     334.500       13146.4492
     335.000       13120.5186
     335.500       13122.5840
     336.000       13335.4805
     336.500       13255.6855
     337.000       13159.4639
     337.500       13216.6777
     338.000       13370.1816
     338.500       13168.3223
     339.000       13140.9150
     339.500       13175.9795
     340.000       13335.5322
     340.500       13336.6250
     341.000       13308.3242
     341.500       13202.3135
     342.000       13238.6934
     342.500       13256.9209
     343.000       13180.8818
     343.500       13427.2314
     344.000       13094.5742
     344.500       13144.3057
     345.000       13261.7051
     345.500       13132.9668
     346.000       13290.2109
     346.500       13189.7891
     347.000       13164.2393
     347.500       13274.6514
     348.000       13070.6689
     348.500       13282.1025
     349.000       13214.5049
     349.500       13415.1748
     350.000       13175.5000
     350.500       13250.5605
     351.000       13196.0684
     351.500       13404.5156
     352.000       13191.9883
     352.500       13278.7002
     353.000       13290.9795
     353.500       13114.2852
     354.000       13187.3936
     354.500       13194.5273
     355.000       13052.6729
     355.500       13198.0654
     356.000       13127.5225
     356.500       13302.1562
     357.000       13107.9668
     357.500       13310.7012
     358.000       13186.5801
     358.500       13268.6152
     359.000       13200.8164
     359.500       13236.5312
     360.000       13219.4785
     360.500       13223.9199
     361.000       13255.9502
     361.500       13279.2334
     362.000       13065.4873
     362.500       13293.7568
     363.000       13226.9736
     363.500       13186.8203
     364.000       13059.6123
     364.500       13339.4336
     365.000       13092.0303
     365.500       13242.1484
     366.000       13226.0967
     366.500       13124.4590
     367.000       13321.5332
     367.500       13043.5586
     368.000       13149.8613
     368.500       13247.5889
     369.000       13106.9941
     369.500       13253.0869
     370.000       13192.6357
     370.500       13235.1807
     371.000       13153.2832
     371.500       13217.7539
     372.000       13120.5537
     372.500       13372.2539
     373.000       13131.4463
     373.500       13332.6904
     374.000       13324.2412
     374.500       13034.5664
     375.000       13244.5928
     375.500       13271.2637
     376.000       13403.2363
     376.500       13114.0771
     377.000       13127.8564
     377.500       13157.0527
     378.000       13200.1162
     378.500       13206.2637
     379.000       13259.3477
     379.500       13293.9668
     380.000       13348.2607
     380.500       13221.7461
     381.000       13246.5703
     381.500       13174.5664
     382.000       13213.5078
     382.500       13219.0596
     383.000       13309.6885
     383.500       13254.6016
     384.000       13245.6201
     384.500       13126.7842
     385.000       13356.7588
     385.500       13313.0762
     386.000       13208.1025
     386.500       13144.4219
     387.000       13147.6289
     387.500       13271.6582
     388.000       13331.0225
     388.500       13221.3740
     389.000       13073.2637
     389.500       13029.0020
     390.000       13309.8711
     390.500       13203.5566
     391.000       13188.9434
     391.500       13156.4580
     392.000       13057.9502
     392.500       13082.0635
     393.000       13128.4619
     393.500       13420.0459
     394.000       13282.5293
     394.500       13220.3994
     395.000       13230.0879
     395.500       13132.7256
     396.000       13237.1572
     396.500       13188.0420
     397.000       13266.8994
     397.500       13204.1562
     398.000       13275.1035
     398.500       13085.5645
     399.000       13335.8760
     399.500       13165.2969
     400.000       13218.0264
