       0.000     -129751.8887
       0.500      -92893.9519
       1.000      -93176.5636
       1.500      -93276.4973
       2.000      -93320.4118
       2.500      -93320.9415
       3.000      -93298.1117
       3.500      -93272.2145
       4.000      -93219.7720
       4.500      -93170.5496
       5.000      -93092.6218
       5.500      -93026.5702
       6.000      -92964.6748
       6.500      -92884.8021
       7.000      -92813.1043
       7.500      -92736.8635
       8.000      -92659.3197
       8.500      -92573.3536
       9.000      -92479.3945
       9.500      -92406.0677
      10.000      -92317.7020
      10.500      -92203.7578
      11.000      -92168.1439
      11.500      -92103.9394
      12.000      -92041.7619
      12.500      -91906.7013
      13.000      -91868.3270
      13.500      -91793.1850
      14.000      -91715.0943
      14.500      -91596.2695
      15.000      -91546.9571
      15.500      -91449.4630
      16.000      -91357.8326
      16.500      -91282.8414
      17.000      -91215.3433
      17.500      -91145.6637
      18.000      -90998.9430
      18.500      -90994.4896
      19.000      -90847.0724
      19.500      -90803.5916
      20.000      -90717.9707
      20.500      -90630.8869
      21.000      -90650.2030
      21.500      -90631.1647
      22.000      -90553.1289
      22.500      -90546.3564
      23.000      -90480.9125
      23.500      -90539.1807
      24.000      -90456.9289
      24.500      -90509.0442
      25.000      -90455.7574
      25.500      -90424.1429
      26.000      -90315.2634
      26.500      -90324.6476
      27.000      -90338.6511
      27.500      -90216.3646
      28.000      -90224.9076
      28.500      -90176.6497
      29.000      -90144.9467
      29.500      -90109.8116
      30.000      -90038.3163
      30.500      -89917.9440
      31.000      -89990.6016
      31.500      -89946.2442
      32.000      -89860.3969
      32.500      -89798.3360
      33.000      -89812.0553
      33.500      -89786.1343
      34.000      -89708.0811
      34.500      -89596.0645
      35.000      -89692.3060
      35.500      -89616.3674
      36.000      -89549.9007
      36.500      -89536.4997
      37.000      -89461.0472
      37.500      -89392.5678
      38.000      -89435.5783
      38.500      -89330.9625
      39.000      -89282.4199
      39.500      -89300.8751
      40.000      -89241.0284
      40.500      -89200.0258
      41.000      -89095.9111
      41.500      -89048.3440
      42.000      -89116.5846
      42.500      -89021.1788
      43.000      -88998.6371
      43.500      -88996.3126
      44.000      -88902.5198
      44.500      -88690.9612
      45.000      -88762.4222
      45.500      -88711.4025
      46.000      -88609.6670
      46.500      -88605.3080
      47.000      -88549.3633
      47.500      -88531.7732
      48.000      -88427.3200
      48.500      -88531.6066
      49.000      -88292.9721
      49.500      -88387.7318
      50.000      -88280.4430
      50.500      -88061.5312
      51.000      -88133.5076
      51.500      -88181.7095
      52.000      -87970.2497
      52.500      -87959.0440
      53.000      -87846.6233
      53.500      -87962.8331
      54.000      -87855.2154
      54.500      -87770.4833
      55.000      -87773.2283
      55.500      -87675.2043
      56.000      -87593.3551
      56.500      -87629.4659
      57.000      -87613.5051
      57.500      -87413.3438
      58.000      -87473.8851
      58.500      -87537.7351
      59.000      -87324.1971
      59.500      -87290.2458
      60.000      -87248.8393
      60.500      -87028.9614
      61.000      -87134.1635
      61.500      -87147.4696
      62.000      -87124.9695
      62.500      -87052.3228
      63.000      -86997.6800
      63.500      -87084.8518
      64.000      -87023.5017
      64.500      -86954.3099
      65.000      -87051.9181
      65.500      -86919.9741
      66.000      -87012.1712
      66.500      -86921.7678
      67.000      -86925.9622
      67.500      -86998.3073
      68.000      -86897.7948
      68.500      -86956.1009
      69.000      -86879.8411
      69.500      -86778.8226
      70.000      -86726.5199
      70.500      -86804.1320
      71.000      -86589.8808
      71.500      -86634.5248
      72.000      -86508.1520
      72.500      -86524.9037
      73.000      -86597.0171
      73.500      -86402.8346
      74.000      -86552.8126
      74.500      -86527.2844
      75.000      -86393.7767
      75.500      -86519.5741
      76.000      -86451.6255
      76.500      -86380.7098
      77.000      -86338.0698
      77.500      -86333.5835
      78.000      -86396.2857
      78.500      -86215.9674
      79.000      -86296.5254
      79.500      -86338.1824
      80.000      -86301.8804
      80.500      -86144.2021
      81.000      -86191.2711
      81.500      -86145.2265
      82.000      -86098.1284
      82.500      -86087.4328
      83.000      -86161.6483
      83.500      -86169.1042
      84.000      -85968.9212
      84.500      -85870.0808
      85.000      -85844.3941
      85.500      -85864.1007
      86.000      -85867.9009
      86.500      -85654.1996
      87.000      -85787.3127
      87.500      -85757.9445
      88.000      -85603.8238
      88.500      -85709.5604
      89.000      -85668.9020
      89.500      -85867.8597
      90.000      -85553.3319
      90.500      -85598.6339
      91.000      -85679.9988
      91.500      -85575.3313
      92.000      -85510.2715
      92.500      -85426.6706
      93.000      -85408.3704
      93.500      -85423.9755
      94.000      -85381.5498
      94.500      -85257.2647
      95.000      -85264.9472
      95.500      -85236.6557
      96.000      -85070.0708
      96.500      -85279.4423
      97.000      -85208.4045
      97.500      -85210.6915
      98.000      -85147.0937
      98.500      -84974.9182
      99.000      -84834.5445
      99.500      -84953.2812
     100.000      -84933.6080
     100.500      -84869.0315
     101.000      -84711.7495
     101.500      -84635.3716
     102.000      -84650.6262
     102.500      -84489.9584
     103.000      -84731.7422
     103.500      -84639.6796
     104.000      -84502.7626
     104.500      -84645.8802
     105.000      -84409.4815
     105.500      -84397.9442
     106.000      -84468.4525
     106.500      -84343.9608
     107.000      -84306.7844
     107.500      -84168.8769
     108.000      -84304.2858
     108.500      -84159.6566
     109.000      -84098.0490
     109.500      -83972.0664
     110.000      -83842.3010
     110.500      -83919.7064
     111.000      -83887.0953
     111.500      -83941.1272
     112.000      -83600.1070
     112.500      -83555.7463
     113.000      -83753.5733
     113.500      -83595.4650
     114.000      -83548.2511
     114.500      -83431.8843
     115.000      -83409.9720
     115.500      -83333.0363
     116.000      -83284.1486
     116.500      -83066.1844
     117.000      -83150.1307
     117.500      -83107.6679
     118.000      -82953.7854
     118.500      -83045.1665
     119.000      -82949.0953
     119.500      -82678.0149
     120.000      -82936.5733
     120.500      -82814.6642
     121.000      -82641.0057
     121.500      -82539.8923
     122.000      -82643.3404
     122.500      -82580.8538
     123.000      -82529.5490
     123.500      -82260.0696
     124.000      -82351.6031
     124.500      -82355.4568
     125.000      -82141.4251
     125.500      -82151.2887
     126.000      -81993.2713
     126.500      -82040.2542
     127.000      -81980.0145
     127.500      -81837.6375
     128.000      -81942.0179
     128.500      -81737.7530
     129.000      -81567.2522
     129.500      -81574.4866
     130.000      -81438.5822
     130.500      -81322.0829
     131.000      -81361.5393
     131.500      -81294.8922
     132.000      -81172.5933
     132.500      -81087.9850
     133.000      -80994.7776
     133.500      -80853.2695
     134.000      -80791.0765
     134.500      -80901.0843
     135.000      -80480.8551
     135.500      -80395.8317
     136.000      -80491.4465
     136.500      -80413.3113
     137.000      -80357.4705
     137.500      -80072.7638
     138.000      -80071.4011
     138.500      -79909.9147
     139.000      -79854.3690
     139.500      -79997.4703
     140.000      -79798.2895
     140.500      -79595.0484
     141.000      -79892.8389
     141.500      -79865.0513
     142.000      -79676.9732
     142.500      -79788.1973
     143.000      -79469.1889
     143.500      -79655.0659
     144.000      -79690.3891
     144.500      -79401.8435
     145.000      -79391.0046
     145.500      -79638.2369
     146.000      -79417.2736
     146.500      -79332.6698
     147.000      -79413.3464
     147.500      -79412.4256
     148.000      -79386.9828
     148.500      -79365.3732
     149.000      -79402.3252
     149.500      -79321.0043
     150.000      -79404.6481
     150.500      -79230.7620
     151.000      -79277.7012
     151.500      -79269.3123
     152.000      -79297.3409
     152.500      -79355.0741
     153.000      -79184.8686
     153.500      -79345.8989
     154.000      -79284.0134
     154.500      -79206.3669
     155.000      -79149.2016
     155.500      -79442.4689
     156.000      -79398.0346
     156.500      -79226.2587
     157.000      -79383.0263
     157.500      -79385.5449
     158.000      -79539.9221
     158.500      -79573.0561
     159.000      -79330.3490
     159.500      -79222.4369
     160.000      -79309.4860
     160.500      -79241.2527
     161.000      -79337.9815
     161.500      -79563.5436
     162.000      -79558.0393
     162.500      -79490.3017
     163.000      -79311.5614
     163.500      -79535.8285
     164.000      -79196.9662
     164.500      -79452.7523
     165.000      -79506.5934
     165.500      -79288.6859
     166.000      -79435.4916
     166.500      -79324.0897
     167.000      -79487.1155
     167.500      -79350.5157
     168.000      -79229.2147
     168.500      -79164.0840
     169.000      -79212.7461
     169.500      -79451.7099
     170.000      -79418.1736
     170.500      -79619.8108
     171.000      -79552.8364
     171.500      -79528.7919
     172.000      -79551.7615
     172.500      -79272.2200
     173.000      -79394.0977
     173.500      -79258.8473
     174.000      -79254.7844
     174.500      -79408.1999
     175.000      -79232.3632
     175.500      -79170.6007
     176.000      -79486.6122
     176.500      -79391.8578
     177.000      -79371.7297
     177.500      -79298.5737
     178.000      -79285.5954
     178.500      -79287.8730
     179.000      -79383.4621
     179.500      -79429.8994
     180.000      -79315.7356
     180.500      -79230.2507
     181.000      -79348.6176
     181.500      -79304.0330
     182.000      -79168.3203
     182.500      -79349.8181
     183.000      -79254.2781
     183.500      -79302.7987
     184.000      -79443.3556
     184.500      -79403.1729
     185.000      -79484.1077
     185.500      -79228.0117
     186.000      -79170.4510
     186.500      -79268.2192
     187.000      -79212.4189
     187.500      -79295.7900
     188.000      -79306.5835
     188.500      -79304.6914
     189.000      -79292.3559
     189.500      -79250.4953
     190.000      -79394.2969
     190.500      -79285.4353
     191.000      -79347.1755
     191.500      -79439.5361
     192.000      -79290.4241
     192.500      -79169.4371
     193.000      -79398.7554
     193.500      -79412.2039
     194.000      -79362.0934
     194.500      -79411.8820
     195.000      -79522.9485
     195.500      -79550.8831
     196.000      -79425.5616
     196.500      -79335.7651
     197.000      -79245.8885
     197.500      -79446.0007
     198.000      -79626.6578
     198.500      -79340.1999
     199.000      -79530.1945
     199.500      -79434.6025
     200.000      -79406.3126
     200.500      -79313.6337
     201.000      -79455.3187
     201.500      -79319.5063
     202.000      -79390.5536
     202.500      -79211.0609
     203.000      -79501.8167
     203.500      -79365.7588
     204.000      -79435.8662
     204.500      -79194.6373
     205.000      -79416.3751
     205.500      -79220.4471
     206.000      -79537.6951
     206.500      -79347.4128
     207.000      -79275.5469
     207.500      -79431.0993
     208.000      -79383.3613
     208.500      -79676.7047
     209.000      -79694.8484
     209.500      -79551.9866
     210.000      -79443.3157
     210.500      -79437.5520
     211.000      -79293.7377
     211.500      -79396.1730
     212.000      -79321.5495
     212.500      -79573.7926
     213.000      -79591.6725
     213.500      -79629.5446
     214.000      -79506.1113
     214.500      -79571.8702
     215.000      -79665.5025
     215.500      -79667.8716
     216.000      -79823.4913
     216.500      -79698.3963
     217.000      -79654.4384
     217.500      -79678.9799
     218.000      -79745.1962
     218.500      -79573.4993
     219.000      -79561.2269
     219.500      -79776.6558
     220.000      -79716.8086
     220.500      -79753.8020
     221.000      -79582.1850
     221.500      -79837.3311
     222.000      -79716.0110
     222.500      -79734.9701
     223.000      -79719.2079
     223.500      -79668.7938
     224.000      -79725.1758
     224.500      -79668.4491
     225.000      -79504.1686
     225.500      -79736.8307
     226.000      -79894.5497
     226.500      -79496.4802
     227.000      -79850.1605
     227.500      -79575.8903
     228.000      -79994.6550
     228.500      -79676.5805
     229.000      -79565.4625
     229.500      -79448.9921
     230.000      -79525.4402
     230.500      -79610.8041
     231.000      -79552.6995
     231.500      -79415.8545
     232.000      -79703.4610
     232.500      -79432.9852
     233.000      -79331.4907
     233.500      -79533.8234
     234.000      -79449.0274
     234.500      -79364.4507
     235.000      -79525.4607
     235.500      -79556.8351
     236.000      -79573.8095
     236.500      -79544.7335
     237.000      -79592.0769
     237.500      -79448.0581
     238.000      -79555.0770
     238.500      -79633.3691
     239.000      -79532.9695
     239.500      -79409.8393
     240.000      -79634.2097
     240.500      -79663.5309
     241.000      -79777.4941
     241.500      -79827.6139
     242.000      -79901.8193
     242.500      -79744.7858
     243.000      -79830.8097
     243.500      -79784.8174
     244.000      -79884.7797
     244.500      -79795.0848
     245.000      -79752.0469
     245.500      -79778.2487
     246.000      -79736.9639
     246.500      -79806.3180
     247.000      -79852.4618
     247.500      -79746.3374
     248.000      -79665.5698
     248.500      -79771.0181
     249.000      -79694.3702
     249.500      -79833.5818
     250.000      -79774.0592
     250.500      -79602.3814
     251.000      -79791.6426
     251.500      -79749.9451
     252.000      -79858.9802
     252.500      -79723.9463
     253.000      -79806.6492
     253.500      -79414.3642
     254.000      -79574.4067
     254.500      -79637.2940
     255.000      -79645.0294
     255.500      -79669.2669
     256.000      -79804.8625
     256.500      -79647.1862
     257.000      -79787.0471
     257.500      -79944.5084
     258.000      -79712.9374
     258.500      -79820.9808
     259.000      -79506.8368
     259.500      -79670.1638
     260.000      -79587.8364
     260.500      -79710.1709
     261.000      -79820.0970
     261.500      -79744.3269
     262.000      -79734.2119
     262.500      -80018.1210
     263.000      -79773.7508
     263.500      -79699.1989
     264.000      -79877.2983
     264.500      -79894.1882
     265.000      -79795.7025
     265.500      -79778.1204
     266.000      -79863.9199
     266.500      -79672.9273
     267.000      -79729.7290
     267.500      -79657.2644
     268.000      -79883.3394
     268.500      -79926.9594
     269.000      -79809.9572
     269.500      -79921.7061
     270.000      -79918.4901
     270.500      -79896.5733
     271.000      -79824.5103
     271.500      -79820.7871
     272.000      -79731.5755
     272.500      -79834.5155
     273.000      -80145.4035
     273.500      -79877.7167
     274.000      -79993.6096
     274.500      -80092.9682
     275.000      -79922.6834
     275.500      -80148.8101
     276.000      -79922.9912
     276.500      -79862.6323
     277.000      -79895.3382
     277.500      -79919.1061
     278.000      -79920.1194
     278.500      -79892.4605
     279.000      -80026.9527
     279.500      -80076.7792
     280.000      -79847.5686
     280.500      -79771.3588
     281.000      -79978.5988
     281.500      -79771.2978
     282.000      -80123.7446
     282.500      -80091.0639
     283.000      -79933.3950
     283.500      -79813.0732
     284.000      -79786.2536
     284.500      -79752.7449
     285.000      -79969.3863
     285.500      -79901.1646
     286.000      -79895.2827
     286.500      -80059.4625
     287.000      -79857.7277
     287.500      -80024.5137
     288.000      -80124.2833
     288.500      -79945.6230
     289.000      -79944.7406
     289.500      -79911.5059
     290.000      -79739.1322
     290.500      -80038.5073
     291.000      -79515.4242
     291.500      -79845.7995
     292.000      -79801.1165
     292.500      -79945.4226
     293.000      -79861.7352
     293.500      -79809.7437
     294.000      -79924.5218
     294.500      -79875.1740
     295.000      -79919.9627
     295.500      -79887.7172
     296.000      -79813.2643
     296.500      -79906.9886
     297.000      -80158.4379
     297.500      -80041.9757
     298.000      -79844.4285
     298.500      -79893.9988
     299.000      -80075.1627
     299.500      -79995.9826
     300.000      -79640.3708
     300.500      -80111.4302
     301.000      -80001.0178
     301.500      -80091.2675
     302.000      -80034.9413
     302.500      -79845.0546
     303.000      -79880.9458
     303.500      -79854.4830
     304.000      -79954.5100
     304.500      -79862.0199
     305.000      -80148.5210
     305.500      -80046.3554
     306.000      -79994.3467
     306.500      -80107.7605
     307.000      -80065.6095
     307.500      -80202.3461
     308.000      -80080.8690
     308.500      -79884.0882
     309.000      -80028.8278
     309.500      -80008.3990
     310.000      -80149.5108
     310.500      -80242.7658
     311.000      -80097.2725
     311.500      -80185.6722
     312.000      -80089.1296
     312.500      -79797.7268
     313.000      -79948.0430
     313.500      -79838.2920
     314.000      -80120.8290
     314.500      -80033.4707
     315.000      -79998.3587
     315.500      -80136.9800
     316.000      -80127.8819
     316.500      -80070.4930
     317.000      -80038.3676
     317.500      -80065.3287
     318.000      -79911.1706
     318.500      -79984.0376
     319.000      -80262.2123
     319.500      -79916.9433
     320.000      -80239.7116
     320.500      -79937.3838
     321.000      -80159.2938
     321.500      -79994.3891
     322.000      -80140.0037
     322.500      -79945.3880
     323.000      -79964.9893
     323.500      -80263.4620
     324.000      -80128.8390
     324.500      -80043.6325
     325.000      -79992.0253
     325.500      -80100.5273
     326.000      -79990.4566
     326.500      -80012.3755
     327.000      -80052.5301
     327.500      -79890.2017
     328.000      -80068.1206
     328.500      -80144.9678
     329.000      -80159.8904
     329.500      -80110.2896
     330.000      -80038.6794
     330.500      -79940.3431
     331.000      -79807.7848
     331.500      -80059.8932
     332.000      -80040.2397
     332.500      -79974.2251
     333.000      -80080.1625
     333.500      -79872.8483
     334.000      -79880.2810
     334.500      -80041.8113
     335.000      -79923.1547
     335.500      -80105.9483
     336.000      -79863.4347
     336.500      -79654.3004
     337.000      -79841.3566
     337.500      -79844.3375
     338.000      -80074.9622
     338.500      -80145.7788
     339.000      -79818.1672
     339.500      -79967.6036
     340.000      -80221.5442
     340.500      -80169.3386
     341.000      -80101.8135
     341.500      -80084.2920
     342.000      -80092.2045
     342.500      -79983.5418
     343.000      -80312.2125
     343.500      -80080.6100
     344.000      -80007.4658
     344.500      -79986.2659
     345.000      -80093.1797
     345.500      -80277.1165
     346.000      -80254.3141
     346.500      -80239.3117
     347.000      -80122.5510
     347.500      -80142.4252
     348.000      -80225.1220
     348.500      -80105.2363
     349.000      -79935.3407
     349.500      -79895.1170
     350.000      -79902.1927
     350.500      -80059.2678
     351.000      -80126.4134
     351.500      -80176.7584
     352.000      -80101.0702
     352.500      -80219.8019
     353.000      -80119.2956
     353.500      -80281.0617
     354.000      -80262.7405
     354.500      -80192.3529
     355.000      -80162.2776
     355.500      -80369.5658
     356.000      -80242.8097
     356.500      -80052.7981
     357.000      -80259.1550
     357.500      -80330.5390
     358.000      -80386.1711
     358.500      -80328.6475
     359.000      -80188.1329
     359.500      -80148.6232
     360.000      -80235.0526
     360.500      -80196.3000
     361.000      -80148.5276
     361.500      -79884.0935
     362.000      -80089.1892
     362.500      -79993.8257
     363.000      -80149.0776
     363.500      -80166.7897
     364.000      -80152.8359
     364.500      -80261.6764
     365.000      -80113.0214
     365.500      -80201.5865
     366.000      -80162.7182
     366.500      -80038.1360
     367.000      -80063.6965
     367.500      -80197.1722
     368.000      -80047.6014
     368.500      -80114.0589
     369.000      -80172.9479
     369.500      -80223.6504
     370.000      -80183.7707
     370.500      -80155.0080
     371.000      -80261.0898
     371.500      -80069.3262
     372.000      -80045.2419
     372.500      -79950.0035
     373.000      -80238.4854
     373.500      -80058.3071
     374.000      -80198.4562
     374.500      -80048.0117
     375.000      -80112.8436
     375.500      -80117.6478
     376.000      -80198.5174
     376.500      -80185.8069
     377.000      -80162.4869
     377.500      -80022.0085
     378.000      -80191.0126
     378.500      -80252.8724
     379.000      -80235.2906
     379.500      -80068.1669
     380.000      -80255.8570
     380.500      -80172.5646
     381.000      -80205.1955
     381.500      -80224.3863
     382.000      -80056.1801
     382.500      -80240.7272
     383.000      -80281.7587
     383.500      -80239.0732
     384.000      -80207.1627
     384.500      -80390.5522
     385.000      -80267.2560
     385.500      -80222.6724
     386.000      -80280.5834
     386.500      -80324.7437
     387.000      -80079.3360
     387.500      -80275.7603
     388.000      -80080.6892
     388.500      -80013.9348
     389.000      -80059.8209
     389.500      -80098.1141
     390.000      -80239.5045
     390.500      -80329.6225
     391.000      -80107.6844
     391.500      -80099.1109
     392.000      -80077.2619
     392.500      -80117.5508
     393.000      -80039.0254
     393.500      -80170.7117
     394.000      -80053.5189
     394.500      -80222.1109
     395.000      -80222.8367
     395.500      -80260.0292
     396.000      -80336.4157
     396.500      -80201.1422
     397.000      -80170.9258
     397.500      -80144.5352
     398.000      -80092.5509
     398.500      -80374.8623
     399.000      -80236.9473
     399.500      -80303.3792
     400.000      -80405.0063
