       0.000     -129751.8887
       0.500      -92735.9072
       1.000      -92954.8113
       1.500      -92948.8177
       2.000      -92891.1656
       2.500      -92782.7151
       3.000      -92649.2199
       3.500      -92522.7498
       4.000      -92353.7011
       4.500      -92194.1697
       5.000      -92009.0031
       5.500      -91824.1514
       6.000      -91664.9232
       6.500      -91484.7719
       7.000      -91285.3032
       7.500      -91105.6320
       8.000      -90915.5529
       8.500      -90718.4123
       9.000      -90517.3308
       9.500      -90334.4419
      10.000      -90139.9893
      10.500      -89921.3115
      11.000      -89753.5199
      11.500      -89563.1950
      12.000      -89430.0514
      12.500      -89175.5526
      13.000      -89013.3760
      13.500      -88807.8657
      14.000      -88652.9666
      14.500      -88422.9492
      15.000      -88255.1173
      15.500      -88048.4723
      16.000      -87849.8929
      16.500      -87610.1122
      17.000      -87476.6024
      17.500      -87365.1469
      18.000      -87045.7526
      18.500      -86963.5856
      19.000      -86679.7584
      19.500      -86524.1492
      20.000      -86365.1631
      20.500      -86095.4674
      21.000      -86095.6444
      21.500      -86069.5001
      22.000      -85930.7676
      22.500      -85864.6523
      23.000      -85757.9667
      23.500      -85763.3008
      24.000      -85624.5358
      24.500      -85634.1185
      25.000      -85584.6143
      25.500      -85480.0135
      26.000      -85265.6716
      26.500      -85181.6842
      27.000      -85174.5139
      27.500      -85018.1703
      28.000      -84876.2596
      28.500      -84734.4192
      29.000      -84735.0146
      29.500      -84659.6368
      30.000      -84539.3529
      30.500      -84389.3595
      31.000      -84307.9063
      31.500      -84269.2803
      32.000      -84130.6967
      32.500      -84072.7271
      33.000      -83973.4718
      33.500      -83882.7983
      34.000      -83757.8340
      34.500      -83506.3389
      35.000      -83675.5442
      35.500      -83410.2561
      36.000      -83352.9798
      36.500      -83392.2751
      37.000      -83143.2962
      37.500      -83058.8632
      38.000      -83029.4577
      38.500      -82883.9312
      39.000      -82791.6508
      39.500      -82762.2873
      40.000      -82591.6056
      40.500      -82634.1928
      41.000      -82282.9584
      41.500      -82372.3172
      42.000      -82325.4230
      42.500      -82091.9454
      43.000      -82100.0589
      43.500      -82070.8160
      44.000      -81770.2551
      44.500      -81580.0701
      45.000      -81582.4652
      45.500      -81501.5558
      46.000      -81310.9629
      46.500      -81348.6083
      47.000      -81133.9345
      47.500      -81047.9729
      48.000      -80837.8683
      48.500      -80983.4005
      49.000      -80720.8925
      49.500      -80762.8085
      50.000      -80538.3424
      50.500      -80381.4257
      51.000      -80256.5545
      51.500      -80254.2945
      52.000      -80092.9333
      52.500      -79951.9097
      53.000      -79872.4329
      53.500      -79926.3927
      54.000      -79713.1802
      54.500      -79691.0673
      55.000      -79477.2967
      55.500      -79324.2073
      56.000      -79113.3346
      56.500      -79260.8877
      57.000      -79143.1828
      57.500      -78897.6671
      58.000      -78897.3909
      58.500      -78880.0290
      59.000      -78638.1542
      59.500      -78601.2302
      60.000      -78524.3950
      60.500      -78128.1635
      61.000      -78273.2943
      61.500      -78202.5311
      62.000      -78261.2605
      62.500      -78173.9302
      63.000      -77961.0667
      63.500      -78141.7922
      64.000      -77970.2039
      64.500      -77843.7415
      65.000      -77980.2540
      65.500      -77730.2134
      66.000      -77855.8919
      66.500      -77809.4592
      67.000      -77735.7073
      67.500      -77775.0153
      68.000      -77591.1151
      68.500      -77751.5794
      69.000      -77498.2317
      69.500      -77483.7171
      70.000      -77274.4906
      70.500      -77336.4015
      71.000      -77090.6005
      71.500      -77104.6635
      72.000      -77104.3082
      72.500      -76982.0443
      73.000      -77095.9107
      73.500      -76856.6891
      74.000      -76930.3917
      74.500      -76939.3528
      75.000      -76760.4056
      75.500      -76758.7274
      76.000      -76699.1236
      76.500      -76702.1561
      77.000      -76610.0092
      77.500      -76570.6870
      78.000      -76576.9928
      78.500      -76270.0251
      79.000      -76454.6836
      79.500      -76422.5867
      80.000      -76384.7232
      80.500      -76215.1504
      81.000      -76153.6422
      81.500      -76249.1074
      82.000      -76072.5209
      82.500      -76054.1418
      83.000      -76195.7801
      83.500      -75984.2282
      84.000      -75897.0589
      84.500      -75665.3474
      85.000      -75696.4692
      85.500      -75752.4923
      86.000      -75641.0933
      86.500      -75304.3753
      87.000      -75344.9162
      87.500      -75514.6505
      88.000      -75180.8306
      88.500      -75158.1034
      89.000      -75181.8297
      89.500      -75475.8051
      90.000      -75095.7264
      90.500      -75124.9972
      91.000      -75147.1999
      91.500      -74962.7444
      92.000      -74807.7656
      92.500      -74935.6648
      93.000      -74752.9924
      93.500      -74821.0643
      94.000      -74686.1435
      94.500      -74528.6592
      95.000      -74486.1484
      95.500      -74587.1293
      96.000      -74281.0737
      96.500      -74495.1200
      97.000      -74332.2249
      97.500      -74405.2570
      98.000      -74280.1669
      98.500      -73972.4748
      99.000      -73999.7984
      99.500      -73921.4912
     100.000      -73981.8160
     100.500      -73642.4837
     101.000      -73617.1860
     101.500      -73456.1743
     102.000      -73482.6535
     102.500      -73302.1781
     103.000      -73471.2403
     103.500      -73504.1874
     104.000      -73285.9462
     104.500      -73354.3988
     105.000      -73106.7091
     105.500      -73008.9911
     106.000      -73055.8451
     106.500      -73082.3690
     107.000      -73009.2580
     107.500      -72736.4726
     108.000      -72886.8942
     108.500      -72650.6918
     109.000      -72635.6154
     109.500      -72671.6621
     110.000      -72455.2122
     110.500      -72295.4847
     111.000      -72168.1813
     111.500      -72309.2542
     112.000      -71809.6304
     112.500      -71833.3235
     113.000      -72122.1963
     113.500      -71878.0177
     114.000      -71723.1183
     114.500      -71617.4742
     115.000      -71628.5218
     115.500      -71550.2902
     116.000      -71376.5822
     116.500      -71116.6580
     117.000      -71214.7235
     117.500      -71174.3222
     118.000      -70933.0833
     118.500      -70950.9047
     119.000      -70811.4215
     119.500      -70777.8294
     120.000      -70756.1729
     120.500      -70790.7306
     121.000      -70437.8446
     121.500      -70217.7956
     122.000      -70380.0992
     122.500      -70407.0706
     123.000      -70358.8576
     123.500      -69943.3059
     124.000      -70092.0913
     124.500      -69976.9158
     125.000      -69900.8294
     125.500      -69811.8824
     126.000      -69590.2869
     126.500      -69400.5648
     127.000      -69471.8025
     127.500      -69155.0301
     128.000      -69316.6195
     128.500      -69206.5743
     129.000      -69099.4709
     129.500      -68889.0657
     130.000      -68798.7346
     130.500      -68589.1102
     131.000      -68709.3869
     131.500      -68528.9156
     132.000      -68268.5387
     132.500      -68268.4225
     133.000      -68192.2151
     133.500      -67955.8583
     134.000      -67937.4290
     134.500      -67953.4378
     135.000      -67521.8980
     135.500      -67474.4274
     136.000      -67463.0813
     136.500      -67356.8768
     137.000      -67357.1150
     137.500      -67029.8771
     138.000      -66992.2381
     138.500      -66754.3883
     139.000      -66783.4042
     139.500      -66879.6012
     140.000      -66499.5034
     140.500      -66404.3043
     141.000      -66614.8897
     141.500      -66662.4205
     142.000      -66292.9019
     142.500      -66621.5967
     143.000      -66340.6977
     143.500      -66388.7905
     144.000      -66570.9398
     144.500      -66288.6453
     145.000      -66320.7380
     145.500      -66450.3463
     146.000      -66167.6955
     146.500      -66111.6864
     147.000      -66219.4577
     147.500      -66354.4745
     148.000      -66177.1684
     148.500      -66179.1691
     149.000      -66213.3985
     149.500      -66090.5434
     150.000      -66158.1335
     150.500      -66009.3137
     151.000      -66169.8800
     151.500      -65946.9646
     152.000      -65999.1963
     152.500      -66195.1083
     153.000      -65971.3803
     153.500      -66067.2466
     154.000      -66027.9626
     154.500      -65825.7585
     155.000      -65858.1802
     155.500      -66259.3888
     156.000      -66216.4418
     156.500      -65901.1171
     157.000      -66248.6845
     157.500      -66355.1542
     158.000      -66179.9367
     158.500      -66380.4457
     159.000      -66082.7660
     159.500      -65961.0833
     160.000      -65968.3142
     160.500      -66011.3670
     161.000      -66114.6221
     161.500      -66288.9850
     162.000      -66332.3880
     162.500      -66261.7256
     163.000      -66180.1855
     163.500      -66264.2416
     164.000      -65758.3050
     164.500      -66312.5775
     165.000      -66260.5651
     165.500      -66237.3480
     166.000      -66382.5521
     166.500      -66148.7791
     167.000      -66390.0393
     167.500      -66252.8175
     168.000      -66098.2177
     168.500      -66008.1641
     169.000      -66030.4326
     169.500      -66294.2998
     170.000      -66135.4568
     170.500      -66386.3167
     171.000      -66285.0474
     171.500      -66199.5205
     172.000      -66279.6863
     172.500      -66235.6047
     173.000      -66303.6621
     173.500      -65941.9918
     174.000      -66024.8440
     174.500      -66392.5388
     175.000      -65936.0585
     175.500      -65949.8478
     176.000      -66186.6532
     176.500      -66197.2992
     177.000      -66173.1604
     177.500      -65962.0161
     178.000      -66063.9587
     178.500      -66074.6533
     179.000      -66255.2063
     179.500      -66325.7226
     180.000      -66339.2278
     180.500      -66033.0632
     181.000      -66204.5912
     181.500      -66116.4050
     182.000      -65987.2324
     182.500      -66063.5008
     183.000      -65992.9851
     183.500      -66086.6766
     184.000      -66208.4669
     184.500      -66222.0147
     185.000      -66312.8646
     185.500      -65844.8183
     186.000      -65915.8250
     186.500      -65897.4408
     187.000      -65873.5751
     187.500      -65870.6308
     188.000      -66267.4819
     188.500      -65898.0088
     189.000      -66218.5561
     189.500      -66060.5324
     190.000      -66177.7559
     190.500      -65978.9168
     191.000      -66183.2741
     191.500      -66065.5059
     192.000      -66102.7513
     192.500      -65933.8462
     193.000      -66134.7778
     193.500      -66263.5868
     194.000      -66066.5524
     194.500      -66180.2814
     195.000      -66365.6858
     195.500      -66239.6341
     196.000      -66094.5333
     196.500      -66240.7055
     197.000      -66053.3885
     197.500      -66163.6648
     198.000      -66367.4869
     198.500      -66297.1354
     199.000      -66352.3742
     199.500      -66258.0000
     200.000      -66071.8214
     200.500      -66228.3339
     201.000      -66337.7836
     201.500      -66044.4994
     202.000      -66342.6395
     202.500      -66053.7308
     203.000      -66280.8890
     203.500      -66095.1807
     204.000      -66082.5263
     204.500      -66060.4566
     205.000      -66273.5733
     205.500      -66232.1238
     206.000      -66186.9060
     206.500      -66162.7839
     207.000      -66018.0997
     207.500      -66278.4821
     208.000      -66272.6377
     208.500      -66416.4391
     209.000      -66549.3777
     209.500      -66284.7923
     210.000      -66239.5023
     210.500      -66214.5393
     211.000      -66016.3022
     211.500      -66132.5617
     212.000      -66026.3190
     212.500      -66317.6588
     213.000      -66321.0016
     213.500      -66191.1647
     214.000      -66301.5771
     214.500      -66298.9484
     215.000      -66718.2935
     215.500      -66421.7446
     216.000      -66608.3204
     216.500      -66643.6395
     217.000      -66440.2588
     217.500      -66503.5219
     218.000      -66438.4062
     218.500      -66402.9641
     219.000      -66135.4876
     219.500      -66662.6402
     220.000      -66523.6875
     220.500      -66539.0149
     221.000      -66194.5678
     221.500      -66512.3301
     222.000      -66663.4543
     222.500      -66469.0189
     223.000      -66594.4501
     223.500      -66428.2030
     224.000      -66454.7324
     224.500      -66465.3192
     225.000      -66363.5436
     225.500      -66415.7643
     226.000      -66732.9442
     226.500      -66229.9168
     227.000      -66577.3109
     227.500      -66316.3659
     228.000      -66786.5593
     228.500      -66490.5766
     229.000      -66344.5289
     229.500      -66257.2118
     230.000      -66435.7468
     230.500      -66308.7357
     231.000      -66257.9808
     231.500      -66067.2119
     232.000      -66444.5498
     232.500      -66053.6639
     233.000      -66060.0649
     233.500      -66391.7794
     234.000      -66222.9171
     234.500      -66295.7085
     235.000      -66209.1297
     235.500      -66320.9660
     236.000      -66450.0097
     236.500      -66276.5157
     237.000      -66487.2087
     237.500      -66295.6899
     238.000      -66178.9403
     238.500      -66381.9873
     239.000      -66165.2038
     239.500      -66280.6840
     240.000      -66292.9392
     240.500      -66251.7038
     241.000      -66507.2715
     241.500      -66507.8268
     242.000      -66632.2568
     242.500      -66492.4781
     243.000      -66644.9162
     243.500      -66509.5371
     244.000      -66809.4985
     244.500      -66437.5965
     245.000      -66454.6582
     245.500      -66576.1071
     246.000      -66719.0850
     246.500      -66519.5895
     247.000      -66574.7040
     247.500      -66456.6382
     248.000      -66438.3637
     248.500      -66596.1617
     249.000      -66418.7530
     249.500      -66570.6736
     250.000      -66544.7096
     250.500      -66439.2173
     251.000      -66690.7861
     251.500      -66596.4666
     252.000      -66588.8806
     252.500      -66382.1162
     253.000      -66574.7830
     253.500      -66409.1864
     254.000      -66427.3188
     254.500      -66582.4298
     255.000      -66470.3282
     255.500      -66383.8988
     256.000      -66593.8645
     256.500      -66447.5436
     257.000      -66622.3440
     257.500      -66733.5631
     258.000      -66539.3661
     258.500      -66672.9525
     259.000      -66055.6512
     259.500      -66418.3084
     260.000      -66487.7641
     260.500      -66351.8828
     261.000      -66490.3645
     261.500      -66549.7410
     262.000      -66695.0186
     262.500      -66784.9052
     263.000      -66537.9794
     263.500      -66572.9420
     264.000      -66663.0961
     264.500      -66833.2936
     265.000      -66826.4037
     265.500      -66508.5305
     266.000      -66612.7226
     266.500      -66398.5816
     267.000      -66358.6890
     267.500      -66590.7429
     268.000      -66684.3726
     268.500      -66764.4838
     269.000      -66476.4904
     269.500      -66698.0928
     270.000      -66700.2479
     270.500      -66646.0235
     271.000      -66591.7086
     271.500      -66453.8339
     272.000      -66467.2444
     272.500      -66688.0291
     273.000      -66940.3752
     273.500      -66673.0311
     274.000      -66818.3410
     274.500      -66828.4799
     275.000      -66785.8856
     275.500      -67000.7877
     276.000      -66654.1611
     276.500      -66721.2260
     277.000      -66558.8274
     277.500      -66712.0085
     278.000      -66852.8479
     278.500      -66510.1402
     279.000      -66805.0659
     279.500      -66692.5575
     280.000      -66674.3459
     280.500      -66694.4643
     281.000      -66686.2111
     281.500      -66444.7294
     282.000      -66953.8217
     282.500      -66857.7328
     283.000      -66622.4888
     283.500      -66474.3691
     284.000      -66507.0319
     284.500      -66699.3650
     285.000      -66673.0367
     285.500      -66735.7174
     286.000      -66542.0356
     286.500      -66837.5377
     287.000      -66661.5177
     287.500      -66861.6905
     288.000      -66831.5157
     288.500      -66668.3838
     289.000      -66620.7074
     289.500      -66780.1300
     290.000      -66558.8158
     290.500      -66906.2348
     291.000      -66277.5170
     291.500      -66609.3630
     292.000      -66518.9593
     292.500      -66678.1599
     293.000      -66739.3426
     293.500      -66605.7193
     294.000      -66782.4105
     294.500      -66662.8781
     295.000      -66606.0838
     295.500      -66810.5541
     296.000      -66606.9323
     296.500      -66698.9193
     297.000      -67088.9047
     297.500      -66745.7510
     298.000      -66795.3172
     298.500      -66727.9451
     299.000      -66794.1539
     299.500      -66959.1701
     300.000      -66389.1266
     300.500      -66842.6216
     301.000      -66826.4670
     301.500      -66757.5555
     302.000      -66819.6142
     302.500      -66794.5849
     303.000      -66617.8579
     303.500      -66696.9097
     304.000      -66775.0374
     304.500      -66560.4056
     305.000      -66899.4917
     305.500      -66668.3916
     306.000      -66973.3516
     306.500      -66949.8836
     307.000      -66846.0499
     307.500      -67045.0385
     308.000      -66854.4540
     308.500      -66880.7113
     309.000      -66703.6686
     309.500      -66845.3990
     310.000      -67048.8926
     310.500      -67156.0089
     311.000      -66989.3106
     311.500      -67038.7561
     312.000      -66863.3844
     312.500      -66634.9612
     313.000      -66746.4864
     313.500      -66650.8242
     314.000      -66864.7382
     314.500      -66779.4883
     315.000      -66691.8226
     315.500      -66951.0591
     316.000      -66781.8917
     316.500      -66831.5487
     317.000      -66808.9799
     317.500      -66913.3590
     318.000      -66673.8464
     318.500      -66767.0425
     319.000      -66912.9916
     319.500      -66574.0986
     320.000      -67012.2790
     320.500      -66952.4238
     321.000      -66930.9452
     321.500      -66887.9370
     322.000      -66844.2205
     322.500      -66774.7825
     323.000      -66783.0079
     323.500      -67140.1251
     324.000      -67066.4122
     324.500      -66917.0329
     325.000      -66735.8378
     325.500      -66879.6445
     326.000      -66630.8726
     326.500      -66788.1509
     327.000      -66764.8641
     327.500      -66780.0220
     328.000      -66798.2055
     328.500      -66853.7198
     329.000      -66797.2098
     329.500      -66875.1949
     330.000      -66932.6296
     330.500      -66793.9544
     331.000      -66612.3874
     331.500      -66891.2262
     332.000      -66739.6040
     332.500      -66838.5083
     333.000      -66942.4682
     333.500      -66779.1130
     334.000      -66717.5427
     334.500      -66895.3621
     335.000      -66802.6361
     335.500      -66983.3643
     336.000      -66527.9542
     336.500      -66398.6148
     337.000      -66681.8927
     337.500      -66627.6598
     338.000      -66704.7806
     338.500      -66977.4565
     339.000      -66677.2521
     339.500      -66791.6241
     340.000      -66886.0120
     340.500      -66832.7136
     341.000      -66793.4893
     341.500      -66881.9785
     342.000      -66853.5111
     342.500      -66726.6209
     343.000      -67131.3306
     343.500      -66653.3785
     344.000      -66912.8916
     344.500      -66841.9602
     345.000      -66831.4746
     345.500      -67144.1497
     346.000      -66964.1032
     346.500      -67049.5227
     347.000      -66958.3118
     347.500      -66867.7739
     348.000      -67154.4531
     348.500      -66823.1338
     349.000      -66720.8358
     349.500      -66479.9422
     350.000      -66726.6927
     350.500      -66808.7073
     351.000      -66930.3450
     351.500      -66772.2428
     352.000      -66909.0819
     352.500      -66941.1017
     353.000      -66828.3161
     353.500      -67166.7765
     354.000      -67075.3469
     354.500      -66997.8256
     355.000      -67109.6047
     355.500      -67171.5004
     356.000      -67115.2873
     356.500      -66750.6419
     357.000      -67151.1883
     357.500      -67019.8378
     358.000      -67199.5910
     358.500      -67060.0323
     359.000      -66987.3165
     359.500      -66912.0919
     360.000      -67015.5740
     360.500      -66972.3800
     361.000      -66892.5774
     361.500      -66604.8601
     362.000      -67023.7019
     362.500      -66700.0688
     363.000      -66922.1040
     363.500      -66979.9694
     364.000      -67093.2236
     364.500      -66922.2428
     365.000      -67020.9911
     365.500      -66959.4381
     366.000      -66936.6216
     366.500      -66913.6770
     367.000      -66742.1633
     367.500      -67153.6136
     368.000      -66897.7401
     368.500      -66866.4701
     369.000      -67065.9538
     369.500      -66970.5635
     370.000      -66991.1349
     370.500      -66919.8273
     371.000      -67107.8066
     371.500      -66851.5723
     372.000      -66924.6882
     372.500      -66577.7496
     373.000      -67107.0391
     373.500      -66725.6167
     374.000      -66874.2150
     374.500      -67013.4453
     375.000      -66868.2508
     375.500      -66846.3841
     376.000      -66795.2811
     376.500      -67071.7298
     377.000      -67034.6305
     377.500      -66864.9558
     378.000      -66990.8964
     378.500      -67046.6087
     379.000      -66975.9429
     379.500      -66774.2001
     380.000      -66907.5963
     380.500      -66950.8185
     381.000      -66958.6251
     381.500      -67049.8199
     382.000      -66842.6723
     382.500      -67021.6677
     383.000      -66972.0702
     383.500      -66984.4717
     384.000      -66961.5426
     384.500      -67263.7680
     385.000      -66910.4972
     385.500      -66909.5962
     386.000      -67072.4809
     386.500      -67180.3218
     387.000      -66931.7071
     387.500      -67004.1021
     388.000      -66749.6667
     388.500      -66792.5608
     389.000      -66986.5572
     389.500      -67069.1122
     390.000      -66929.6334
     390.500      -67126.0658
     391.000      -66918.7410
     391.500      -66942.6529
     392.000      -67019.3117
     392.500      -67035.4873
     393.000      -66910.5634
     393.500      -66750.6658
     394.000      -66770.9896
     394.500      -67001.7115
     395.000      -66992.7489
     395.500      -67127.3036
     396.000      -67099.2585
     396.500      -67013.1002
     397.000      -66904.0264
     397.500      -66940.3790
     398.000      -66817.4474
     398.500      -67289.2978
     399.000      -66901.0713
     399.500      -67138.0824
     400.000      -67186.9799
