       0.000       0.00
       0.500       3.59
       1.000       5.03
       1.500       7.44
       2.000       9.74
       2.500      12.21
       3.000      14.72
       3.500      17.01
       4.000      19.65
       4.500      22.16
       5.000      24.59
       5.500      27.28
       6.000      29.49
       6.500      31.77
       7.000      34.67
       7.500      37.01
       8.000      39.57
       8.500      42.09
       9.000      44.52
       9.500      47.01
      10.000      49.41
      10.500      51.79
      11.000      54.79
      11.500      57.65
      12.000      59.26
      12.500      61.97
      13.000      64.78
      13.500      67.74
      14.000      69.48
      14.500      72.01
      15.000      74.70
      15.500      77.17
      16.000      79.60
      16.500      83.34
      17.000      84.84
      17.500      85.78
      18.000      89.70
      18.500      91.47
      19.000      94.56
      19.500      97.11
      20.000      98.77
      20.500     102.91
      21.000     103.35
      21.500     103.51
      22.000     104.89
      22.500     106.23
      23.000     107.17
      23.500     108.37
      24.000     109.65
      24.500     110.62
      25.000     110.53
      25.500     112.19
      26.000     114.58
      26.500     116.70
      27.000     117.18
      27.500     117.95
      28.000     121.37
      28.500     123.49
      29.000     122.76
      29.500     123.67
      30.000     124.78
      30.500     125.45
      31.000     128.95
      31.500     128.82
      32.000     130.01
      32.500     129.92
      33.000     132.48
      33.500     133.95
      34.000     135.02
      34.500     138.18
      35.000     136.53
      35.500     140.82
      36.000     140.62
      36.500     139.42
      37.000     143.36
      37.500     143.72
      38.000     145.36
      38.500     146.29
      39.000     147.28
      39.500     148.37
      40.000     150.88
      40.500     148.99
      41.000     154.59
      41.500     151.49
      42.000     154.10
      42.500     157.23
      43.000     156.54
      43.500     157.15
      44.000     161.84
      44.500     161.35
      45.000     162.92
      45.500     163.60
      46.000     165.62
      46.500     164.66
      47.000     168.26
      47.500     169.82
      48.000     172.21
      48.500     171.28
      49.000     171.82
      49.500     173.02
      50.000     175.68
      50.500     174.27
      51.000     178.74
      51.500     179.88
      52.000     178.75
      52.500     181.69
      53.000     180.94
      53.500     182.36
      54.000     184.75
      54.500     183.33
      55.000     188.24
      55.500     189.49
      56.000     192.42
      56.500     189.89
      57.000     192.20
      57.500     193.23
      58.000     194.61
      58.500     196.45
      59.000     197.10
      59.500     197.16
      60.000     197.97
      60.500     201.97
      61.000     201.06
      61.500     202.97
      62.000     201.13
      62.500     201.46
      63.000     205.05
      63.500     202.93
      64.000     205.43
      64.500     206.73
      65.000     205.85
      65.500     208.53
      66.000     207.77
      66.500     206.77
      67.000     208.54
      67.500     209.29
      68.000     211.18
      68.500     208.86
      69.000     212.88
      69.500     210.92
      70.000     214.48
      70.500     214.83
      71.000     215.55
      71.500     216.24
      72.000     213.38
      72.500     216.54
      73.000     215.59
      73.500     216.61
      74.000     218.34
      74.500     217.56
      75.000     218.59
      75.500     221.49
      76.000     221.30
      76.500     219.62
      77.000     220.74
      77.500     221.53
      78.000     222.81
      78.500     225.69
      79.000     223.32
      79.500     225.00
      80.000     225.03
      80.500     225.30
      81.000     227.77
      81.500     224.55
      82.000     227.49
      82.500     227.67
      83.000     226.14
      83.500     231.11
      84.000     228.54
      84.500     231.56
      85.000     230.27
      85.500     229.44
      86.000     232.06
      86.500     234.85
      87.000     236.95
      87.500     232.43
      88.000     236.51
      88.500     239.43
      89.000     237.96
      89.500     235.81
      90.000     237.30
      90.500     237.66
      91.000     239.00
      91.500     240.81
      92.000     242.85
      92.500     238.05
      93.000     241.78
      93.500     240.59
      94.000     242.69
      94.500     243.44
      95.000     244.58
      95.500     241.65
      96.000     244.82
      96.500     244.71
      97.000     246.79
      97.500     245.19
      98.000     246.58
      98.500     249.66
      99.000     245.85
      99.500     250.32
     100.000     248.51
     100.500     254.74
     101.000     251.75
     101.500     253.67
     102.000     253.41
     102.500     253.86
     103.000     255.51
     103.500     252.68
     104.000     254.52
     104.500     256.22
     105.000     256.47
     105.500     258.43
     106.000     258.97
     106.500     255.54
     107.000     256.35
     107.500     259.41
     108.000     259.07
     108.500     261.15
     109.000     260.10
     109.500     256.42
     110.000     258.39
     110.500     263.77
     111.000     265.92
     111.500     263.94
     112.000     267.54
     112.500     266.00
     113.000     263.93
     113.500     265.88
     114.000     268.33
     114.500     268.08
     115.000     267.34
     115.500     267.36
     116.000     270.20
     116.500     271.15
     117.000     270.83
     117.500     270.78
     118.000     272.76
     118.500     274.43
     119.000     275.42
     119.500     270.03
     120.000     276.39
     120.500     272.84
     121.000     276.90
     121.500     279.60
     122.000     278.27
     122.500     276.24
     123.000     276.17
     123.500     279.48
     124.000     278.18
     124.500     280.88
     125.000     277.75
     125.500     280.00
     126.000     281.44
     126.500     286.81
     127.000     283.83
     127.500     287.78
     128.000     286.49
     128.500     284.35
     129.000     282.91
     129.500     287.85
     130.000     286.81
     130.500     288.93
     131.000     287.09
     131.500     289.68
     132.000     292.81
     132.500     290.89
     133.000     290.51
     133.500     292.66
     134.000     291.66
     134.500     293.80
     135.000     294.05
     135.500     293.20
     136.000     295.63
     136.500     296.27
     137.000     294.99
     137.500     295.96
     138.000     296.78
     138.500     298.51
     139.000     296.60
     139.500     297.66
     140.000     301.77
     140.500     299.31
     141.000     301.29
     141.500     299.58
     142.000     303.70
     142.500     298.77
     143.000     297.90
     143.500     301.03
     144.000     297.70
     144.500     297.55
     145.000     296.58
     145.500     299.25
     146.000     300.65
     146.500     300.00
     147.000     299.39
     147.500     296.30
     148.000     299.75
     148.500     299.21
     149.000     299.27
     149.500     300.22
     150.000     300.58
     150.500     300.01
     151.000     297.43
     151.500     302.30
     152.000     301.75
     152.500     298.62
     153.000     299.83
     153.500     301.31
     154.000     300.80
     154.500     303.62
     155.000     301.59
     155.500     299.14
     156.000     299.11
     156.500     302.36
     157.000     298.03
     157.500     295.68
     158.000     303.15
     158.500     299.36
     159.000     300.60
     159.500     300.92
     160.000     302.73
     160.500     300.20
     161.000     300.05
     161.500     301.22
     162.000     300.11
     162.500     300.17
     163.000     297.97
     163.500     301.15
     164.000     304.94
     164.500     298.17
     165.000     300.57
     165.500     296.15
     166.000     296.19
     166.500     298.96
     167.000     297.19
     167.500     297.20
     168.000     297.96
     168.500     298.52
     169.000     299.12
     169.500     298.56
     170.000     301.40
     170.500     300.28
     171.000     301.06
     171.500     302.46
     172.000     301.16
     172.500     295.82
     173.000     297.04
     173.500     302.18
     174.000     300.20
     174.500     295.34
     175.000     301.71
     175.500     299.99
     176.000     301.79
     176.500     299.40
     177.000     299.49
     177.500     302.62
     178.000     300.01
     178.500     299.82
     179.000     297.90
     179.500     297.35
     180.000     294.45
     180.500     299.46
     181.000     298.25
     181.500     299.24
     182.000     299.09
     182.500     301.48
     183.000     300.91
     183.500     299.89
     184.000     300.32
     184.500     299.10
     185.000     298.87
     185.500     303.68
     186.000     300.76
     186.500     303.40
     187.000     302.67
     187.500     304.63
     188.000     295.87
     188.500     304.21
     189.000     296.66
     189.500     299.30
     190.000     299.90
     190.500     301.94
     191.000     298.70
     191.500     303.47
     192.000     299.24
     192.500     300.33
     193.000     300.98
     193.500     298.36
     194.000     301.69
     194.500     300.24
     195.000     298.55
     195.500     302.05
     196.000     302.50
     196.500     297.14
     197.000     299.35
     197.500     301.39
     198.000     300.87
     198.500     295.96
     199.000     299.02
     199.500     298.99
     200.000     302.58
     200.500     296.92
     201.000     297.65
     201.500     301.23
     202.000     296.07
     202.500     298.56
     203.000     300.00
     203.500     301.13
     204.000     303.00
     204.500     298.03
     205.000     298.23
     205.500     294.72
     206.000     302.95
     206.500     299.18
     207.000     300.83
     207.500     298.45
     208.000     297.50
     208.500     300.89
     209.000     298.29
     209.500     301.05
     210.000     299.61
     210.500     300.05
     211.000     301.28
     211.500     300.97
     212.000     301.68
     212.500     300.80
     213.000     301.13
     213.500     304.93
     214.000     299.63
     214.500     301.18
     215.000     293.79
     215.500     300.57
     216.000     299.87
     216.500     296.23
     217.000     299.85
     217.500     298.97
     218.000     301.95
     218.500     298.86
     219.000     304.65
     219.500     297.57
     220.000     299.37
     220.500     299.86
     221.000     303.78
     221.500     302.36
     222.000     296.18
     222.500     301.02
     223.000     297.82
     223.500     300.44
     224.000     301.12
     224.500     299.59
     225.000     298.18
     225.500     302.27
     226.000     298.65
     226.500     301.03
     227.000     301.18
     227.500     300.87
     228.000     299.71
     228.500     299.21
     229.000     300.00
     229.500     299.34
     230.000     297.02
     230.500     301.84
     231.000     301.67
     231.500     302.90
     232.000     300.86
     232.500     303.59
     233.000     301.14
     233.500     298.21
     234.000     300.12
     234.500     296.55
     235.000     302.16
     235.500     300.34
     236.000     297.79
     236.500     301.07
     237.000     297.37
     237.500     298.44
     238.000     303.52
     238.500     300.69
     239.000     303.33
     239.500     297.92
     240.000     302.73
     240.500     304.33
     241.000     301.12
     241.500     302.24
     242.000     301.10
     242.500     300.71
     243.000     299.20
     243.500     301.23
     244.000     296.69
     244.500     303.10
     245.000     301.73
     245.500     299.57
     246.000     295.39
     246.500     301.49
     247.000     301.29
     247.500     301.56
     248.000     300.14
     248.500     298.95
     249.000     301.24
     249.500     300.95
     250.000     300.19
     250.500     298.69
     251.000     297.27
     251.500     298.47
     252.000     301.11
     252.500     302.74
     253.000     300.25
     253.500     295.10
     254.000     298.32
     254.500     296.23
     255.000     298.95
     255.500     301.46
     256.000     299.77
     256.500     299.52
     257.000     298.72
     257.500     299.77
     258.000     298.92
     258.500     298.34
     259.000     305.22
     259.500     300.70
     260.000     297.26
     260.500     303.12
     261.000     302.47
     261.500     299.40
     262.000     295.87
     262.500     300.28
     263.000     300.34
     263.500     297.85
     264.000     299.85
     264.500     296.37
     265.000     294.29
     265.500     301.10
     266.000     300.69
     266.500     301.21
     267.000     303.40
     267.500     296.50
     268.000     299.50
     268.500     298.67
     269.000     302.55
     269.500     300.06
     270.000     299.94
     270.500     300.67
     271.000     300.27
     271.500     303.31
     272.000     300.98
     272.500     298.31
     273.000     299.64
     273.500     299.63
     274.000     298.96
     274.500     300.99
     275.000     298.09
     275.500     298.34
     276.000     301.09
     276.500     298.19
     277.000     302.62
     277.500     299.68
     278.000     296.51
     278.500     303.66
     279.000     300.02
     279.500     303.70
     280.000     298.92
     280.500     296.73
     281.000     301.62
     281.500     302.40
     282.000     298.84
     282.500     300.28
     283.000     302.04
     283.500     302.67
     284.000     301.32
     284.500     296.20
     285.000     301.71
     285.500     298.74
     286.000     303.00
     286.500     300.02
     287.000     299.44
     287.500     298.68
     288.000     301.63
     288.500     301.28
     289.000     302.34
     289.500     297.97
     290.000     299.08
     290.500     297.99
     291.000     300.38
     291.500     300.35
     292.000     301.39
     292.500     301.05
     293.000     297.76
     293.500     299.62
     294.000     298.21
     294.500     299.80
     295.000     302.11
     295.500     296.74
     296.000     299.67
     296.500     299.71
     297.000     296.56
     297.500     301.71
     298.000     296.10
     298.500     298.75
     299.000     301.36
     299.500     295.82
     300.000     300.69
     300.500     301.09
     301.000     298.95
     301.500     302.56
     302.000     299.87
     302.500     296.13
     303.000     300.96
     303.500     298.56
     304.000     299.06
     304.500     301.83
     305.000     300.64
     305.500     303.56
     306.000     295.46
     306.500     298.57
     307.000     299.97
     307.500     298.56
     308.000     300.12
     308.500     295.06
     309.000     302.36
     309.500     298.68
     310.000     297.27
     310.500     296.95
     311.000     297.44
     311.500     298.32
     312.000     300.11
     312.500     298.68
     313.000     299.56
     313.500     299.24
     314.000     300.80
     314.500     300.75
     315.000     301.94
     315.500     299.20
     316.000     302.84
     316.500     300.41
     317.000     300.19
     317.500     298.43
     318.000     300.37
     318.500     299.91
     319.000     302.91
     319.500     302.77
     320.000     300.15
     320.500     294.64
     321.000     300.17
     321.500     297.40
     322.000     301.70
     322.500     298.86
     323.000     299.11
     323.500     297.78
     324.000     296.40
     324.500     297.86
     325.000     300.80
     325.500     300.00
     326.000     303.14
     326.500     300.07
     327.000     301.51
     327.500     297.49
     328.000     301.11
     328.500     301.59
     329.000     303.22
     329.500     300.32
     330.000     297.39
     330.500     298.31
     331.000     299.42
     331.500     298.81
     332.000     301.81
     332.500     298.07
     333.000     298.11
     333.500     297.11
     334.000     298.68
     334.500     298.31
     335.000     297.72
     335.500     297.77
     336.000     302.60
     336.500     300.79
     337.000     298.60
     337.500     299.90
     338.000     303.39
     338.500     298.81
     339.000     298.18
     339.500     298.98
     340.000     302.60
     340.500     302.62
     341.000     301.98
     341.500     299.58
     342.000     300.40
     342.500     300.82
     343.000     299.09
     343.500     304.68
     344.000     297.13
     344.500     298.26
     345.000     300.92
     345.500     298.00
     346.000     301.57
     346.500     299.29
     347.000     298.71
     347.500     301.22
     348.000     296.59
     348.500     301.39
     349.000     299.85
     349.500     304.41
     350.000     298.97
     350.500     300.67
     351.000     299.43
     351.500     304.16
     352.000     299.34
     352.500     301.31
     353.000     301.59
     353.500     297.58
     354.000     299.24
     354.500     299.40
     355.000     296.18
     355.500     299.48
     356.000     297.88
     356.500     301.84
     357.000     297.44
     357.500     302.04
     358.000     299.22
     358.500     301.08
     359.000     299.54
     359.500     300.35
     360.000     299.97
     360.500     300.07
     361.000     300.79
     361.500     301.32
     362.000     296.47
     362.500     301.65
     363.000     300.14
     363.500     299.22
     364.000     296.34
     364.500     302.69
     365.000     297.07
     365.500     300.48
     366.000     300.12
     366.500     297.81
     367.000     302.28
     367.500     295.97
     368.000     298.39
     368.500     300.60
     369.000     297.41
     369.500     300.73
     370.000     299.36
     370.500     300.32
     371.000     298.46
     371.500     299.93
     372.000     297.72
     372.500     303.43
     373.000     297.97
     373.500     302.53
     374.000     302.34
     374.500     295.77
     375.000     300.54
     375.500     301.14
     376.000     304.14
     376.500     297.57
     377.000     297.89
     377.500     298.55
     378.000     299.53
     378.500     299.67
     379.000     300.87
     379.500     301.66
     380.000     302.89
     380.500     300.02
     381.000     300.58
     381.500     298.95
     382.000     299.83
     382.500     299.96
     383.000     302.01
     383.500     300.76
     384.000     300.56
     384.500     297.86
     385.000     303.08
     385.500     302.09
     386.000     299.71
     386.500     298.26
     387.000     298.34
     387.500     301.15
     388.000     302.50
     388.500     300.01
     389.000     296.65
     389.500     295.64
     390.000     302.02
     390.500     299.60
     391.000     299.27
     391.500     298.54
     392.000     296.30
     392.500     296.85
     393.000     297.90
     393.500     304.52
     394.000     301.40
     394.500     299.99
     395.000     300.21
     395.500     298.00
     396.000     300.37
     396.500     299.25
     397.000     301.04
     397.500     299.62
     398.000     301.23
     398.500     296.93
     399.000     302.61
     399.500     298.74
     400.000     299.93
