       0.000           0.0000
       0.500         191.3276
       1.000         294.4845
       1.500         410.4697
       2.000         546.9579
       2.500         688.3292
       3.000         822.0198
       3.500         967.8647
       4.000        1089.4886
       4.500        1227.5422
       5.000        1384.8760
       5.500        1514.3159
       6.000        1668.3722
       6.500        1792.9269
       7.000        1906.1414
       7.500        2080.0627
       8.000        2192.4590
       8.500        2361.4888
       9.000        2476.6973
       9.500        2636.3757
      10.000        2790.6467
      10.500        2892.4395
      11.000        3018.2305
      11.500        3183.3203
      12.000        3348.4473
      12.500        3437.0654
      13.000        3613.8818
      13.500        3738.6230
      14.000        3901.9778
      14.500        4034.8276
      15.000        4207.1890
      15.500        4272.2646
      16.000        4448.2617
      16.500        4557.8467
      17.000        4721.2861
      17.500        4851.2661
      18.000        4998.6323
      18.500        5194.4536
      19.000        5246.7891
      19.500        5316.5483
      20.000        5554.5991
      20.500        5635.6230
      21.000        5776.6909
      21.500        5753.7969
      22.000        5873.5586
      22.500        5940.8564
      23.000        5932.3413
      23.500        6029.8291
      24.000        6113.9502
      24.500        6241.2588
      25.000        6312.8364
      25.500        6329.1279
      26.000        6408.4512
      26.500        6508.2632
      27.000        6601.1060
      27.500        6643.2310
      28.000        6727.9819
      28.500        6796.3628
      29.000        6867.7578
      29.500        6884.7524
      30.000        7074.2402
      30.500        7111.0688
      31.000        7138.9590
      31.500        7186.1089
      32.000        7251.5186
      32.500        7292.8589
      33.000        7347.9609
      33.500        7489.7905
      34.000        7569.8257
      34.500        7580.0610
      35.000        7705.2212
      35.500        7808.1938
      36.000        7750.5361
      36.500        7892.2505
      37.000        8031.3652
      37.500        7987.8110
      38.000        8091.0005
      38.500        8115.0933
      39.000        8169.5117
      39.500        8304.6426
      40.000        8416.3467
      40.500        8406.0859
      41.000        8472.4043
      41.500        8545.5967
      42.000        8665.7705
      42.500        8802.9668
      43.000        8815.8076
      43.500        8894.4102
      44.000        8892.9990
      44.500        9000.9473
      45.000        9017.9746
      45.500        9147.1719
      46.000        9198.7070
      46.500        9223.2686
      47.000        9320.2295
      47.500        9460.6846
      48.000        9454.8320
      48.500        9718.0146
      49.000        9623.2314
      49.500        9797.3975
      50.000        9751.9561
      50.500        9754.9170
      51.000        9905.9648
      51.500       10044.9668
      52.000       10085.3086
      52.500       10162.6729
      53.000       10229.0566
      53.500       10300.7705
      54.000       10509.0576
      54.500       10458.1777
      55.000       10481.4473
      55.500       10548.5156
      56.000       10736.9531
      56.500       10676.1553
      57.000       10734.1377
      57.500       10726.5752
      58.000       10932.5371
      58.500       10976.8184
      59.000       10952.3760
      59.500       11124.4365
      60.000       11139.5400
      60.500       11249.2236
      61.000       11238.9102
      61.500       11325.1865
      62.000       11298.7295
      62.500       11336.1348
      63.000       11454.6973
      63.500       11407.6055
      64.000       11528.4062
      64.500       11394.4404
      65.000       11529.3916
      65.500       11650.2334
      66.000       11543.6680
      66.500       11699.7441
      67.000       11600.8916
      67.500       11632.9199
      68.000       11702.2227
      68.500       11667.2969
      69.000       11880.2881
      69.500       11827.2480
      70.000       11857.9326
      70.500       11863.0039
      71.000       11994.7695
      71.500       12037.7490
      72.000       12028.4209
      72.500       12029.0762
      73.000       12028.0264
      73.500       12106.2344
      74.000       12056.3477
      74.500       12193.6270
      75.000       12094.8066
      75.500       12294.3643
      76.000       12374.4072
      76.500       12419.3369
      77.000       12555.7090
      77.500       12423.0820
      78.000       12463.8975
      78.500       12510.9551
      79.000       12446.2598
      79.500       12515.6523
      80.000       12678.9453
      80.500       12733.5547
      81.000       12735.5400
      81.500       12537.4971
      82.000       12659.8750
      82.500       12671.4287
      83.000       12829.9971
      83.500       12791.0156
      84.000       12880.7764
      84.500       12998.4639
      85.000       12927.0977
      85.500       12976.5879
      86.000       12976.0342
      86.500       13088.2031
      87.000       13221.4424
      87.500       13137.4346
      88.000       13017.5938
      88.500       13070.7744
      89.000       13345.1855
      89.500       13230.8555
      90.000       13164.8418
      90.500       13332.2402
      91.000       13290.0596
      91.500       13404.6914
      92.000       13335.8604
      92.500       13315.9648
      93.000       13327.7861
      93.500       13506.2852
      94.000       13675.3906
      94.500       13640.8145
      95.000       13455.3164
      95.500       13497.8057
      96.000       13607.0908
      96.500       13775.6748
      97.000       13836.2363
      97.500       13837.3652
      98.000       13750.3535
      98.500       13903.7539
      99.000       13882.9502
      99.500       13848.9131
     100.000       13846.3164
     100.500       13952.0928
     101.000       13906.9346
     101.500       14130.6914
     102.000       14067.1709
     102.500       14063.1641
     103.000       14203.7500
     103.500       14414.7490
     104.000       14181.7959
     104.500       14238.6846
     105.000       14253.7422
     105.500       14401.0400
     106.000       14399.8945
     106.500       14508.7363
     107.000       14560.7178
     107.500       14354.3574
     108.000       14632.9199
     108.500       14523.2832
     109.000       14451.4600
     109.500       14596.3516
     110.000       14724.5674
     110.500       14746.6328
     111.000       14799.5352
     111.500       14859.9258
     112.000       14853.8145
     112.500       14848.3975
     113.000       14764.7393
     113.500       14934.2207
     114.000       14876.3838
     114.500       14912.7344
     115.000       15066.5391
     115.500       14957.9678
     116.000       15211.2666
     116.500       15129.1270
     117.000       15101.6670
     117.500       15032.3516
     118.000       15208.4521
     118.500       15278.9492
     119.000       15264.5449
     119.500       15233.0586
     120.000       15370.2334
     120.500       15374.9551
     121.000       15473.5781
     121.500       15533.8682
     122.000       15408.3604
     122.500       15581.6455
     123.000       15609.9775
     123.500       15667.1523
     124.000       15677.4102
     124.500       15660.3164
     125.000       15511.3906
     125.500       15521.1826
     126.000       15901.4775
     126.500       15984.8867
     127.000       15960.3643
     127.500       15925.3809
     128.000       15795.7793
     128.500       16070.0439
     129.000       15984.9531
     129.500       15854.6738
     130.000       16093.5918
     130.500       15932.6982
     131.000       16126.0967
     131.500       16198.1064
     132.000       16199.5908
     132.500       16311.8369
     133.000       16197.0449
     133.500       16443.4395
     134.000       16373.5527
     134.500       16377.4219
     135.000       16402.9434
     135.500       16400.1426
     136.000       16396.9727
     136.500       16556.5742
     137.000       16536.2988
     137.500       16668.3262
     138.000       16694.0039
     138.500       16504.6562
     139.000       16606.4219
     139.500       16810.8867
     140.000       16660.9219
     140.500       16792.3750
     141.000       16674.5410
     141.500       16720.0840
     142.000       16944.2480
     142.500       16881.3262
     143.000       16825.7441
     143.500       16633.8164
     144.000       16850.1914
     144.500       16704.7129
     145.000       16766.4395
     145.500       16839.5176
     146.000       16699.6641
     146.500       16685.6992
     147.000       16783.8848
     147.500       17068.8457
     148.000       16651.9121
     148.500       16779.0879
     149.000       16804.7344
     149.500       16861.0723
     150.000       16877.1973
     150.500       16623.7246
     151.000       16794.9199
     151.500       16825.8066
     152.000       16751.7070
     152.500       16872.2637
     153.000       16750.8066
     153.500       16632.5215
     154.000       16843.4531
     154.500       16726.2676
     155.000       16756.9492
     155.500       16921.4668
     156.000       16800.8945
     156.500       16859.0156
     157.000       16717.5430
     157.500       16721.8398
     158.000       16849.1895
     158.500       16677.0098
     159.000       16653.6230
     159.500       16800.3320
     160.000       16520.9375
     160.500       17005.2676
     161.000       16913.6328
     161.500       16921.8750
     162.000       16832.7969
     162.500       16813.5449
     163.000       16969.0879
     163.500       16818.9902
     164.000       16688.8867
     164.500       16918.0781
     165.000       16673.9395
     165.500       16798.5156
     166.000       16904.8867
     166.500       16688.5059
     167.000       16722.8535
     167.500       16817.3203
     168.000       16847.8340
     168.500       16866.2461
     169.000       16829.5254
     169.500       16882.1680
     170.000       16781.1094
     170.500       16763.2480
     171.000       16859.4688
     171.500       16730.6504
     172.000       16911.9082
     172.500       16597.6895
     173.000       16743.6504
     173.500       16880.1738
     174.000       16714.7461
     174.500       16687.9434
     175.000       16554.2734
     175.500       16506.3633
     176.000       16698.0586
     176.500       16893.5020
     177.000       16758.4746
     177.500       16799.4473
     178.000       16782.3398
     178.500       16765.6602
     179.000       16839.1738
     179.500       17074.3613
     180.000       16972.4629
     180.500       16808.1309
     181.000       16817.1230
     181.500       16759.2324
     182.000       16814.3555
     182.500       16779.5078
     183.000       16666.8398
     183.500       16989.9355
     184.000       16637.8027
     184.500       16950.9766
     185.000       16527.7480
     185.500       16788.3906
     186.000       16848.6426
     186.500       16729.6250
     187.000       16886.0449
     187.500       16743.3984
     188.000       16687.3926
     188.500       16906.1484
     189.000       16999.4668
     189.500       16726.5449
     190.000       16870.8086
     190.500       16841.3926
     191.000       16792.7441
     191.500       16890.2715
     192.000       16677.9746
     192.500       16781.6953
     193.000       16629.6406
     193.500       16623.8594
     194.000       17012.0430
     194.500       16797.3438
     195.000       16755.0449
     195.500       16704.2188
     196.000       16735.0176
     196.500       16983.9219
     197.000       16889.6367
     197.500       16533.0312
     198.000       16673.8242
     198.500       16661.6602
     199.000       16801.3965
     199.500       16958.2070
     200.000       16875.6992
     200.500       16937.5137
     201.000       16930.0176
     201.500       16797.0820
     202.000       16773.3184
     202.500       16590.6602
     203.000       16789.5410
     203.500       16782.8633
     204.000       16610.1680
     204.500       17040.1582
     205.000       16719.3066
     205.500       16699.7246
     206.000       16867.3516
     206.500       16606.7598
     207.000       16824.0547
     207.500       16842.9785
     208.000       16684.5645
     208.500       16795.9336
     209.000       16790.0352
     209.500       16916.7148
     210.000       16991.1719
     210.500       16851.2598
     211.000       16666.8125
     211.500       16908.0898
     212.000       16954.6602
     212.500       16687.0371
     213.000       16667.6797
     213.500       16676.9590
     214.000       16875.5430
     214.500       16686.7852
     215.000       16872.5469
     215.500       16857.7207
     216.000       16749.0547
     216.500       16708.7559
     217.000       16749.9785
     217.500       16697.6758
     218.000       16972.4473
     218.500       16815.0391
     219.000       16967.6523
     219.500       16541.6855
     220.000       16797.8691
     220.500       16522.0625
     221.000       16734.5898
     221.500       16715.5156
     222.000       16708.7988
     222.500       16644.3320
     223.000       16677.7148
     223.500       16709.2305
     224.000       16777.7871
     224.500       16615.6289
     225.000       16726.2285
     225.500       16732.7871
     226.000       16527.2402
     226.500       16836.4180
     227.000       16747.5352
     227.500       16789.9395
     228.000       16576.5410
     228.500       16816.1621
     229.000       16786.5117
     229.500       16844.0684
     230.000       16672.3047
     230.500       16875.4609
     231.000       16838.8359
     231.500       16873.5293
     232.000       16984.2109
     232.500       16719.5234
     233.000       16889.3516
     233.500       16845.8633
     234.000       16690.2969
     234.500       16724.8691
     235.000       16788.5039
     235.500       16918.4414
     236.000       16775.9863
     236.500       16723.9922
     237.000       16688.5254
     237.500       16931.5840
     238.000       16889.0039
     238.500       16646.4668
     239.000       16655.2656
     239.500       16790.3027
     240.000       16724.6016
     240.500       16747.3906
     241.000       16767.7578
     241.500       16653.2363
     242.000       16911.2930
     242.500       16766.2930
     243.000       16790.0215
     243.500       16818.5078
     244.000       16777.7344
     244.500       16779.8477
     245.000       16887.3691
     245.500       16776.1113
     246.000       16619.1582
     246.500       16703.9922
     247.000       16727.4609
     247.500       16820.9355
     248.000       16848.2637
     248.500       16912.9590
     249.000       16771.7598
     249.500       16813.0176
     250.000       16861.4121
     250.500       16778.6777
     251.000       16870.2539
     251.500       16624.6543
     252.000       16622.6699
     252.500       16838.9062
     253.000       16654.4551
     253.500       16691.3379
     254.000       16677.7617
     254.500       16771.7285
     255.000       16797.6230
     255.500       16816.8086
     256.000       16932.2344
     256.500       16746.9258
     257.000       16732.2441
     257.500       16541.7832
     258.000       16827.8418
     258.500       16560.3027
     259.000       16796.4570
     259.500       16873.7793
     260.000       16844.4062
     260.500       16830.8926
     261.000       16816.0039
     261.500       16862.6250
     262.000       16910.6094
     262.500       16647.4434
     263.000       16774.8789
     263.500       16817.9297
     264.000       16828.0449
     264.500       16687.2422
     265.000       16755.4746
     265.500       16705.9258
     266.000       16845.8613
     266.500       16766.1484
     267.000       16859.3438
     267.500       16790.4590
     268.000       16788.0000
     268.500       16786.6836
     269.000       17015.3301
     269.500       16742.1582
     270.000       16827.0137
     270.500       16761.7754
     271.000       16899.5137
     271.500       16615.1270
     272.000       16770.5801
     272.500       16796.2637
     273.000       16880.6562
     273.500       16817.3125
     274.000       16882.7812
     274.500       16755.4531
     275.000       16810.6309
     275.500       16849.2109
     276.000       16774.1992
     276.500       16787.8164
     277.000       16843.4590
     277.500       16800.6699
     278.000       16786.1582
     278.500       16781.1719
     279.000       16768.1074
     279.500       16694.0332
     280.000       16853.4922
     280.500       16935.3477
     281.000       16771.2422
     281.500       16643.3008
     282.000       16574.4609
     282.500       16795.6992
     283.000       16891.0254
     283.500       16817.8828
     284.000       16773.9980
     284.500       16667.3379
     285.000       16722.3398
     285.500       16889.7891
     286.000       16659.7168
     286.500       16709.4395
     287.000       16961.2715
     287.500       16922.4805
     288.000       16834.2500
     288.500       16769.7656
     289.000       17019.9629
     289.500       16965.9258
     290.000       16706.9863
     290.500       16889.2207
     291.000       16758.3086
     291.500       16759.1152
     292.000       16764.3301
     292.500       16907.5957
     293.000       16900.1543
     293.500       17057.4121
     294.000       16949.7168
     294.500       16768.2344
     295.000       16640.0312
     295.500       16832.0996
     296.000       16759.1680
     296.500       16854.7344
     297.000       16724.7930
     297.500       16810.9492
     298.000       17057.9863
     298.500       16779.4531
     299.000       16779.8477
     299.500       16702.8730
     300.000       16676.8086
     300.500       16667.5078
     301.000       16675.6074
     301.500       16788.6719
     302.000       16651.5566
     302.500       16717.3105
     303.000       17001.3125
     303.500       16764.0566
     304.000       16837.8242
     304.500       16762.7617
     305.000       16797.8184
     305.500       16713.1328
     306.000       16898.4199
     306.500       16747.6250
     307.000       16860.5137
     307.500       16969.1992
     308.000       16759.1172
     308.500       16517.2695
     309.000       16680.3535
     309.500       16883.6602
     310.000       16865.7695
     310.500       17013.1309
     311.000       16888.5547
     311.500       16846.6387
     312.000       16911.8125
     312.500       16793.7559
     313.000       16707.5645
     313.500       16838.1758
     314.000       16884.7969
     314.500       16853.1348
     315.000       16965.5234
     315.500       16842.9785
     316.000       16743.1680
     316.500       16698.0059
     317.000       16799.5020
     317.500       16775.4512
     318.000       16919.7441
     318.500       16712.6406
     319.000       16719.6934
     319.500       16738.4141
     320.000       16925.4414
     320.500       16683.0020
     321.000       16756.3047
     321.500       16682.2910
     322.000       16736.6582
     322.500       16702.4941
     323.000       17035.9062
     323.500       16863.1055
     324.000       16918.3809
     324.500       16911.4707
     325.000       16771.8906
     325.500       16962.6543
     326.000       16876.2363
     326.500       16855.6934
     327.000       16857.7480
     327.500       16735.7812
     328.000       16844.0762
     328.500       16469.6426
     329.000       16793.4199
     329.500       16954.8613
     330.000       16664.3457
     330.500       16756.1367
     331.000       16612.7676
     331.500       16523.1992
     332.000       16675.4121
     332.500       16560.5605
     333.000       16620.1934
     333.500       16879.4219
     334.000       16697.5078
     334.500       16708.9824
     335.000       16929.5098
     335.500       16751.0508
     336.000       16810.4512
     336.500       16967.9453
     337.000       16819.0801
     337.500       16802.2207
     338.000       16827.8770
     338.500       16715.9453
     339.000       16872.8359
     339.500       16758.2949
     340.000       16637.9375
     340.500       16721.5312
     341.000       16807.0781
     341.500       16757.9746
     342.000       16667.5332
     342.500       16936.5586
     343.000       16838.4336
     343.500       16725.8711
     344.000       16834.0547
     344.500       16979.5293
     345.000       16767.1523
     345.500       16760.0430
     346.000       16770.6211
     346.500       16846.3457
     347.000       16761.4336
     347.500       16714.8672
     348.000       16742.8008
     348.500       16719.0508
     349.000       16802.3281
     349.500       16918.2266
     350.000       16839.7031
     350.500       16824.8145
     351.000       16701.6387
     351.500       16720.0820
     352.000       16768.6328
     352.500       16735.0586
     353.000       16793.0117
     353.500       16701.2246
     354.000       16732.6992
     354.500       16878.8145
     355.000       16822.4277
     355.500       16824.1953
     356.000       16773.1699
     356.500       16913.8516
     357.000       16734.8223
     357.500       16755.6797
     358.000       16793.3125
     358.500       16721.3301
     359.000       16811.1797
     359.500       16713.1094
     360.000       16870.3320
     360.500       16725.0430
     361.000       16732.7480
     361.500       16894.2090
     362.000       16761.7344
     362.500       16736.0762
     363.000       16815.3711
     363.500       16948.8301
     364.000       16954.4414
     364.500       16741.4727
     365.000       16827.5371
     365.500       16896.1504
     366.000       16765.7422
     366.500       16760.7402
     367.000       16877.9688
     367.500       16815.5801
     368.000       16790.3086
     368.500       16717.6094
     369.000       16763.9668
     369.500       16854.4336
     370.000       16856.2793
     370.500       16732.7559
     371.000       16762.2129
     371.500       16871.6914
     372.000       16728.3770
     372.500       16746.0234
     373.000       16872.1113
     373.500       16939.6777
     374.000       16838.3711
     374.500       16824.7480
     375.000       16792.5449
     375.500       16774.9297
     376.000       16852.2344
     376.500       16834.3105
     377.000       16702.9062
     377.500       16745.6074
     378.000       16771.1133
     378.500       16742.2051
     379.000       16780.1816
     379.500       16828.5000
     380.000       16760.3535
     380.500       16655.0781
     381.000       16859.2246
     381.500       16754.1738
     382.000       16721.1543
     382.500       16822.1328
     383.000       16827.5684
     383.500       16719.8887
     384.000       16833.7324
     384.500       16699.9395
     385.000       16745.5684
     385.500       16651.2363
     386.000       16885.3613
     386.500       16874.7695
     387.000       16879.9648
     387.500       16792.5977
     388.000       16744.5859
     388.500       16857.6777
     389.000       16552.9629
     389.500       16859.7578
     390.000       16886.2422
     390.500       16839.7383
     391.000       16927.7461
     391.500       17039.3984
     392.000       16651.4375
     392.500       16759.9492
     393.000       16566.4141
     393.500       16791.7832
     394.000       16657.7598
     394.500       16918.4883
     395.000       16550.7480
     395.500       16843.7031
     396.000       16819.5918
     396.500       16784.1777
     397.000       16674.0078
     397.500       16817.6152
     398.000       16722.2617
     398.500       16670.0742
     399.000       16716.2969
     399.500       16926.9473
     400.000       16944.2930
