       0.000     -167063.6405
       0.500     -119618.3778
       1.000     -119955.9362
       1.500     -120074.7481
       2.000     -120110.2394
       2.500     -120094.7824
       3.000     -120062.9773
       3.500     -120047.1623
       4.000     -119987.0621
       4.500     -119901.6616
       5.000     -119844.0628
       5.500     -119767.2301
       6.000     -119689.9692
       6.500     -119632.2165
       7.000     -119518.9547
       7.500     -119450.0688
       8.000     -119333.2808
       8.500     -119318.9579
       9.000     -119218.8246
       9.500     -119134.6472
      10.000     -119066.1476
      10.500     -118926.3036
      11.000     -118868.5108
      11.500     -118694.6973
      12.000     -118671.6562
      12.500     -118558.6797
      13.000     -118422.9110
      13.500     -118342.8350
      14.000     -118223.7783
      14.500     -118144.6512
      15.000     -118026.0474
      15.500     -117968.3867
      16.000     -117820.6759
      16.500     -117787.6729
      17.000     -117645.8134
      17.500     -117547.3963
      18.000     -117465.0215
      18.500     -117378.7010
      19.000     -117290.4257
      19.500     -117155.6564
      20.000     -117083.3797
      20.500     -117081.2669
      21.000     -117000.9138
      21.500     -117027.6494
      22.000     -117021.9820
      22.500     -116884.2839
      23.000     -116874.0754
      23.500     -116841.3898
      24.000     -116815.8654
      24.500     -116791.1836
      25.000     -116693.2193
      25.500     -116677.5025
      26.000     -116626.2242
      26.500     -116618.2920
      27.000     -116505.1628
      27.500     -116472.8732
      28.000     -116531.6918
      28.500     -116441.7283
      29.000     -116364.4538
      29.500     -116358.9120
      30.000     -116251.4229
      30.500     -116254.7505
      31.000     -116185.0046
      31.500     -116072.1837
      32.000     -115990.6035
      32.500     -115986.5699
      33.000     -115980.4370
      33.500     -115954.1616
      34.000     -115913.7857
      34.500     -115789.6451
      35.000     -115684.8878
      35.500     -115705.2622
      36.000     -115628.8922
      36.500     -115547.4701
      37.000     -115466.2231
      37.500     -115431.6842
      38.000     -115383.0738
      38.500     -115330.9190
      39.000     -115293.7262
      39.500     -115280.0091
      40.000     -115183.0841
      40.500     -115156.2907
      41.000     -115069.7649
      41.500     -115000.0227
      42.000     -114910.4907
      42.500     -114894.9918
      43.000     -114853.2562
      43.500     -114779.1203
      44.000     -114682.0893
      44.500     -114644.8645
      45.000     -114688.5392
      45.500     -114570.3349
      46.000     -114468.8818
      46.500     -114416.0694
      47.000     -114258.2908
      47.500     -114320.4095
      48.000     -114262.2571
      48.500     -114146.2476
      49.000     -114142.0362
      49.500     -114014.7920
      50.000     -113965.3841
      50.500     -114012.8716
      51.000     -114019.7495
      51.500     -113886.0216
      52.000     -113781.6621
      52.500     -113891.8180
      53.000     -113669.4357
      53.500     -113599.2053
      54.000     -113520.3766
      54.500     -113512.8803
      55.000     -113439.9308
      55.500     -113253.9143
      56.000     -113107.2285
      56.500     -113082.2859
      57.000     -113082.0305
      57.500     -112987.0630
      58.000     -112966.5286
      58.500     -112997.7403
      59.000     -112768.4884
      59.500     -112796.2334
      60.000     -112706.8266
      60.500     -112659.2336
      61.000     -112736.1014
      61.500     -112578.6858
      62.000     -112544.1836
      62.500     -112458.8802
      63.000     -112621.7788
      63.500     -112564.7788
      64.000     -112526.7497
      64.500     -112386.8680
      65.000     -112316.8811
      65.500     -112312.4074
      66.000     -112254.6788
      66.500     -112393.7010
      67.000     -112449.3753
      67.500     -112348.7781
      68.000     -112227.2229
      68.500     -112382.5113
      69.000     -112361.7855
      69.500     -112234.8002
      70.000     -112176.4686
      70.500     -112096.5867
      71.000     -112009.9621
      71.500     -112041.8168
      72.000     -112024.9926
      72.500     -111890.3823
      73.000     -111813.3126
      73.500     -111994.6940
      74.000     -111733.6958
      74.500     -111828.7353
      75.000     -111713.1000
      75.500     -111873.2144
      76.000     -111638.0243
      76.500     -111626.6725
      77.000     -111488.6020
      77.500     -111546.1734
      78.000     -111531.7755
      78.500     -111581.0157
      79.000     -111336.5651
      79.500     -111404.0593
      80.000     -111417.5086
      80.500     -111306.0349
      81.000     -111316.5771
      81.500     -111231.2089
      82.000     -111341.2036
      82.500     -111243.9504
      83.000     -111220.7959
      83.500     -111305.7842
      84.000     -111135.6326
      84.500     -111124.0190
      85.000     -110940.8724
      85.500     -110851.4056
      86.000     -111110.1517
      86.500     -110981.9768
      87.000     -110820.3668
      87.500     -110900.0460
      88.000     -110955.6790
      88.500     -110723.9304
      89.000     -110654.7969
      89.500     -110846.5529
      90.000     -110673.2111
      90.500     -110771.5953
      91.000     -110862.6975
      91.500     -110448.0934
      92.000     -110619.4929
      92.500     -110482.5220
      93.000     -110561.6186
      93.500     -110574.5290
      94.000     -110236.2461
      94.500     -110369.8060
      95.000     -110209.5258
      95.500     -110285.4348
      96.000     -110245.6782
      96.500     -110090.9317
      97.000     -110057.2657
      97.500     -110047.7353
      98.000     -109975.6125
      98.500     -109850.0803
      99.000     -109801.1941
      99.500     -110050.0958
     100.000     -109668.2366
     100.500     -109633.3674
     101.000     -109600.5539
     101.500     -109583.2918
     102.000     -109616.3963
     102.500     -109319.4900
     103.000     -109502.5510
     103.500     -109417.5097
     104.000     -109278.8511
     104.500     -109256.8610
     105.000     -109128.5303
     105.500     -109293.6559
     106.000     -108998.5655
     106.500     -108950.9531
     107.000     -108915.0421
     107.500     -108937.2383
     108.000     -108825.0179
     108.500     -108751.8981
     109.000     -108739.0256
     109.500     -108784.8729
     110.000     -108709.5839
     110.500     -108649.1708
     111.000     -108663.6955
     111.500     -108337.2646
     112.000     -108321.0054
     112.500     -108021.1539
     113.000     -107857.7838
     113.500     -108008.0362
     114.000     -108104.1846
     114.500     -107954.2205
     115.000     -107949.3046
     115.500     -107646.9269
     116.000     -107820.2492
     116.500     -107974.1504
     117.000     -107490.8805
     117.500     -107398.7842
     118.000     -107282.6037
     118.500     -107196.2834
     119.000     -107464.2144
     119.500     -107404.2414
     120.000     -107379.7210
     120.500     -107131.9360
     121.000     -107077.9885
     121.500     -107133.6980
     122.000     -106986.9882
     122.500     -106955.3184
     123.000     -106822.3611
     123.500     -106794.5261
     124.000     -106719.4604
     124.500     -106770.5750
     125.000     -106592.7859
     125.500     -106268.5643
     126.000     -106240.9588
     126.500     -106183.5281
     127.000     -106162.5379
     127.500     -106048.1082
     128.000     -105965.1080
     128.500     -105681.4003
     129.000     -105508.5576
     129.500     -105648.2413
     130.000     -105399.6872
     130.500     -105449.4213
     131.000     -105195.3449
     131.500     -105168.3116
     132.000     -104930.5337
     132.500     -105116.6373
     133.000     -104785.9005
     133.500     -104777.1590
     134.000     -104683.5690
     134.500     -104328.0475
     135.000     -104518.6925
     135.500     -104357.6548
     136.000     -103824.7255
     136.500     -103945.4423
     137.000     -103913.4069
     137.500     -103853.5907
     138.000     -103930.4621
     138.500     -103974.4559
     139.000     -104134.5848
     139.500     -103592.1679
     140.000     -103550.3529
     140.500     -103835.3398
     141.000     -103495.8616
     141.500     -103293.8086
     142.000     -103646.6720
     142.500     -103350.9274
     143.000     -103252.9047
     143.500     -103112.9846
     144.000     -103090.5019
     144.500     -103104.1357
     145.000     -102697.7972
     145.500     -102979.3953
     146.000     -102712.3029
     146.500     -102669.4405
     147.000     -103147.6711
     147.500     -103255.5614
     148.000     -103010.0063
     148.500     -102892.2544
     149.000     -103076.6416
     149.500     -103023.0387
     150.000     -102774.8155
     150.500     -102832.8733
     151.000     -102738.8265
     151.500     -102941.6334
     152.000     -102852.6292
     152.500     -102924.5059
     153.000     -102910.1488
     153.500     -103191.9221
     154.000     -102836.2639
     154.500     -102969.5753
     155.000     -103028.2045
     155.500     -102966.4923
     156.000     -102921.5638
     156.500     -102998.6416
     157.000     -102948.2692
     157.500     -103023.5498
     158.000     -102838.1568
     158.500     -102766.4211
     159.000     -103052.3882
     159.500     -103000.0386
     160.000     -102814.3959
     160.500     -102833.8912
     161.000     -102674.9751
     161.500     -102769.8405
     162.000     -102855.0760
     162.500     -102906.5801
     163.000     -102935.3781
     163.500     -102837.8859
     164.000     -102887.9204
     164.500     -102907.9120
     165.000     -102784.0715
     165.500     -103060.4403
     166.000     -102935.7419
     166.500     -102913.5732
     167.000     -103081.7068
     167.500     -103035.9991
     168.000     -102994.7244
     168.500     -102893.7261
     169.000     -103122.4449
     169.500     -103114.6437
     170.000     -102707.6197
     170.500     -102923.2494
     171.000     -102958.6487
     171.500     -102690.9537
     172.000     -103113.4850
     172.500     -102998.0260
     173.000     -103016.3410
     173.500     -102881.8386
     174.000     -103067.6080
     174.500     -102968.9562
     175.000     -102953.2762
     175.500     -103088.0134
     176.000     -102707.3093
     176.500     -102587.8476
     177.000     -103065.9056
     177.500     -102833.1366
     178.000     -102939.9433
     178.500     -102795.3991
     179.000     -102911.3479
     179.500     -102825.8772
     180.000     -103235.6309
     180.500     -103081.6417
     181.000     -103116.9162
     181.500     -103064.1263
     182.000     -103007.7201
     182.500     -102878.0508
     183.000     -103203.0375
     183.500     -102990.7725
     184.000     -102980.3564
     184.500     -102861.0977
     185.000     -102916.6243
     185.500     -103022.2681
     186.000     -103103.5997
     186.500     -102897.8129
     187.000     -102957.5087
     187.500     -102984.4453
     188.000     -102874.6886
     188.500     -103010.0146
     189.000     -102701.4493
     189.500     -102945.7197
     190.000     -103116.1310
     190.500     -102791.4060
     191.000     -102822.2733
     191.500     -102691.8981
     192.000     -102678.8175
     192.500     -102743.0785
     193.000     -102916.1424
     193.500     -102608.9120
     194.000     -102706.2863
     194.500     -102786.2885
     195.000     -102832.8013
     195.500     -102979.0868
     196.000     -102874.4926
     196.500     -102900.9127
     197.000     -103115.0374
     197.500     -103112.6371
     198.000     -103180.5117
     198.500     -102799.0767
     199.000     -103070.1326
     199.500     -103086.0451
     200.000     -102933.6030
     200.500     -102857.4503
     201.000     -102765.8133
     201.500     -102981.3144
     202.000     -102749.5305
     202.500     -103083.8870
     203.000     -102731.1158
     203.500     -103008.6475
     204.000     -103055.5432
     204.500     -103042.1602
     205.000     -102927.4787
     205.500     -103168.7613
     206.000     -103098.8584
     206.500     -103086.2421
     207.000     -102918.7601
     207.500     -102927.8270
     208.000     -103029.7613
     208.500     -102970.0599
     209.000     -102940.1354
     209.500     -102731.5998
     210.000     -102737.0127
     210.500     -103014.9587
     211.000     -102926.4356
     211.500     -103181.7558
     212.000     -103156.0269
     212.500     -103125.5239
     213.000     -103255.0239
     213.500     -103158.6781
     214.000     -102962.7871
     214.500     -102943.6677
     215.000     -103170.1401
     215.500     -102957.6519
     216.000     -103123.5291
     216.500     -103035.8065
     217.000     -103391.2104
     217.500     -103148.4342
     218.000     -103243.3026
     218.500     -103195.9402
     219.000     -103133.4664
     219.500     -103434.5885
     220.000     -103311.3159
     220.500     -103211.7768
     221.000     -103290.3555
     221.500     -103199.9222
     222.000     -103368.6128
     222.500     -103327.1153
     223.000     -103624.9688
     223.500     -103714.6032
     224.000     -103586.4964
     224.500     -103585.3328
     225.000     -103326.2418
     225.500     -103258.7638
     226.000     -103284.7791
     226.500     -103475.1572
     227.000     -103238.6183
     227.500     -103592.8885
     228.000     -103582.0606
     228.500     -103462.3900
     229.000     -103299.6263
     229.500     -103064.7726
     230.000     -103188.9599
     230.500     -103228.7631
     231.000     -103175.0951
     231.500     -103354.0350
     232.000     -103645.9717
     232.500     -103474.3872
     233.000     -103433.4426
     233.500     -103400.3018
     234.000     -103375.8394
     234.500     -103308.8423
     235.000     -103377.5663
     235.500     -103386.5996
     236.000     -103478.4937
     236.500     -103304.9853
     237.000     -103594.9050
     237.500     -103617.6862
     238.000     -103616.8470
     238.500     -103387.9751
     239.000     -103442.9630
     239.500     -103611.0780
     240.000     -103526.3546
     240.500     -103408.8241
     241.000     -103265.0780
     241.500     -103820.5127
     242.000     -103561.3100
     242.500     -103580.0680
     243.000     -103410.8322
     243.500     -103600.8397
     244.000     -103660.5190
     244.500     -103513.5270
     245.000     -103559.5555
     245.500     -103558.5617
     246.000     -103750.0228
     246.500     -103755.9677
     247.000     -103584.9692
     247.500     -103591.5589
     248.000     -103631.9293
     248.500     -103682.1518
     249.000     -103360.9752
     249.500     -103330.2315
     250.000     -103692.9788
     250.500     -103635.9301
     251.000     -103598.3737
     251.500     -103355.9988
     252.000     -103456.4353
     252.500     -103518.2199
     253.000     -103553.4659
     253.500     -103476.5327
     254.000     -103494.7638
     254.500     -103613.0491
     255.000     -103665.9364
     255.500     -103395.6725
     256.000     -103395.9343
     256.500     -103733.8828
     257.000     -103611.4966
     257.500     -103580.2953
     258.000     -103589.5951
     258.500     -103503.2868
     259.000     -103401.4661
     259.500     -103381.5401
     260.000     -103715.3617
     260.500     -103609.4872
     261.000     -103619.6682
     261.500     -103616.8456
     262.000     -103537.8277
     262.500     -103738.1658
     263.000     -103722.3869
     263.500     -103509.2995
     264.000     -103352.8443
     264.500     -103491.1099
     265.000     -103637.2975
     265.500     -103503.4349
     266.000     -103647.7934
     266.500     -103486.3181
     267.000     -103671.0456
     267.500     -103564.3087
     268.000     -103573.9893
     268.500     -103599.5607
     269.000     -103496.7414
     269.500     -103490.1433
     270.000     -103509.9812
     270.500     -103579.8273
     271.000     -103698.1950
     271.500     -103630.0452
     272.000     -103763.4903
     272.500     -103746.9667
     273.000     -103577.2008
     273.500     -103639.1642
     274.000     -103557.3617
     274.500     -103594.9198
     275.000     -103694.4631
     275.500     -103595.6517
     276.000     -103671.0356
     276.500     -103194.6844
     277.000     -103356.6118
     277.500     -103084.4634
     278.000     -103456.5922
     278.500     -103483.2615
     279.000     -103338.9933
     279.500     -103581.5533
     280.000     -103429.1966
     280.500     -103419.8286
     281.000     -103333.7894
     281.500     -103490.0326
     282.000     -103575.7436
     282.500     -103638.2864
     283.000     -103475.8676
     283.500     -103473.0245
     284.000     -103501.3740
     284.500     -103290.1059
     285.000     -103442.1130
     285.500     -103539.4393
     286.000     -103361.9136
     286.500     -103562.2948
     287.000     -103676.2000
     287.500     -103654.4578
     288.000     -103669.3186
     288.500     -103604.8655
     289.000     -103353.0069
     289.500     -103525.7144
     290.000     -103452.9237
     290.500     -103912.5663
     291.000     -104012.8272
     291.500     -103920.5529
     292.000     -103613.1662
     292.500     -103789.4759
     293.000     -103848.6311
     293.500     -103726.4683
     294.000     -103701.1355
     294.500     -103956.5020
     295.000     -103890.6966
     295.500     -103561.9131
     296.000     -103652.5434
     296.500     -103497.2510
     297.000     -103677.0659
     297.500     -103380.5972
     298.000     -103607.1131
     298.500     -103603.1217
     299.000     -103649.0696
     299.500     -103822.5054
     300.000     -103774.0982
     300.500     -103706.7301
     301.000     -103707.0088
     301.500     -104052.2744
     302.000     -104116.4687
     302.500     -103834.0038
     303.000     -103824.7547
     303.500     -103869.5402
     304.000     -103840.2915
     304.500     -103968.3309
     305.000     -103745.4572
     305.500     -103923.7404
     306.000     -103716.8245
     306.500     -103876.0393
     307.000     -104003.6842
     307.500     -103567.9229
     308.000     -103736.9144
     308.500     -103606.6242
     309.000     -103544.9602
     309.500     -103793.9980
     310.000     -103595.1477
     310.500     -103771.2666
     311.000     -103730.0199
     311.500     -103688.8910
     312.000     -103615.4956
     312.500     -103787.8283
     313.000     -103626.1592
     313.500     -103791.1997
     314.000     -103874.1681
     314.500     -103804.6671
     315.000     -103685.2357
     315.500     -103853.3620
     316.000     -103574.1442
     316.500     -103569.9886
     317.000     -103705.2425
     317.500     -103703.9987
     318.000     -103759.3439
     318.500     -103495.0946
     319.000     -103630.6426
     319.500     -104071.9855
     320.000     -103968.2045
     320.500     -103838.5204
     321.000     -103464.0621
     321.500     -103861.0897
     322.000     -103900.9730
     322.500     -103835.1722
     323.000     -104176.1264
     323.500     -103623.6958
     324.000     -103896.2602
     324.500     -103681.4104
     325.000     -103842.7821
     325.500     -103988.0743
     326.000     -103857.1539
     326.500     -103691.5414
     327.000     -103603.2520
     327.500     -103777.4076
     328.000     -103871.1086
     328.500     -103787.8443
     329.000     -103778.6498
     329.500     -103632.4158
     330.000     -103602.4894
     330.500     -103567.7207
     331.000     -103894.4826
     331.500     -103806.9577
     332.000     -103742.2909
     332.500     -103746.6794
     333.000     -103575.6856
     333.500     -103740.8203
     334.000     -103730.6742
     334.500     -103862.2625
     335.000     -103739.2652
     335.500     -103795.4879
     336.000     -103932.6526
     336.500     -103951.4581
     337.000     -103985.2899
     337.500     -103918.2504
     338.000     -103798.7276
     338.500     -103914.2491
     339.000     -103933.9188
     339.500     -103691.8050
     340.000     -103822.2743
     340.500     -103891.2983
     341.000     -103830.8774
     341.500     -104035.4800
     342.000     -103850.1734
     342.500     -103673.3475
     343.000     -103998.4077
     343.500     -104077.8616
     344.000     -103848.3367
     344.500     -103619.1172
     345.000     -103910.2418
     345.500     -103995.0473
     346.000     -103830.4386
     346.500     -103905.3970
     347.000     -104014.7896
     347.500     -103910.7997
     348.000     -103963.4547
     348.500     -103589.5640
     349.000     -103769.2960
     349.500     -103861.1159
     350.000     -103932.8453
     350.500     -103688.0804
     351.000     -103832.8088
     351.500     -103947.5579
     352.000     -103699.4336
     352.500     -103831.3893
     353.000     -104143.5003
     353.500     -103950.1990
     354.000     -104068.5055
     354.500     -104233.7953
     355.000     -103899.5292
     355.500     -103978.2751
     356.000     -103982.0661
     356.500     -103999.3351
     357.000     -103915.0267
     357.500     -103833.5494
     358.000     -103962.9217
     358.500     -103812.9307
     359.000     -103755.2296
     359.500     -103812.4587
     360.000     -103863.5861
     360.500     -103979.4110
     361.000     -103658.0702
     361.500     -103903.6499
     362.000     -103697.4549
     362.500     -103562.5069
     363.000     -103892.5403
     363.500     -103824.2041
     364.000     -103927.6567
     364.500     -103620.2667
     365.000     -103924.9391
     365.500     -103856.6700
     366.000     -103870.3276
     366.500     -103744.8835
     367.000     -103680.4068
     367.500     -103899.2105
     368.000     -103997.1460
     368.500     -104096.0997
     369.000     -103852.8595
     369.500     -103745.2541
     370.000     -103786.2342
     370.500     -103783.2067
     371.000     -103936.9252
     371.500     -103907.7429
     372.000     -103771.8655
     372.500     -103820.2851
     373.000     -103767.7941
     373.500     -103505.0806
     374.000     -103702.5145
     374.500     -103809.3421
     375.000     -103903.8385
     375.500     -103943.1214
     376.000     -103898.4565
     376.500     -104018.2888
     377.000     -103750.5856
     377.500     -103734.3196
     378.000     -103631.4086
     378.500     -104045.9501
     379.000     -103813.2408
     379.500     -103809.7795
     380.000     -103677.4890
     380.500     -103513.9061
     381.000     -103777.3896
     381.500     -103717.4410
     382.000     -103799.7342
     382.500     -103744.0988
     383.000     -103910.0735
     383.500     -103756.6474
     384.000     -104029.3751
     384.500     -104085.1259
     385.000     -103892.9081
     385.500     -103990.4863
     386.000     -104266.0737
     386.500     -104072.7724
     387.000     -104025.2226
     387.500     -104120.3794
     388.000     -103757.2091
     388.500     -103900.9464
     389.000     -103957.2793
     389.500     -104120.2503
     390.000     -103880.0279
     390.500     -103717.9438
     391.000     -103969.2792
     391.500     -104067.9925
     392.000     -103884.5375
     392.500     -103950.4439
     393.000     -103919.6474
     393.500     -103734.6720
     394.000     -103540.9683
     394.500     -103652.8712
     395.000     -103878.4549
     395.500     -103790.4026
     396.000     -103847.2319
     396.500     -103745.3657
     397.000     -104025.1543
     397.500     -103975.7580
     398.000     -104146.1571
     398.500     -104097.2341
     399.000     -103903.1781
     399.500     -104004.6505
     400.000     -103990.6609
