       0.000     -167063.6405
       0.500     -119427.0502
       1.000     -119661.4517
       1.500     -119664.2784
       2.000     -119563.2815
       2.500     -119406.4532
       3.000     -119240.9574
       3.500     -119079.2976
       4.000     -118897.5735
       4.500     -118674.1193
       5.000     -118459.1869
       5.500     -118252.9142
       6.000     -118021.5970
       6.500     -117839.2896
       7.000     -117612.8134
       7.500     -117370.0061
       8.000     -117140.8219
       8.500     -116957.4691
       9.000     -116742.1273
       9.500     -116498.2714
      10.000     -116275.5009
      10.500     -116033.8641
      11.000     -115850.2803
      11.500     -115511.3770
      12.000     -115323.2089
      12.500     -115121.6142
      13.000     -114809.0291
      13.500     -114604.2119
      14.000     -114321.8005
      14.500     -114109.8236
      15.000     -113818.8584
      15.500     -113696.1221
      16.000     -113372.4141
      16.500     -113229.8262
      17.000     -112924.5272
      17.500     -112696.1302
      18.000     -112466.3891
      18.500     -112184.2474
      19.000     -112043.6366
      19.500     -111839.1081
      20.000     -111528.7806
      20.500     -111445.6438
      21.000     -111224.2229
      21.500     -111273.8526
      22.000     -111148.4234
      22.500     -110943.4275
      23.000     -110941.7341
      23.500     -110811.5607
      24.000     -110701.9152
      24.500     -110549.9248
      25.000     -110380.3828
      25.500     -110348.3746
      26.000     -110217.7731
      26.500     -110110.0288
      27.000     -109904.0569
      27.500     -109829.6423
      28.000     -109803.7098
      28.500     -109645.3655
      29.000     -109496.6960
      29.500     -109474.1595
      30.000     -109177.1826
      30.500     -109143.6817
      31.000     -109046.0456
      31.500     -108886.0748
      32.000     -108739.0849
      32.500     -108693.7110
      33.000     -108632.4760
      33.500     -108464.3711
      34.000     -108343.9600
      34.500     -108209.5841
      35.000     -107979.6666
      35.500     -107897.0683
      36.000     -107878.3561
      36.500     -107655.2197
      37.000     -107434.8578
      37.500     -107443.8732
      38.000     -107292.0733
      38.500     -107215.8258
      39.000     -107124.2145
      39.500     -106975.3665
      40.000     -106766.7374
      40.500     -106750.2048
      41.000     -106597.3606
      41.500     -106454.4260
      42.000     -106244.7202
      42.500     -106092.0250
      43.000     -106037.4485
      43.500     -105884.7101
      44.000     -105789.0903
      44.500     -105643.9173
      45.000     -105670.5646
      45.500     -105423.1630
      46.000     -105270.1748
      46.500     -105192.8008
      47.000     -104938.0613
      47.500     -104859.7249
      48.000     -104807.4250
      48.500     -104428.2330
      49.000     -104518.8047
      49.500     -104217.3945
      50.000     -104213.4280
      50.500     -104257.9546
      51.000     -104113.7846
      51.500     -103841.0548
      52.000     -103696.3535
      52.500     -103729.1451
      53.000     -103440.3791
      53.500     -103298.4348
      54.000     -103011.3190
      54.500     -103054.7026
      55.000     -102958.4835
      55.500     -102705.3987
      56.000     -102370.2753
      56.500     -102406.1306
      57.000     -102347.8928
      57.500     -102260.4878
      58.000     -102033.9915
      58.500     -102020.9219
      59.000     -101816.1125
      59.500     -101671.7968
      60.000     -101567.2866
      60.500     -101410.0100
      61.000     -101497.1913
      61.500     -101253.4993
      62.000     -101245.4541
      62.500     -101122.7455
      63.000     -101167.0816
      63.500     -101157.1733
      64.000     -100998.3434
      64.500     -100992.4276
      65.000     -100787.4895
      65.500     -100662.1740
      66.000     -100711.0108
      66.500     -100693.9569
      67.000     -100848.4837
      67.500     -100715.8582
      68.000     -100525.0002
      68.500     -100715.2144
      69.000     -100481.4975
      69.500     -100407.5521
      70.000     -100318.5360
      70.500     -100233.5828
      71.000     -100015.1926
      71.500     -100004.0677
      72.000      -99996.5717
      72.500      -99861.3061
      73.000      -99785.2862
      73.500      -99888.4596
      74.000      -99677.3482
      74.500      -99635.1083
      75.000      -99618.2933
      75.500      -99578.8501
      76.000      -99263.6171
      76.500      -99207.3356
      77.000      -98932.8931
      77.500      -99123.0913
      78.000      -99067.8780
      78.500      -99070.0606
      79.000      -98890.3053
      79.500      -98888.4070
      80.000      -98738.5632
      80.500      -98572.4802
      81.000      -98581.0371
      81.500      -98693.7118
      82.000      -98681.3286
      82.500      -98572.5216
      83.000      -98390.7988
      83.500      -98514.7685
      84.000      -98254.8563
      84.500      -98125.5551
      85.000      -98013.7747
      85.500      -97874.8177
      86.000      -98134.1175
      86.500      -97893.7737
      87.000      -97598.9244
      87.500      -97762.6114
      88.000      -97938.0852
      88.500      -97653.1560
      89.000      -97309.6114
      89.500      -97615.6974
      90.000      -97508.3693
      90.500      -97439.3550
      91.000      -97572.6379
      91.500      -97043.4020
      92.000      -97283.6326
      92.500      -97166.5572
      93.000      -97233.8325
      93.500      -97068.2438
      94.000      -96560.8555
      94.500      -96728.9915
      95.000      -96754.2094
      95.500      -96787.6291
      96.000      -96638.5873
      96.500      -96315.2569
      97.000      -96221.0293
      97.500      -96210.3701
      98.000      -96225.2590
      98.500      -95946.3264
      99.000      -95918.2439
      99.500      -96201.1827
     100.000      -95821.9202
     100.500      -95681.2747
     101.000      -95693.6193
     101.500      -95452.6004
     102.000      -95549.2254
     102.500      -95256.3259
     103.000      -95298.8010
     103.500      -95002.7607
     104.000      -95097.0552
     104.500      -95018.1764
     105.000      -94874.7881
     105.500      -94892.6159
     106.000      -94598.6710
     106.500      -94442.2168
     107.000      -94354.3243
     107.500      -94582.8809
     108.000      -94192.0980
     108.500      -94228.6149
     109.000      -94287.5656
     109.500      -94188.5214
     110.000      -93985.0165
     110.500      -93902.5380
     111.000      -93864.1603
     111.500      -93477.3388
     112.000      -93467.1909
     112.500      -93172.7565
     113.000      -93093.0445
     113.500      -93073.8155
     114.000      -93227.8008
     114.500      -93041.4862
     115.000      -92882.7655
     115.500      -92688.9592
     116.000      -92608.9826
     116.500      -92845.0234
     117.000      -92389.2135
     117.500      -92366.4326
     118.000      -92074.1516
     118.500      -91917.3342
     119.000      -92199.6694
     119.500      -92171.1828
     120.000      -92009.4876
     120.500      -91756.9810
     121.000      -91604.4104
     121.500      -91599.8299
     122.000      -91578.6279
     122.500      -91373.6729
     123.000      -91212.3836
     123.500      -91127.3738
     124.000      -91042.0503
     124.500      -91110.2586
     125.000      -91081.3953
     125.500      -90747.3817
     126.000      -90339.4813
     126.500      -90198.6414
     127.000      -90202.1736
     127.500      -90122.7273
     128.000      -90169.3287
     128.500      -89611.3563
     129.000      -89523.6044
     129.500      -89793.5674
     130.000      -89306.0954
     130.500      -89516.7230
     131.000      -89069.2482
     131.500      -88970.2052
     132.000      -88730.9429
     132.500      -88804.8004
     133.000      -88588.8556
     133.500      -88333.7195
     134.000      -88310.0163
     134.500      -87950.6256
     135.000      -88115.7492
     135.500      -87957.5122
     136.000      -87427.7528
     136.500      -87388.8681
     137.000      -87377.1081
     137.500      -87185.2645
     138.000      -87236.4582
     138.500      -87469.7996
     139.000      -87528.1629
     139.500      -86781.2812
     140.000      -86889.4310
     140.500      -87042.9648
     141.000      -86821.3206
     141.500      -86573.7246
     142.000      -86702.4240
     142.500      -86469.6012
     143.000      -86427.1606
     143.500      -86479.1682
     144.000      -86240.3105
     144.500      -86399.4228
     145.000      -85931.3578
     145.500      -86139.8777
     146.000      -86012.6389
     146.500      -85983.7413
     147.000      -86363.7864
     147.500      -86186.7157
     148.000      -86358.0942
     148.500      -86113.1665
     149.000      -86271.9073
     149.500      -86161.9665
     150.000      -85897.6182
     150.500      -86209.1487
     151.000      -85943.9066
     151.500      -86115.8267
     152.000      -86100.9221
     152.500      -86052.2422
     153.000      -86159.3421
     153.500      -86559.4006
     154.000      -85992.8107
     154.500      -86243.3077
     155.000      -86271.2553
     155.500      -86045.0255
     156.000      -86120.6692
     156.500      -86139.6260
     157.000      -86230.7262
     157.500      -86301.7100
     158.000      -85988.9673
     158.500      -86089.4114
     159.000      -86398.7652
     159.500      -86199.7065
     160.000      -86293.4584
     160.500      -85828.6236
     161.000      -85761.3423
     161.500      -85847.9655
     162.000      -86022.2791
     162.500      -86093.0352
     163.000      -85966.2902
     163.500      -86018.8956
     164.000      -86199.0337
     164.500      -85989.8339
     165.000      -86110.1320
     165.500      -86261.9246
     166.000      -86030.8552
     166.500      -86225.0673
     167.000      -86358.8533
     167.500      -86218.6788
     168.000      -86146.8904
     168.500      -86027.4800
     169.000      -86292.9195
     169.500      -86232.4757
     170.000      -85926.5103
     170.500      -86160.0013
     171.000      -86099.1799
     171.500      -85960.3033
     172.000      -86201.5768
     172.500      -86400.3365
     173.000      -86272.6906
     173.500      -86001.6647
     174.000      -86352.8619
     174.500      -86281.0128
     175.000      -86399.0028
     175.500      -86581.6501
     176.000      -86009.2507
     176.500      -85694.3456
     177.000      -86307.4310
     177.500      -86033.6893
     178.000      -86157.6034
     178.500      -86029.7390
     179.000      -86072.1740
     179.500      -85751.5159
     180.000      -86263.1680
     180.500      -86273.5108
     181.000      -86299.7931
     181.500      -86304.8938
     182.000      -86193.3646
     182.500      -86098.5430
     183.000      -86536.1977
     183.500      -86000.8370
     184.000      -86342.5536
     184.500      -85910.1212
     185.000      -86388.8762
     185.500      -86233.8775
     186.000      -86254.9571
     186.500      -86168.1879
     187.000      -86071.4638
     187.500      -86241.0469
     188.000      -86187.2960
     188.500      -86103.8662
     189.000      -85701.9825
     189.500      -86219.1748
     190.000      -86245.3224
     190.500      -85950.0135
     191.000      -86029.5291
     191.500      -85801.6266
     192.000      -86000.8429
     192.500      -85961.3831
     193.000      -86286.5018
     193.500      -85985.0526
     194.000      -85694.2433
     194.500      -85988.9447
     195.000      -86077.7564
     195.500      -86274.8680
     196.000      -86139.4750
     196.500      -85916.9908
     197.000      -86225.4007
     197.500      -86579.6058
     198.000      -86506.6875
     198.500      -86137.4166
     199.000      -86268.7361
     199.500      -86127.8381
     200.000      -86057.9038
     200.500      -85919.9366
     201.000      -85835.7958
     201.500      -86184.2323
     202.000      -85976.2121
     202.500      -86493.2268
     203.000      -85941.5748
     203.500      -86225.7842
     204.000      -86445.3753
     204.500      -86002.0020
     205.000      -86208.1720
     205.500      -86469.0367
     206.000      -86231.5068
     206.500      -86479.4823
     207.000      -86094.7055
     207.500      -86084.8485
     208.000      -86345.1969
     208.500      -86174.1263
     209.000      -86150.1003
     209.500      -85814.8850
     210.000      -85745.8408
     210.500      -86163.6990
     211.000      -86259.6231
     211.500      -86273.6660
     212.000      -86201.3668
     212.500      -86438.4868
     213.000      -86587.3442
     213.500      -86481.7191
     214.000      -86087.2442
     214.500      -86256.8825
     215.000      -86297.5933
     215.500      -86099.9312
     216.000      -86374.4744
     216.500      -86327.0506
     217.000      -86641.2319
     217.500      -86450.7584
     218.000      -86270.8554
     218.500      -86380.9011
     219.000      -86165.8141
     219.500      -86892.9030
     220.000      -86513.4468
     220.500      -86689.7143
     221.000      -86555.7657
     221.500      -86484.4066
     222.000      -86659.8140
     222.500      -86682.7833
     223.000      -86947.2539
     223.500      -87005.3727
     224.000      -86808.7093
     224.500      -86969.7039
     225.000      -86600.0133
     225.500      -86525.9767
     226.000      -86757.5389
     226.500      -86638.7393
     227.000      -86491.0831
     227.500      -86802.9491
     228.000      -87005.5196
     228.500      -86646.2279
     229.000      -86513.1146
     229.500      -86220.7042
     230.000      -86516.6552
     230.500      -86353.3022
     231.000      -86336.2592
     231.500      -86480.5057
     232.000      -86661.7608
     232.500      -86754.8637
     233.000      -86544.0910
     233.500      -86554.4385
     234.000      -86685.5426
     234.500      -86583.9732
     235.000      -86589.0624
     235.500      -86468.1582
     236.000      -86702.5074
     236.500      -86580.9931
     237.000      -86906.3796
     237.500      -86686.1022
     238.000      -86727.8431
     238.500      -86741.5083
     239.000      -86787.6974
     239.500      -86820.7753
     240.000      -86801.7531
     240.500      -86661.4334
     241.000      -86497.3202
     241.500      -87167.2764
     242.000      -86650.0170
     242.500      -86813.7750
     243.000      -86620.8107
     243.500      -86782.3319
     244.000      -86882.7846
     244.500      -86733.6793
     245.000      -86672.1864
     245.500      -86782.4504
     246.000      -87130.8646
     246.500      -87051.9755
     247.000      -86857.5083
     247.500      -86770.6234
     248.000      -86783.6656
     248.500      -86769.1928
     249.000      -86589.2155
     249.500      -86517.2139
     250.000      -86831.5667
     250.500      -86857.2524
     251.000      -86728.1198
     251.500      -86731.3445
     252.000      -86833.7654
     252.500      -86679.3137
     253.000      -86899.0108
     253.500      -86785.1948
     254.000      -86817.0021
     254.500      -86841.3206
     255.000      -86868.3133
     255.500      -86578.8639
     256.000      -86463.6999
     256.500      -86986.9571
     257.000      -86879.2525
     257.500      -87038.5121
     258.000      -86761.7533
     258.500      -86942.9840
     259.000      -86605.0090
     259.500      -86507.7609
     260.000      -86870.9554
     260.500      -86778.5946
     261.000      -86803.6643
     261.500      -86754.2206
     262.000      -86627.2183
     262.500      -87090.7225
     263.000      -86947.5080
     263.500      -86691.3699
     264.000      -86524.7994
     264.500      -86803.8677
     265.000      -86881.8229
     265.500      -86797.5092
     266.000      -86801.9321
     266.500      -86720.1697
     267.000      -86811.7018
     267.500      -86773.8498
     268.000      -86785.9893
     268.500      -86812.8771
     269.000      -86481.4113
     269.500      -86747.9851
     270.000      -86682.9675
     270.500      -86818.0519
     271.000      -86798.6813
     271.500      -87014.9182
     272.000      -86992.9102
     272.500      -86950.7030
     273.000      -86696.5445
     273.500      -86821.8517
     274.000      -86674.5805
     274.500      -86839.4667
     275.000      -86883.8322
     275.500      -86746.4407
     276.000      -86896.8364
     276.500      -86406.8680
     277.000      -86513.1529
     277.500      -86283.7935
     278.000      -86670.4340
     278.500      -86702.0896
     279.000      -86570.8859
     279.500      -86887.5201
     280.000      -86575.7044
     280.500      -86484.4809
     281.000      -86562.5472
     281.500      -86846.7318
     282.000      -87001.2826
     282.500      -86842.5872
     283.000      -86584.8423
     283.500      -86655.1417
     284.000      -86727.3760
     284.500      -86622.7680
     285.000      -86719.7731
     285.500      -86649.6503
     286.000      -86702.1968
     286.500      -86852.8554
     287.000      -86714.9285
     287.500      -86731.9773
     288.000      -86835.0686
     288.500      -86835.0998
     289.000      -86333.0440
     289.500      -86559.7886
     290.000      -86745.9373
     290.500      -87023.3456
     291.000      -87254.5186
     291.500      -87161.4377
     292.000      -86848.8361
     292.500      -86881.8802
     293.000      -86948.4768
     293.500      -86669.0562
     294.000      -86751.4187
     294.500      -87188.2676
     295.000      -87250.6654
     295.500      -86729.8135
     296.000      -86893.3754
     296.500      -86642.5166
     297.000      -86952.2729
     297.500      -86569.6480
     298.000      -86549.1267
     298.500      -86823.6686
     299.000      -86869.2219
     299.500      -87119.6324
     300.000      -87097.2896
     300.500      -87039.2223
     301.000      -87031.4013
     301.500      -87263.6026
     302.000      -87464.9121
     302.500      -87116.6933
     303.000      -86823.4422
     303.500      -87105.4835
     304.000      -87002.4672
     304.500      -87205.5692
     305.000      -86947.6388
     305.500      -87210.6076
     306.000      -86818.4046
     306.500      -87128.4143
     307.000      -87143.1705
     307.500      -86598.7237
     308.000      -86977.7972
     308.500      -87089.3547
     309.000      -86864.6067
     309.500      -86910.3378
     310.000      -86729.3782
     310.500      -86758.1358
     311.000      -86841.4652
     311.500      -86842.2524
     312.000      -86703.6831
     312.500      -86994.0725
     313.000      -86918.5947
     313.500      -86953.0239
     314.000      -86989.3712
     314.500      -86951.5323
     315.000      -86719.7122
     315.500      -87010.3835
     316.000      -86830.9762
     316.500      -86871.9827
     317.000      -86905.7405
     317.500      -86928.5475
     318.000      -86839.5998
     318.500      -86782.4540
     319.000      -86910.9492
     319.500      -87333.5715
     320.000      -87042.7631
     320.500      -87155.5185
     321.000      -86707.7574
     321.500      -87178.7987
     322.000      -87164.3148
     322.500      -87132.6781
     323.000      -87140.2202
     323.500      -86760.5903
     324.000      -86977.8793
     324.500      -86769.9397
     325.000      -87070.8915
     325.500      -87025.4200
     326.000      -86980.9176
     326.500      -86835.8481
     327.000      -86745.5039
     327.500      -87041.6264
     328.000      -87027.0325
     328.500      -87318.2018
     329.000      -86985.2299
     329.500      -86677.5545
     330.000      -86938.1437
     330.500      -86811.5839
     331.000      -87281.7151
     331.500      -87283.7585
     332.000      -87066.8788
     332.500      -87186.1189
     333.000      -86955.4923
     333.500      -86861.3984
     334.000      -87033.1664
     334.500      -87153.2801
     335.000      -86809.7554
     335.500      -87044.4371
     336.000      -87122.2014
     336.500      -86983.5128
     337.000      -87166.2098
     337.500      -87116.0297
     338.000      -86970.8507
     338.500      -87198.3038
     339.000      -87061.0828
     339.500      -86933.5101
     340.000      -87184.3368
     340.500      -87169.7671
     341.000      -87023.7993
     341.500      -87277.5054
     342.000      -87182.6402
     342.500      -86736.7890
     343.000      -87159.9741
     343.500      -87351.9905
     344.000      -87014.2820
     344.500      -86639.5879
     345.000      -87143.0895
     345.500      -87235.0043
     346.000      -87059.8175
     346.500      -87059.0513
     347.000      -87253.3560
     347.500      -87195.9325
     348.000      -87220.6539
     348.500      -86870.5132
     349.000      -86966.9679
     349.500      -86942.8893
     350.000      -87093.1422
     350.500      -86863.2659
     351.000      -87131.1701
     351.500      -87227.4758
     352.000      -86930.8008
     352.500      -87096.3307
     353.000      -87350.4886
     353.500      -87248.9744
     354.000      -87335.8063
     354.500      -87354.9808
     355.000      -87077.1014
     355.500      -87154.0798
     356.000      -87208.8961
     356.500      -87085.4836
     357.000      -87180.2044
     357.500      -87077.8697
     358.000      -87169.6092
     358.500      -87091.6006
     359.000      -86944.0499
     359.500      -87099.3493
     360.000      -86993.2540
     360.500      -87254.3680
     361.000      -86925.3222
     361.500      -87009.4409
     362.000      -86935.7205
     362.500      -86826.4307
     363.000      -87077.1692
     363.500      -86875.3740
     364.000      -86973.2153
     364.500      -86878.7940
     365.000      -87097.4020
     365.500      -86960.5196
     366.000      -87104.5854
     366.500      -86984.1433
     367.000      -86802.4380
     367.500      -87083.6305
     368.000      -87206.8374
     368.500      -87378.4903
     369.000      -87088.8927
     369.500      -86890.8205
     370.000      -86929.9549
     370.500      -87050.4509
     371.000      -87174.7123
     371.500      -87036.0515
     372.000      -87043.4886
     372.500      -87074.2616
     373.000      -86895.6828
     373.500      -86565.4029
     374.000      -86864.1434
     374.500      -86984.5941
     375.000      -87111.2936
     375.500      -87168.1917
     376.000      -87046.2222
     376.500      -87183.9783
     377.000      -87047.6793
     377.500      -86988.7122
     378.000      -86860.2953
     378.500      -87303.7450
     379.000      -87033.0591
     379.500      -86981.2795
     380.000      -86917.1355
     380.500      -86858.8280
     381.000      -86918.1650
     381.500      -86963.2671
     382.000      -87078.5799
     382.500      -86921.9660
     383.000      -87082.5052
     383.500      -87036.7587
     384.000      -87195.6427
     384.500      -87385.1864
     385.000      -87147.3397
     385.500      -87339.2499
     386.000      -87380.7124
     386.500      -87198.0029
     387.000      -87145.2577
     387.500      -87327.7817
     388.000      -87012.6232
     388.500      -87043.2686
     389.000      -87404.3164
     389.500      -87260.4925
     390.000      -86993.7857
     390.500      -86878.2056
     391.000      -87041.5331
     391.500      -87028.5941
     392.000      -87233.1000
     392.500      -87190.4946
     393.000      -87353.2333
     393.500      -86942.8888
     394.000      -86883.2085
     394.500      -86734.3830
     395.000      -87327.7069
     395.500      -86946.6995
     396.000      -87027.6401
     396.500      -86961.1880
     397.000      -87351.1465
     397.500      -87158.1427
     398.000      -87423.8953
     398.500      -87427.1599
     399.000      -87186.8812
     399.500      -87077.7032
     400.000      -87046.3679
