       0.000       0.00
       0.500       3.42
       1.000       5.26
       1.500       7.34
       2.000       9.78
       2.500      12.31
       3.000      14.70
       3.500      17.30
       4.000      19.48
       4.500      21.95
       5.000      24.76
       5.500      27.07
       6.000      29.83
       6.500      32.05
       7.000      34.08
       7.500      37.19
       8.000      39.20
       8.500      42.22
       9.000      44.28
       9.500      47.13
      10.000      49.89
      10.500      51.71
      11.000      53.96
      11.500      56.91
      12.000      59.86
      12.500      61.45
      13.000      64.61
      13.500      66.84
      14.000      69.76
      14.500      72.13
      15.000      75.22
      15.500      76.38
      16.000      79.52
      16.500      81.48
      17.000      84.41
      17.500      86.73
      18.000      89.36
      18.500      92.87
      19.000      93.80
      19.500      95.05
      20.000      99.30
      20.500     100.75
      21.000     103.27
      21.500     102.86
      22.000     105.01
      22.500     106.21
      23.000     106.06
      23.500     107.80
      24.000     109.30
      24.500     111.58
      25.000     112.86
      25.500     113.15
      26.000     114.57
      26.500     116.35
      27.000     118.01
      27.500     118.77
      28.000     120.28
      28.500     121.50
      29.000     122.78
      29.500     123.08
      30.000     126.47
      30.500     127.13
      31.000     127.63
      31.500     128.47
      32.000     129.64
      32.500     130.38
      33.000     131.36
      33.500     133.90
      34.000     135.33
      34.500     135.51
      35.000     137.75
      35.500     139.59
      36.000     138.56
      36.500     141.10
      37.000     143.58
      37.500     142.80
      38.000     144.65
      38.500     145.08
      39.000     146.05
      39.500     148.47
      40.000     150.47
      40.500     150.28
      41.000     151.47
      41.500     152.78
      42.000     154.92
      42.500     157.38
      43.000     157.61
      43.500     159.01
      44.000     158.99
      44.500     160.92
      45.000     161.22
      45.500     163.53
      46.000     164.45
      46.500     164.89
      47.000     166.62
      47.500     169.14
      48.000     169.03
      48.500     173.74
      49.000     172.04
      49.500     175.16
      50.000     174.34
      50.500     174.40
      51.000     177.10
      51.500     179.58
      52.000     180.30
      52.500     181.69
      53.000     182.87
      53.500     184.15
      54.000     187.88
      54.500     186.97
      55.000     187.38
      55.500     188.58
      56.000     191.95
      56.500     190.87
      57.000     191.90
      57.500     191.77
      58.000     195.45
      58.500     196.24
      59.000     195.80
      59.500     198.88
      60.000     199.15
      60.500     201.11
      61.000     200.93
      61.500     202.47
      62.000     202.00
      62.500     202.66
      63.000     204.78
      63.500     203.94
      64.000     206.10
      64.500     203.71
      65.000     206.12
      65.500     208.28
      66.000     206.37
      66.500     209.17
      67.000     207.40
      67.500     207.97
      68.000     209.21
      68.500     208.58
      69.000     212.39
      69.500     211.44
      70.000     211.99
      70.500     212.08
      71.000     214.44
      71.500     215.21
      72.000     215.04
      72.500     215.05
      73.000     215.03
      73.500     216.43
      74.000     215.54
      74.500     217.99
      75.000     216.23
      75.500     219.80
      76.000     221.23
      76.500     222.03
      77.000     224.47
      77.500     222.10
      78.000     222.83
      78.500     223.67
      79.000     222.51
      79.500     223.75
      80.000     226.67
      80.500     227.65
      81.000     227.68
      81.500     224.14
      82.000     226.33
      82.500     226.54
      83.000     229.37
      83.500     228.67
      84.000     230.28
      84.500     232.38
      85.000     231.11
      85.500     231.99
      86.000     231.98
      86.500     233.99
      87.000     236.37
      87.500     234.87
      88.000     232.73
      88.500     233.68
      89.000     238.58
      89.500     236.54
      90.000     235.36
      90.500     238.35
      91.000     237.60
      91.500     239.65
      92.000     238.42
      92.500     238.06
      93.000     238.27
      93.500     241.46
      94.000     244.49
      94.500     243.87
      95.000     240.55
      95.500     241.31
      96.000     243.26
      96.500     246.28
      97.000     247.36
      97.500     247.38
      98.000     245.83
      98.500     248.57
      99.000     248.20
      99.500     247.59
     100.000     247.54
     100.500     249.43
     101.000     248.62
     101.500     252.62
     102.000     251.49
     102.500     251.42
     103.000     253.93
     103.500     257.70
     104.000     253.54
     104.500     254.56
     105.000     254.82
     105.500     257.46
     106.000     257.44
     106.500     259.38
     107.000     260.31
     107.500     256.62
     108.000     261.60
     108.500     259.64
     109.000     258.36
     109.500     260.95
     110.000     263.24
     110.500     263.64
     111.000     264.58
     111.500     265.66
     112.000     265.55
     112.500     265.46
     113.000     263.96
     113.500     266.99
     114.000     265.96
     114.500     266.61
     115.000     269.36
     115.500     267.41
     116.000     271.94
     116.500     270.47
     117.000     269.98
     117.500     268.74
     118.000     271.89
     118.500     273.15
     119.000     272.90
     119.500     272.33
     120.000     274.79
     120.500     274.87
     121.000     276.63
     121.500     277.71
     122.000     275.47
     122.500     278.56
     123.000     279.07
     123.500     280.09
     124.000     280.28
     124.500     279.97
     125.000     277.31
     125.500     277.48
     126.000     284.28
     126.500     285.77
     127.000     285.34
     127.500     284.71
     128.000     282.39
     128.500     287.30
     129.000     285.77
     129.500     283.45
     130.000     287.72
     130.500     284.84
     131.000     288.30
     131.500     289.59
     132.000     289.61
     132.500     291.62
     133.000     289.57
     133.500     293.97
     134.000     292.72
     134.500     292.79
     135.000     293.25
     135.500     293.20
     136.000     293.14
     136.500     295.99
     137.000     295.63
     137.500     297.99
     138.000     298.45
     138.500     295.07
     139.000     296.89
     139.500     300.54
     140.000     297.86
     140.500     300.21
     141.000     298.10
     141.500     298.92
     142.000     302.92
     142.500     301.80
     143.000     300.81
     143.500     297.38
     144.000     301.24
     144.500     298.64
     145.000     299.75
     145.500     301.05
     146.000     298.55
     146.500     298.30
     147.000     300.06
     147.500     305.15
     148.000     297.70
     148.500     299.97
     149.000     300.43
     149.500     301.44
     150.000     301.73
     150.500     297.19
     151.000     300.26
     151.500     300.81
     152.000     299.48
     152.500     301.64
     153.000     299.47
     153.500     297.35
     154.000     301.12
     154.500     299.03
     155.000     299.58
     155.500     302.52
     156.000     300.36
     156.500     301.40
     157.000     298.87
     157.500     298.95
     158.000     301.23
     158.500     298.15
     159.000     297.73
     159.500     300.35
     160.000     295.36
     160.500     304.02
     161.000     302.38
     161.500     302.52
     162.000     300.93
     162.500     300.59
     163.000     303.37
     163.500     300.69
     164.000     298.36
     164.500     302.46
     165.000     298.09
     165.500     300.32
     166.000     302.22
     166.500     298.35
     167.000     298.97
     167.500     300.66
     168.000     301.20
     168.500     301.53
     169.000     300.87
     169.500     301.82
     170.000     300.01
     170.500     299.69
     171.000     301.41
     171.500     299.11
     172.000     302.35
     172.500     296.73
     173.000     299.34
     173.500     301.78
     174.000     298.82
     174.500     298.34
     175.000     295.95
     175.500     295.10
     176.000     298.52
     176.500     302.02
     177.000     299.60
     177.500     300.34
     178.000     300.03
     178.500     299.73
     179.000     301.05
     179.500     305.25
     180.000     303.43
     180.500     300.49
     181.000     300.65
     181.500     299.62
     182.000     300.60
     182.500     299.98
     183.000     297.97
     183.500     303.74
     184.000     297.45
     184.500     303.05
     185.000     295.48
     185.500     300.14
     186.000     301.22
     186.500     299.09
     187.000     301.88
     187.500     299.33
     188.000     298.33
     188.500     302.24
     189.000     303.91
     189.500     299.03
     190.000     301.61
     190.500     301.09
     191.000     300.22
     191.500     301.96
     192.000     298.16
     192.500     300.02
     193.000     297.30
     193.500     297.20
     194.000     304.14
     194.500     300.30
     195.000     299.54
     195.500     298.63
     196.000     299.18
     196.500     303.63
     197.000     301.95
     197.500     295.57
     198.000     298.09
     198.500     297.87
     199.000     300.37
     199.500     303.17
     200.000     301.70
     200.500     302.80
     201.000     302.67
     201.500     300.29
     202.000     299.87
     202.500     296.60
     203.000     300.16
     203.500     300.04
     204.000     296.95
     204.500     304.64
     205.000     298.90
     205.500     298.55
     206.000     301.55
     206.500     296.89
     207.000     300.78
     207.500     301.11
     208.000     298.28
     208.500     300.27
     209.000     300.17
     209.500     302.43
     210.000     303.76
     210.500     301.26
     211.000     297.96
     211.500     302.28
     212.000     303.11
     212.500     298.33
     213.000     297.98
     213.500     298.15
     214.000     301.70
     214.500     298.32
     215.000     301.64
     215.500     301.38
     216.000     299.44
     216.500     298.71
     217.000     299.45
     217.500     298.52
     218.000     303.43
     218.500     300.61
     219.000     303.34
     219.500     295.73
     220.000     300.31
     220.500     295.38
     221.000     299.18
     221.500     298.84
     222.000     298.72
     222.500     297.56
     223.000     298.16
     223.500     298.72
     224.000     299.95
     224.500     297.05
     225.000     299.03
     225.500     299.14
     226.000     295.47
     226.500     301.00
     227.000     299.41
     227.500     300.17
     228.000     296.35
     228.500     300.64
     229.000     300.10
     229.500     301.13
     230.000     298.06
     230.500     301.70
     231.000     301.04
     231.500     301.66
     232.000     303.64
     232.500     298.91
     233.000     301.94
     233.500     301.17
     234.000     298.38
     234.500     299.00
     235.000     300.14
     235.500     302.46
     236.000     299.92
     236.500     298.99
     237.000     298.35
     237.500     302.70
     238.000     301.94
     238.500     297.60
     239.000     297.76
     239.500     300.17
     240.000     299.00
     240.500     299.41
     241.000     299.77
     241.500     297.72
     242.000     302.34
     242.500     299.74
     243.000     300.17
     243.500     300.68
     244.000     299.95
     244.500     299.99
     245.000     301.91
     245.500     299.92
     246.000     297.11
     246.500     298.63
     247.000     299.05
     247.500     300.72
     248.000     301.21
     248.500     302.37
     249.000     299.84
     249.500     300.58
     250.000     301.44
     250.500     299.96
     251.000     301.60
     251.500     297.21
     252.000     297.18
     252.500     301.04
     253.000     297.74
     253.500     298.40
     254.000     298.16
     254.500     299.84
     255.000     300.30
     255.500     300.65
     256.000     302.71
     256.500     299.40
     257.000     299.13
     257.500     295.73
     258.000     300.84
     258.500     296.06
     259.000     300.28
     259.500     301.67
     260.000     301.14
     260.500     300.90
     261.000     300.63
     261.500     301.47
     262.000     302.32
     262.500     297.62
     263.000     299.90
     263.500     300.67
     264.000     300.85
     264.500     298.33
     265.000     299.55
     265.500     298.66
     266.000     301.17
     266.500     299.74
     267.000     301.41
     267.500     300.18
     268.000     300.13
     268.500     300.11
     269.000     304.20
     269.500     299.31
     270.000     300.83
     270.500     299.66
     271.000     302.13
     271.500     297.04
     272.000     299.82
     272.500     300.28
     273.000     301.79
     273.500     300.66
     274.000     301.83
     274.500     299.55
     275.000     300.54
     275.500     301.23
     276.000     299.88
     276.500     300.13
     277.000     301.12
     277.500     300.36
     278.000     300.10
     278.500     300.01
     279.000     299.78
     279.500     298.45
     280.000     301.30
     280.500     302.77
     281.000     299.83
     281.500     297.54
     282.000     296.31
     282.500     300.27
     283.000     301.97
     283.500     300.67
     284.000     299.88
     284.500     297.97
     285.000     298.96
     285.500     301.95
     286.000     297.84
     286.500     298.73
     287.000     303.23
     287.500     302.54
     288.000     300.96
     288.500     299.81
     289.000     304.28
     289.500     303.31
     290.000     298.68
     290.500     301.94
     291.000     299.60
     291.500     299.62
     292.000     299.71
     292.500     302.27
     293.000     302.14
     293.500     304.95
     294.000     303.02
     294.500     299.78
     295.000     297.49
     295.500     300.92
     296.000     299.62
     296.500     301.32
     297.000     299.00
     297.500     300.54
     298.000     304.96
     298.500     299.98
     299.000     299.99
     299.500     298.61
     300.000     298.14
     300.500     297.98
     301.000     298.12
     301.500     300.14
     302.000     297.69
     302.500     298.87
     303.000     303.95
     303.500     299.70
     304.000     301.02
     304.500     299.68
     305.000     300.31
     305.500     298.79
     306.000     302.11
     306.500     299.41
     307.000     301.43
     307.500     303.37
     308.000     299.62
     308.500     295.29
     309.000     298.21
     309.500     301.84
     310.000     301.52
     310.500     304.16
     311.000     301.93
     311.500     301.18
     312.000     302.35
     312.500     300.23
     313.000     298.69
     313.500     301.03
     314.000     301.86
     314.500     301.30
     315.000     303.31
     315.500     301.11
     316.000     299.33
     316.500     298.52
     317.000     300.34
     317.500     299.91
     318.000     302.49
     318.500     298.78
     319.000     298.91
     319.500     299.25
     320.000     302.59
     320.500     298.25
     321.000     299.56
     321.500     298.24
     322.000     299.21
     322.500     298.60
     323.000     304.56
     323.500     301.47
     324.000     302.46
     324.500     302.34
     325.000     299.84
     325.500     303.25
     326.000     301.71
     326.500     301.34
     327.000     301.38
     327.500     299.20
     328.000     301.13
     328.500     294.44
     329.000     300.23
     329.500     303.11
     330.000     297.92
     330.500     299.56
     331.000     297.00
     331.500     295.40
     332.000     298.12
     332.500     296.07
     333.000     297.13
     333.500     301.77
     334.000     298.51
     334.500     298.72
     335.000     302.66
     335.500     299.47
     336.000     300.53
     336.500     303.35
     337.000     300.69
     337.500     300.39
     338.000     300.84
     338.500     298.84
     339.000     301.65
     339.500     299.60
     340.000     297.45
     340.500     298.94
     341.000     300.47
     341.500     299.59
     342.000     297.98
     342.500     302.79
     343.000     301.03
     343.500     299.02
     344.000     300.95
     344.500     303.56
     345.000     299.76
     345.500     299.63
     346.000     299.82
     346.500     301.17
     347.000     299.66
     347.500     298.82
     348.000     299.32
     348.500     298.90
     349.000     300.39
     349.500     302.46
     350.000     301.06
     350.500     300.79
     351.000     298.59
     351.500     298.92
     352.000     299.79
     352.500     299.19
     353.000     300.22
     353.500     298.58
     354.000     299.14
     354.500     301.76
     355.000     300.75
     355.500     300.78
     356.000     299.87
     356.500     302.38
     357.000     299.18
     357.500     299.55
     358.000     300.23
     358.500     298.94
     359.000     300.55
     359.500     298.79
     360.000     301.60
     360.500     299.01
     361.000     299.14
     361.500     302.03
     362.000     299.66
     362.500     299.20
     363.000     300.62
     363.500     303.01
     364.000     303.11
     364.500     299.30
     365.000     300.84
     365.500     302.07
     366.000     299.73
     366.500     299.64
     367.000     301.74
     367.500     300.62
     368.000     300.17
     368.500     298.87
     369.000     299.70
     369.500     301.32
     370.000     301.35
     370.500     299.14
     371.000     299.67
     371.500     301.63
     372.000     299.07
     372.500     299.38
     373.000     301.64
     373.500     302.84
     374.000     301.03
     374.500     300.79
     375.000     300.21
     375.500     299.90
     376.000     301.28
     376.500     300.96
     377.000     298.61
     377.500     299.37
     378.000     299.83
     378.500     299.31
     379.000     299.99
     379.500     300.86
     380.000     299.64
     380.500     297.76
     381.000     301.40
     381.500     299.53
     382.000     298.94
     382.500     300.74
     383.000     300.84
     383.500     298.91
     384.000     300.95
     384.500     298.56
     385.000     299.37
     385.500     297.69
     386.000     301.87
     386.500     301.68
     387.000     301.78
     387.500     300.21
     388.000     299.36
     388.500     301.38
     389.000     295.93
     389.500     301.41
     390.000     301.89
     390.500     301.06
     391.000     302.63
     391.500     304.63
     392.000     297.69
     392.500     299.63
     393.000     296.17
     393.500     300.20
     394.000     297.80
     394.500     302.46
     395.000     295.89
     395.500     301.13
     396.000     300.70
     396.500     300.06
     397.000     298.09
     397.500     300.66
     398.000     298.96
     398.500     298.02
     399.000     298.85
     399.500     302.62
     400.000     302.93
