       0.000           0.0000
       0.500         244.9788
       1.000         351.3791
       1.500         497.0083
       2.000         659.4512
       2.500         828.8125
       3.000         998.8839
       3.500        1169.6945
       4.000        1328.2852
       4.500        1503.6003
       5.000        1665.1899
       5.500        1848.8499
       6.000        2021.5062
       6.500        2199.1345
       7.000        2331.7871
       7.500        2522.9429
       8.000        2680.3501
       8.500        2867.6926
       9.000        3018.9910
       9.500        3198.1511
      10.000        3381.9504
      10.500        3549.8413
      11.000        3720.6985
      11.500        3895.2163
      12.000        4021.0322
      12.500        4225.5654
      13.000        4403.7378
      13.500        4530.5195
      14.000        4773.8433
      14.500        4898.0850
      15.000        5084.8633
      15.500        5242.4102
      16.000        5438.5474
      16.500        5564.3755
      17.000        5759.2441
      17.500        5875.7153
      18.000        6152.0449
      18.500        6229.4756
      19.000        6360.4668
      19.500        6579.2754
      20.000        6711.3760
      20.500        6876.0908
      21.000        6988.9956
      21.500        7038.7485
      22.000        7108.1123
      22.500        7235.6382
      23.000        7296.5298
      23.500        7363.4277
      24.000        7458.1650
      24.500        7511.7075
      25.000        7693.6978
      25.500        7736.4619
      26.000        7824.8706
      26.500        7932.4922
      27.000        8013.9727
      27.500        8055.3906
      28.000        8200.1406
      28.500        8234.2676
      29.000        8347.1611
      29.500        8465.7578
      30.000        8423.7510
      30.500        8557.1064
      31.000        8610.6035
      31.500        8712.7812
      32.000        8785.4727
      32.500        8918.8184
      33.000        9041.4561
      33.500        9110.0537
      34.000        9137.4004
      34.500        9310.6250
      35.000        9280.8262
      35.500        9382.2100
      36.000        9464.8516
      36.500        9686.2539
      37.000        9686.7402
      37.500        9724.6562
      38.000        9791.4531
      38.500        9930.9424
      39.000       10051.7910
      39.500       10028.0654
      40.000       10093.6865
      40.500       10349.9150
      41.000       10350.1045
      41.500       10495.7832
      42.000       10605.9268
      42.500       10632.9062
      43.000       10666.8359
      43.500       10782.9736
      44.000       10900.8984
      44.500       10971.8281
      45.000       11048.3418
      45.500       11061.5400
      46.000       11225.7617
      46.500       11215.4131
      47.000       11320.5410
      47.500       11430.3594
      48.000       11584.0469
      48.500       11620.2852
      49.000       11834.0244
      49.500       11839.0752
      50.000       11944.5527
      50.500       12002.3076
      51.000       12051.1455
      51.500       12125.3555
      52.000       12301.9053
      52.500       12278.0078
      53.000       12459.4932
      53.500       12449.9912
      54.000       12591.0215
      54.500       12614.8584
      55.000       12622.1904
      55.500       12794.0723
      56.000       12933.0684
      56.500       13162.6514
      57.000       13052.6934
      57.500       13125.0723
      58.000       13203.9131
      58.500       13200.9941
      59.000       13359.0605
      59.500       13487.1562
      60.000       13497.1641
      60.500       13599.4131
      61.000       13686.8770
      61.500       13674.3281
      62.000       13953.4746
      62.500       13675.5527
      63.000       13931.4570
      63.500       13815.6816
      64.000       14040.1797
      64.500       13870.1631
      65.000       13925.0801
      65.500       14032.3311
      66.000       14143.1289
      66.500       14201.2754
      67.000       14173.9307
      67.500       14190.3232
      68.000       14341.1660
      68.500       14358.0244
      69.000       14178.0068
      69.500       14385.5674
      70.000       14419.1807
      70.500       14503.0977
      71.000       14516.2861
      71.500       14669.8984
      72.000       14587.8623
      72.500       14628.9375
      73.000       14604.6084
      73.500       14725.4053
      74.000       14867.5381
      74.500       14920.8398
      75.000       14877.8906
      75.500       14892.8057
      76.000       14831.3076
      76.500       15016.6191
      77.000       14957.3086
      77.500       15148.4082
      78.000       14979.0859
      78.500       15099.1025
      79.000       15210.7656
      79.500       15315.8389
      80.000       15309.3867
      80.500       15413.7246
      81.000       15313.8848
      81.500       15405.0146
      82.000       15586.6455
      82.500       15537.8291
      83.000       15510.9463
      83.500       15700.3213
      84.000       15546.9707
      84.500       15666.4658
      85.000       15716.7793
      85.500       15775.1855
      86.000       15819.6621
      86.500       15788.6826
      87.000       15820.2393
      87.500       15952.2588
      88.000       15958.2432
      88.500       16058.3809
      89.000       16024.2383
      89.500       15973.8779
      90.000       16148.8340
      90.500       16153.5576
      91.000       16193.3359
      91.500       16235.7217
      92.000       16359.4512
      92.500       16464.0742
      93.000       16450.1191
      93.500       16459.2363
      94.000       16617.9375
      94.500       16578.9551
      95.000       16514.1660
      95.500       16576.4102
      96.000       16721.7246
      96.500       16734.2852
      97.000       16874.7539
      97.500       16771.3027
      98.000       16859.9805
      98.500       16824.4883
      99.000       17087.5410
      99.500       16846.1211
     100.000       17318.5449
     100.500       17042.1660
     101.000       17059.2871
     101.500       17118.9492
     102.000       17184.8262
     102.500       17142.9375
     103.000       17287.2344
     103.500       17190.3047
     104.000       17344.1719
     104.500       17326.9043
     105.000       17452.7344
     105.500       17475.9805
     106.000       17494.5859
     106.500       17542.9316
     107.000       17674.8574
     107.500       17776.4805
     108.000       17651.2500
     108.500       17750.2891
     109.000       17749.8730
     109.500       17725.4043
     110.000       17857.8867
     110.500       17863.0312
     111.000       17788.7324
     111.500       18047.1016
     112.000       17913.2910
     112.500       17891.5898
     113.000       18056.6973
     113.500       18043.0996
     114.000       18291.8281
     114.500       18251.8633
     115.000       18281.9961
     115.500       18237.0371
     116.000       18337.4961
     116.500       18443.7324
     117.000       18377.5859
     117.500       18401.3750
     118.000       18523.4102
     118.500       18594.6602
     119.000       18687.2539
     119.500       18933.2812
     120.000       18749.8594
     120.500       18441.9570
     121.000       18836.0566
     121.500       18854.1113
     122.000       18796.5410
     122.500       18976.3398
     123.000       18933.6191
     123.500       18825.6250
     124.000       18932.7988
     124.500       18879.1016
     125.000       19204.9805
     125.500       19113.2656
     126.000       19289.7930
     126.500       19148.6680
     127.000       19525.4922
     127.500       19305.2031
     128.000       19423.8496
     128.500       19431.8379
     129.000       19310.9473
     129.500       19589.7422
     130.000       19563.4316
     130.500       19443.9648
     131.000       19501.1758
     131.500       19643.0098
     132.000       19649.2598
     132.500       19582.6211
     133.000       19681.3789
     133.500       19881.0469
     134.000       19832.9785
     134.500       20150.5176
     135.000       20047.1621
     135.500       19949.3594
     136.000       20122.2949
     136.500       20080.6934
     137.000       19903.3984
     137.500       20291.0391
     138.000       20163.5254
     138.500       20268.2930
     139.000       20312.8301
     139.500       20406.9863
     140.000       20272.9434
     140.500       20206.2422
     141.000       20336.7129
     141.500       20406.2012
     142.000       20409.3516
     142.500       20426.0859
     143.000       20271.3359
     143.500       20365.9824
     144.000       20446.5098
     144.500       20278.8340
     145.000       20488.5332
     145.500       20417.2773
     146.000       20376.9961
     146.500       20379.0879
     147.000       20354.5625
     147.500       20358.8086
     148.000       20330.3594
     148.500       20585.7988
     149.000       20539.1035
     149.500       20404.9922
     150.000       20353.6836
     150.500       20379.8203
     151.000       20341.5078
     151.500       20322.5859
     152.000       20483.2578
     152.500       20336.8711
     153.000       20428.8984
     153.500       20340.7246
     154.000       20412.8535
     154.500       20389.7109
     155.000       20512.1367
     155.500       20355.3105
     156.000       20372.6348
     156.500       20374.0332
     157.000       20405.6914
     157.500       20365.0547
     158.000       20322.9492
     158.500       20422.9121
     159.000       20354.5195
     159.500       20340.0977
     160.000       20323.5449
     160.500       20405.5703
     161.000       20710.9746
     161.500       20614.7598
     162.000       20364.4668
     162.500       20297.5078
     163.000       20355.2188
     163.500       20357.1836
     164.000       20433.0000
     164.500       20535.9219
     165.000       20407.9277
     165.500       20469.8691
     166.000       20405.4980
     166.500       20480.3750
     167.000       20385.9023
     167.500       20465.5820
     168.000       20465.2070
     168.500       20493.3984
     169.000       20594.7207
     169.500       20438.9238
     170.000       20462.6543
     170.500       20366.6191
     171.000       20379.0684
     171.500       20479.2969
     172.000       20372.5859
     172.500       20588.4043
     173.000       20271.7832
     173.500       20260.9766
     174.000       20265.5254
     174.500       20328.1621
     175.000       20375.3867
     175.500       20335.0781
     176.000       20441.3438
     176.500       20261.3242
     177.000       20373.7148
     177.500       20211.3789
     178.000       20531.1680
     178.500       20511.6738
     179.000       20278.6523
     179.500       20421.0566
     180.000       20471.0039
     180.500       20076.1621
     181.000       20397.5039
     181.500       20158.1094
     182.000       20351.4844
     182.500       20234.6719
     183.000       20490.3691
     183.500       20525.2227
     184.000       20281.4883
     184.500       20301.4707
     185.000       20563.5156
     185.500       20461.7363
     186.000       20486.9434
     186.500       20294.0566
     187.000       20472.3809
     187.500       20326.0879
     188.000       20554.1211
     188.500       20429.7695
     189.000       20410.4375
     189.500       20342.1113
     190.000       20507.0293
     190.500       20461.1953
     191.000       20203.2285
     191.500       20372.1406
     192.000       20368.7832
     192.500       20477.7598
     193.000       20318.9180
     193.500       20479.8418
     194.000       20352.6113
     194.500       20256.9434
     195.000       20436.4707
     195.500       20518.3828
     196.000       20413.5098
     196.500       20386.8027
     197.000       20526.2031
     197.500       20361.6641
     198.000       20450.9707
     198.500       20293.1270
     199.000       20729.2344
     199.500       20494.2266
     200.000       20364.4316
     200.500       20571.3359
     201.000       20334.0918
     201.500       20321.9609
     202.000       20367.4219
     202.500       20355.4883
     203.000       20372.2578
     203.500       20453.0566
     204.000       20329.3613
     204.500       20085.0273
     205.000       20406.2695
     205.500       20357.1797
     206.000       20393.6152
     206.500       20449.9473
     207.000       20391.2578
     207.500       20276.9121
     208.000       20583.8223
     208.500       20328.0957
     209.000       20286.1094
     209.500       20285.8945
     210.000       20431.1680
     210.500       20321.9668
     211.000       20269.4609
     211.500       20432.5332
     212.000       20516.1758
     212.500       20482.7734
     213.000       20374.8164
     213.500       20447.3340
     214.000       20426.2129
     214.500       20441.7891
     215.000       20557.8828
     215.500       20267.7852
     216.000       20429.3418
     216.500       20465.4922
     217.000       20255.9863
     217.500       20303.0820
     218.000       20286.6094
     218.500       20282.1152
     219.000       20349.1328
     219.500       20351.0254
     220.000       20357.5000
     220.500       20412.0410
     221.000       20544.2168
     221.500       20332.5371
     222.000       20341.8887
     222.500       20599.8105
     223.000       20479.4844
     223.500       20358.3789
     224.000       20544.7812
     224.500       20304.6504
     225.000       20528.3633
     225.500       20383.8496
     226.000       20460.8379
     226.500       20384.4375
     227.000       20387.8398
     227.500       20383.5625
     228.000       20265.6250
     228.500       20131.6621
     229.000       20562.5469
     229.500       20387.1152
     230.000       20506.9316
     230.500       20235.1484
     231.000       20235.3418
     231.500       20296.4531
     232.000       20280.4102
     232.500       20490.2559
     233.000       20446.5273
     233.500       20449.7422
     234.000       20395.8535
     234.500       20296.3379
     235.000       20285.4512
     235.500       20445.3203
     236.000       20365.4824
     236.500       20262.1738
     237.000       20367.5527
     237.500       20638.7168
     238.000       20352.1738
     238.500       20416.6738
     239.000       20412.4414
     239.500       20615.9805
     240.000       20325.4434
     240.500       20385.8926
     241.000       20312.6113
     241.500       20251.8809
     242.000       20506.3984
     242.500       20263.5898
     243.000       20278.5410
     243.500       20373.9102
     244.000       20403.8770
     244.500       20256.8418
     245.000       20476.8301
     245.500       20654.0312
     246.000       20507.5898
     246.500       20270.3398
     247.000       20482.3145
     247.500       20549.7129
     248.000       20465.6074
     248.500       20466.9785
     249.000       20173.7617
     249.500       20342.7949
     250.000       20508.8262
     250.500       20366.8789
     251.000       20406.0781
     251.500       20320.8809
     252.000       20397.0527
     252.500       20347.3125
     253.000       20487.9004
     253.500       20334.5195
     254.000       20254.2031
     254.500       20363.5664
     255.000       20303.6289
     255.500       20452.6660
     256.000       20362.2812
     256.500       20607.1367
     257.000       20542.1562
     257.500       20325.7090
     258.000       20660.1152
     258.500       20145.0527
     259.000       20458.4961
     259.500       20305.8320
     260.000       20484.3320
     260.500       20216.7148
     261.000       20481.1875
     261.500       20478.2852
     262.000       20418.0488
     262.500       20482.7949
     263.000       20393.0117
     263.500       20387.8457
     264.000       20553.2910
     264.500       20534.5391
     265.000       20474.6289
     265.500       20513.4531
     266.000       20330.1035
     266.500       20462.2207
     267.000       20632.3535
     267.500       20353.7324
     268.000       20403.1035
     268.500       20472.2773
     269.000       20538.3613
     269.500       20435.5723
     270.000       20352.7266
     270.500       20333.7090
     271.000       20257.1855
     271.500       20358.9160
     272.000       20363.6953
     272.500       20382.9492
     273.000       20358.4219
     273.500       20627.1816
     274.000       20239.7656
     274.500       20477.8457
     275.000       20380.7363
     275.500       20500.1543
     276.000       20346.3887
     276.500       20235.0938
     277.000       20603.9336
     277.500       20391.5508
     278.000       20497.1016
     278.500       20504.2734
     279.000       20378.1465
     279.500       20288.5215
     280.000       20219.0762
     280.500       20342.6348
     281.000       20072.9902
     281.500       20510.2734
     282.000       20344.7949
     282.500       20465.7363
     283.000       20377.9453
     283.500       20213.6016
     284.000       20557.3965
     284.500       20460.7969
     285.000       20436.2441
     285.500       20402.8164
     286.000       20342.8418
     286.500       20422.3809
     287.000       20448.7266
     287.500       20460.9824
     288.000       20303.2559
     288.500       20468.5039
     289.000       20383.3262
     289.500       20419.7188
     290.000       20449.9648
     290.500       20525.0898
     291.000       20498.2344
     291.500       20450.0996
     292.000       20542.3438
     292.500       20416.3320
     293.000       20499.6562
     293.500       20283.7480
     294.000       20149.0840
     294.500       20221.8984
     295.000       20448.9395
     295.500       20473.7832
     296.000       20437.3906
     296.500       20124.5703
     297.000       20273.4609
     297.500       20358.7285
     298.000       20283.9238
     298.500       20409.7754
     299.000       20394.5488
     299.500       20559.7305
     300.000       20457.4062
     300.500       20316.6621
     301.000       20320.7031
     301.500       20385.6133
     302.000       20330.0273
     302.500       20486.2090
     303.000       20512.9297
     303.500       20465.6309
     304.000       20283.4434
     304.500       20457.0371
     305.000       20437.1621
     305.500       20548.5449
     306.000       20451.6445
     306.500       20474.5957
     307.000       20412.3047
     307.500       20395.6934
     308.000       20277.7520
     308.500       20384.9277
     309.000       20393.8574
     309.500       20434.6328
     310.000       20389.7656
     310.500       20256.1152
     311.000       20476.2129
     311.500       20598.5820
     312.000       20464.2031
     312.500       20616.9160
     313.000       20531.2930
     313.500       20361.0430
     314.000       20434.6094
     314.500       20410.0000
     315.000       20502.8516
     315.500       20377.2676
     316.000       20306.6387
     316.500       20291.5176
     317.000       20418.0332
     317.500       20091.4766
     318.000       20332.1680
     318.500       20491.3105
     319.000       20455.3789
     319.500       20375.9316
     320.000       20422.7988
     320.500       20335.3359
     321.000       20533.2207
     321.500       20383.6953
     322.000       20230.5664
     322.500       20497.7246
     323.000       20638.9805
     323.500       20316.2695
     324.000       20500.1348
     324.500       20317.9238
     325.000       20542.1094
     325.500       20233.6562
     326.000       20524.2012
     326.500       20254.3926
     327.000       20518.0703
     327.500       20327.0859
     328.000       20420.0918
     328.500       20306.9238
     329.000       20405.2773
     329.500       20257.5566
     330.000       20400.0547
     330.500       20443.1875
     331.000       20304.7969
     331.500       20401.2578
     332.000       20256.0273
     332.500       20437.6387
     333.000       20710.2520
     333.500       20354.7441
     334.000       20443.7695
     334.500       20389.7930
     335.000       20463.8320
     335.500       20445.0430
     336.000       20456.4902
     336.500       20346.7793
     337.000       20382.1973
     337.500       20374.2852
     338.000       20306.1719
     338.500       20441.1797
     339.000       20325.1543
     339.500       20660.7871
     340.000       20266.0859
     340.500       20301.3359
     341.000       20548.0781
     341.500       20462.9160
     342.000       20311.6211
     342.500       20349.2344
     343.000       20366.5586
     343.500       20250.0996
     344.000       20310.9258
     344.500       20424.3164
     345.000       20342.9883
     345.500       20514.2852
     346.000       20512.0137
     346.500       20398.0645
     347.000       20277.6953
     347.500       20306.9629
     348.000       20337.6543
     348.500       20128.8945
     349.000       20368.3008
     349.500       20427.4473
     350.000       20469.8105
     350.500       20300.5508
     351.000       20315.0527
     351.500       20262.2441
     352.000       20408.9238
     352.500       20358.2871
     353.000       20372.7734
     353.500       20371.1875
     354.000       20456.4434
     354.500       20420.3301
     355.000       20460.8633
     355.500       20378.5039
     356.000       20516.3555
     356.500       20466.9336
     357.000       20327.3887
     357.500       20432.3242
     358.000       20480.6562
     358.500       20439.4746
     359.000       20347.3633
     359.500       20428.3750
     360.000       20238.8203
     360.500       20119.2305
     361.000       20460.7227
     361.500       20117.2363
     362.000       20353.5859
     362.500       20286.8496
     363.000       20394.3359
     363.500       20378.6738
     364.000       20447.6504
     364.500       20516.6055
     365.000       20302.0000
     365.500       20257.6953
     366.000       20643.5039
     366.500       20427.3945
     367.000       20609.2832
     367.500       20214.0215
     368.000       20653.6465
     368.500       20348.6465
     369.000       20302.8574
     369.500       20286.8242
     370.000       20435.2246
     370.500       20502.1719
     371.000       20266.7617
     371.500       20373.4941
     372.000       20565.7793
     372.500       20477.2891
     373.000       20437.6582
     373.500       20474.2891
     374.000       20353.7109
     374.500       20616.1973
     375.000       20404.1836
     375.500       20341.9375
     376.000       20506.8809
     376.500       20328.7441
     377.000       20324.8203
     377.500       20448.1191
     378.000       20250.6055
     378.500       20407.2109
     379.000       20339.6348
     379.500       20268.5430
     380.000       20150.5332
     380.500       20427.5488
     381.000       20208.2461
     381.500       20297.6953
     382.000       20292.3809
     382.500       20374.8516
     383.000       20359.3242
     383.500       20489.7930
     384.000       20386.8320
     384.500       20406.1035
     385.000       20319.3496
     385.500       20476.1211
     386.000       20452.1934
     386.500       20327.0312
     387.000       20212.6230
     387.500       20327.0918
     388.000       20561.5977
     388.500       20493.4941
     389.000       20286.3828
     389.500       20547.5820
     390.000       20359.4160
     390.500       20504.8516
     391.000       20294.4648
     391.500       20334.2051
     392.000       20442.0586
     392.500       20482.9902
     393.000       20400.1250
     393.500       20430.1270
     394.000       20286.1445
     394.500       20394.1348
     395.000       20438.5703
     395.500       20326.1641
     396.000       20346.5801
     396.500       20375.9180
     397.000       20387.9277
     397.500       20263.9648
     398.000       20465.4434
     398.500       20334.8301
     399.000       20585.4102
     399.500       20550.5234
     400.000       20339.3730
