       0.000     -208593.3996
       0.500     -147948.3035
       1.000     -148372.0838
       1.500     -148524.8022
       2.000     -148537.1931
       2.500     -148490.9166
       3.000     -148445.9696
       3.500     -148392.1882
       4.000     -148348.7185
       4.500     -148258.9056
       5.000     -148161.3018
       5.500     -148052.9651
       6.000     -147956.1079
       6.500     -147846.1088
       7.000     -147742.3650
       7.500     -147632.6333
       8.000     -147538.6281
       8.500     -147400.6776
       9.000     -147291.8764
       9.500     -147187.8561
      10.000     -147057.0014
      10.500     -146947.3546
      11.000     -146841.4543
      11.500     -146717.1249
      12.000     -146577.2334
      12.500     -146445.3870
      13.000     -146321.9851
      13.500     -146173.6071
      14.000     -146071.6159
      14.500     -145960.5673
      15.000     -145798.9376
      15.500     -145623.5421
      16.000     -145500.1467
      16.500     -145378.0607
      17.000     -145270.4309
      17.500     -145133.5627
      18.000     -145030.0916
      18.500     -144802.4714
      19.000     -144716.5505
      19.500     -144552.7800
      20.000     -144456.9454
      20.500     -144367.3681
      21.000     -144243.6214
      21.500     -144217.9380
      22.000     -144265.3161
      22.500     -144197.1918
      23.000     -144197.4171
      23.500     -144060.7251
      24.000     -144103.0376
      24.500     -144018.6726
      25.000     -144035.3191
      25.500     -143990.9741
      26.000     -143920.1177
      26.500     -143813.0339
      27.000     -143782.2145
      27.500     -143745.5008
      28.000     -143649.8193
      28.500     -143508.9927
      29.000     -143583.8565
      29.500     -143428.2826
      30.000     -143445.2567
      30.500     -143432.9966
      31.000     -143329.6662
      31.500     -143227.4534
      32.000     -143266.0084
      32.500     -143230.0689
      33.000     -143087.6257
      33.500     -142939.2564
      34.000     -142914.1666
      34.500     -142827.8191
      35.000     -142694.6578
      35.500     -142759.2618
      36.000     -142645.0611
      36.500     -142530.5740
      37.000     -142600.8243
      37.500     -142481.1730
      38.000     -142391.8888
      38.500     -142362.7356
      39.000     -142436.4154
      39.500     -142205.2662
      40.000     -142132.4351
      40.500     -142189.6461
      41.000     -142086.5113
      41.500     -141971.2969
      42.000     -142030.8593
      42.500     -141884.3396
      43.000     -141763.8996
      43.500     -141842.0432
      44.000     -141590.1995
      44.500     -141549.5295
      45.000     -141390.2017
      45.500     -141349.0738
      46.000     -141192.0506
      46.500     -141171.7036
      47.000     -141057.3100
      47.500     -140999.0928
      48.000     -141080.6581
      48.500     -140861.8456
      49.000     -140681.9840
      49.500     -140717.4571
      50.000     -140697.8759
      50.500     -140657.5642
      51.000     -140537.5379
      51.500     -140479.9206
      52.000     -140401.6212
      52.500     -140275.8382
      53.000     -140101.5767
      53.500     -140232.7396
      54.000     -140040.6803
      54.500     -140036.0873
      55.000     -140039.7930
      55.500     -139809.2928
      56.000     -139832.4201
      56.500     -139780.0693
      57.000     -139586.2503
      57.500     -139550.3263
      58.000     -139308.3177
      58.500     -139320.8119
      59.000     -139303.2226
      59.500     -139173.4054
      60.000     -139212.8936
      60.500     -139035.6254
      61.000     -139007.1303
      61.500     -138926.5053
      62.000     -138818.9881
      62.500     -138863.6997
      63.000     -138841.3327
      63.500     -138813.8010
      64.000     -138836.3253
      64.500     -138700.5434
      65.000     -138757.9688
      65.500     -138647.4805
      66.000     -138806.6115
      66.500     -138679.2986
      67.000     -138690.5880
      67.500     -138556.5185
      68.000     -138565.9067
      68.500     -138497.2239
      69.000     -138429.9390
      69.500     -138497.4037
      70.000     -138500.8595
      70.500     -138319.6110
      71.000     -138281.5574
      71.500     -138221.1366
      72.000     -138265.5627
      72.500     -138237.9101
      73.000     -138136.5530
      73.500     -138142.2580
      74.000     -137991.3373
      74.500     -137999.5182
      75.000     -137825.1805
      75.500     -138013.9012
      76.000     -137894.9432
      76.500     -137784.1961
      77.000     -137747.9639
      77.500     -137891.9709
      78.000     -137768.0554
      78.500     -137688.2581
      79.000     -137541.6356
      79.500     -137547.7421
      80.000     -137561.1780
      80.500     -137770.5481
      81.000     -137493.7770
      81.500     -137407.7116
      82.000     -137522.7923
      82.500     -137367.3831
      83.000     -137352.3320
      83.500     -137342.0019
      84.000     -136999.7828
      84.500     -137144.3106
      85.000     -137081.5792
      85.500     -137019.5474
      86.000     -136802.1948
      86.500     -136860.7924
      87.000     -136811.5032
      87.500     -136552.2705
      88.000     -136787.9723
      88.500     -136692.1547
      89.000     -136667.5571
      89.500     -136635.9809
      90.000     -136556.2780
      90.500     -136463.2887
      91.000     -136552.2853
      91.500     -136248.6070
      92.000     -136233.1414
      92.500     -136405.8793
      93.000     -136311.6225
      93.500     -136266.5238
      94.000     -136082.0756
      94.500     -135957.7049
      95.000     -136104.7888
      95.500     -135930.0733
      96.000     -135856.8474
      96.500     -135918.1631
      97.000     -135790.7759
      97.500     -135838.9851
      98.000     -135617.4747
      98.500     -135826.9642
      99.000     -135652.3912
      99.500     -135551.6881
     100.000     -135285.7657
     100.500     -135359.3458
     101.000     -135111.4015
     101.500     -135050.7042
     102.000     -135053.4744
     102.500     -134887.9827
     103.000     -134878.0902
     103.500     -134682.7341
     104.000     -134789.8319
     104.500     -134573.2561
     105.000     -134560.0276
     105.500     -134569.1431
     106.000     -134420.4951
     106.500     -134374.6022
     107.000     -134381.7892
     107.500     -134216.7478
     108.000     -134142.4203
     108.500     -134182.4238
     109.000     -134002.3192
     109.500     -134158.5400
     110.000     -134241.4426
     110.500     -134079.8429
     111.000     -133803.7664
     111.500     -133535.4400
     112.000     -133603.6398
     112.500     -133466.0671
     113.000     -133338.1252
     113.500     -133253.7248
     114.000     -133223.4712
     114.500     -133336.5701
     115.000     -133152.2813
     115.500     -133117.2256
     116.000     -132974.2402
     116.500     -132849.9573
     117.000     -132809.9083
     117.500     -132798.7458
     118.000     -132910.6382
     118.500     -132570.9586
     119.000     -132494.2885
     119.500     -132107.1691
     120.000     -132428.4851
     120.500     -132251.8878
     121.000     -131816.4766
     121.500     -131813.8546
     122.000     -131710.6022
     122.500     -131694.8447
     123.000     -131754.4006
     123.500     -131620.3881
     124.000     -131328.5308
     124.500     -131094.6550
     125.000     -131022.5422
     125.500     -130868.0168
     126.000     -130732.3778
     126.500     -130818.6036
     127.000     -130894.0093
     127.500     -130671.4920
     128.000     -130706.7628
     128.500     -130500.6703
     129.000     -130442.2887
     129.500     -130505.4081
     130.000     -130103.5903
     130.500     -129980.1620
     131.000     -129666.9476
     131.500     -129690.9930
     132.000     -129808.1971
     132.500     -129287.7904
     133.000     -129186.8805
     133.500     -129022.1681
     134.000     -128894.6555
     134.500     -128747.9934
     135.000     -128668.9023
     135.500     -128557.2853
     136.000     -128217.7447
     136.500     -128180.0356
     137.000     -128064.6490
     137.500     -128068.0535
     138.000     -127907.7278
     138.500     -127638.3580
     139.000     -127493.4268
     139.500     -127287.3628
     140.000     -127353.0922
     140.500     -127281.3796
     141.000     -127156.4568
     141.500     -127287.8468
     142.000     -127075.6348
     142.500     -127059.2113
     143.000     -126926.1023
     143.500     -126834.1109
     144.000     -126834.7711
     144.500     -126894.0381
     145.000     -127130.4658
     145.500     -126911.8608
     146.000     -126927.5332
     146.500     -126849.2552
     147.000     -126697.5735
     147.500     -126762.5417
     148.000     -126752.7837
     148.500     -126992.5574
     149.000     -126641.9307
     149.500     -126477.7834
     150.000     -126653.7831
     150.500     -126766.3703
     151.000     -126789.4891
     151.500     -126277.5192
     152.000     -126536.1107
     152.500     -126671.3206
     153.000     -126635.3661
     153.500     -126411.8099
     154.000     -126495.6855
     154.500     -126696.2006
     155.000     -126868.4802
     155.500     -126908.2103
     156.000     -126771.8089
     156.500     -127121.5390
     157.000     -126951.1265
     157.500     -126750.7323
     158.000     -126835.2060
     158.500     -126636.3274
     159.000     -126718.0224
     159.500     -126608.6302
     160.000     -126309.7019
     160.500     -126605.9372
     161.000     -126309.8580
     161.500     -126486.8930
     162.000     -126406.7435
     162.500     -126567.4188
     163.000     -126440.2757
     163.500     -126486.1257
     164.000     -126210.9431
     164.500     -126491.8958
     165.000     -126483.4689
     165.500     -126293.9798
     166.000     -126305.0859
     166.500     -126465.3515
     167.000     -126348.0443
     167.500     -126588.2819
     168.000     -126807.1949
     168.500     -126574.1433
     169.000     -126506.2355
     169.500     -126936.1729
     170.000     -126498.0150
     170.500     -127142.5934
     171.000     -126814.0567
     171.500     -126720.7851
     172.000     -126731.5871
     172.500     -126663.0443
     173.000     -126906.2305
     173.500     -126705.2403
     174.000     -126822.7420
     174.500     -126892.4324
     175.000     -126437.7996
     175.500     -126720.4304
     176.000     -126642.7584
     176.500     -126662.1382
     177.000     -126808.9876
     177.500     -126754.1857
     178.000     -126903.8293
     178.500     -126668.6508
     179.000     -126399.0810
     179.500     -126866.6936
     180.000     -126712.3261
     180.500     -126816.6379
     181.000     -126509.6159
     181.500     -126623.7200
     182.000     -126514.4574
     182.500     -126624.0925
     183.000     -126665.7039
     183.500     -126783.3337
     184.000     -126635.8542
     184.500     -126814.7501
     185.000     -126617.3601
     185.500     -126616.8529
     186.000     -126639.9926
     186.500     -126908.7495
     187.000     -126837.3950
     187.500     -126779.5456
     188.000     -126598.2621
     188.500     -126829.7131
     189.000     -126753.6905
     189.500     -126804.6578
     190.000     -126842.8871
     190.500     -126692.9667
     191.000     -126749.2290
     191.500     -126746.4149
     192.000     -126694.9134
     192.500     -126850.0160
     193.000     -126602.9499
     193.500     -126491.5138
     194.000     -126764.4803
     194.500     -126858.6254
     195.000     -126507.3408
     195.500     -126486.2149
     196.000     -126763.4982
     196.500     -126423.6982
     197.000     -126816.4901
     197.500     -126510.6315
     198.000     -126582.5433
     198.500     -126584.0725
     199.000     -126623.5925
     199.500     -126654.5330
     200.000     -126410.0145
     200.500     -126680.5439
     201.000     -127053.6062
     201.500     -126628.6187
     202.000     -126741.3794
     202.500     -126860.3964
     203.000     -126799.7694
     203.500     -126841.5741
     204.000     -126856.9429
     204.500     -126738.4552
     205.000     -126791.8554
     205.500     -126600.6414
     206.000     -126706.1633
     206.500     -126546.8287
     207.000     -126647.3450
     207.500     -126817.0759
     208.000     -126913.8869
     208.500     -126780.0296
     209.000     -126955.8387
     209.500     -126819.1795
     210.000     -126463.1435
     210.500     -126573.5468
     211.000     -126843.9024
     211.500     -126724.3028
     212.000     -126721.1708
     212.500     -126430.6400
     213.000     -126359.2320
     213.500     -126213.0112
     214.000     -126436.8907
     214.500     -126576.3462
     215.000     -126477.9634
     215.500     -126528.7604
     216.000     -126624.3678
     216.500     -126680.2746
     217.000     -126419.0505
     217.500     -126694.5996
     218.000     -126657.4715
     218.500     -126482.4865
     219.000     -126478.1266
     219.500     -126517.1891
     220.000     -126542.4554
     220.500     -126733.9469
     221.000     -126530.6726
     221.500     -126590.3609
     222.000     -126442.5797
     222.500     -126567.7251
     223.000     -126678.2956
     223.500     -126825.0120
     224.000     -126889.4428
     224.500     -126735.6990
     225.000     -126527.3471
     225.500     -126522.8389
     226.000     -126723.7382
     226.500     -126606.7317
     227.000     -126629.7114
     227.500     -126640.6779
     228.000     -126657.8725
     228.500     -126721.3336
     229.000     -126669.1448
     229.500     -126592.5664
     230.000     -126768.8516
     230.500     -126753.3487
     231.000     -126574.9540
     231.500     -126830.8823
     232.000     -126327.7493
     232.500     -126507.5804
     233.000     -126622.5225
     233.500     -126664.8499
     234.000     -126569.6148
     234.500     -126577.7451
     235.000     -126753.9705
     235.500     -126725.7953
     236.000     -126943.5098
     236.500     -126681.3107
     237.000     -126615.0033
     237.500     -126552.0735
     238.000     -126175.2734
     238.500     -126205.3673
     239.000     -126013.6125
     239.500     -126327.5784
     240.000     -126470.1770
     240.500     -126482.5511
     241.000     -126205.1462
     241.500     -126412.6799
     242.000     -126700.4319
     242.500     -126669.9579
     243.000     -126845.1788
     243.500     -126460.4726
     244.000     -126657.6208
     244.500     -126541.9686
     245.000     -126166.3087
     245.500     -126475.6722
     246.000     -126749.6117
     246.500     -126575.5128
     247.000     -126594.1690
     247.500     -126466.6857
     248.000     -126704.6570
     248.500     -126999.7781
     249.000     -126866.5645
     249.500     -126935.3488
     250.000     -126718.6434
     250.500     -126716.6915
     251.000     -126607.5969
     251.500     -126667.3298
     252.000     -126764.9076
     252.500     -126518.6980
     253.000     -126445.5917
     253.500     -126634.2063
     254.000     -126855.6233
     254.500     -127132.5169
     255.000     -126403.6837
     255.500     -126625.0595
     256.000     -126841.0937
     256.500     -126718.0516
     257.000     -126793.8586
     257.500     -126585.6792
     258.000     -126454.8820
     258.500     -126504.0155
     259.000     -126633.1974
     259.500     -126451.7601
     260.000     -126308.5378
     260.500     -126279.1267
     261.000     -126425.0831
     261.500     -126613.5663
     262.000     -126296.9311
     262.500     -126644.8952
     263.000     -126561.7838
     263.500     -126698.2884
     264.000     -126706.8473
     264.500     -126557.0602
     265.000     -126571.5305
     265.500     -126783.1918
     266.000     -126337.7082
     266.500     -126325.7980
     267.000     -126422.9601
     267.500     -126542.7629
     268.000     -126330.5516
     268.500     -126488.5618
     269.000     -126807.6855
     269.500     -126659.0533
     270.000     -126532.0997
     270.500     -126551.3971
     271.000     -126771.4564
     271.500     -126710.2726
     272.000     -126691.7714
     272.500     -126670.7909
     273.000     -126931.2978
     273.500     -126781.3752
     274.000     -126892.4471
     274.500     -126569.4527
     275.000     -127002.8139
     275.500     -126776.6580
     276.000     -126733.9336
     276.500     -126812.8025
     277.000     -126760.4189
     277.500     -126865.9323
     278.000     -126770.4189
     278.500     -126605.9433
     279.000     -126903.4834
     279.500     -126795.9334
     280.000     -126857.3198
     280.500     -126581.0310
     281.000     -126559.8798
     281.500     -126807.1268
     282.000     -126576.8431
     282.500     -126678.0585
     283.000     -126717.8174
     283.500     -126487.5395
     284.000     -126868.7114
     284.500     -126786.8677
     285.000     -126679.2385
     285.500     -126713.0688
     286.000     -126921.0212
     286.500     -126738.6197
     287.000     -126977.3511
     287.500     -126746.1333
     288.000     -126647.5036
     288.500     -126609.7160
     289.000     -126910.0769
     289.500     -126824.7098
     290.000     -126761.3453
     290.500     -126788.6003
     291.000     -126661.1779
     291.500     -126709.0665
     292.000     -126685.1878
     292.500     -126889.6958
     293.000     -126606.4181
     293.500     -126656.7706
     294.000     -126932.3873
     294.500     -126845.4833
     295.000     -126949.4129
     295.500     -126828.3396
     296.000     -126865.2516
     296.500     -126780.0808
     297.000     -126762.6378
     297.500     -126659.6831
     298.000     -126372.1907
     298.500     -127023.1807
     299.000     -127123.1746
     299.500     -127112.4056
     300.000     -126766.6648
     300.500     -126976.1964
     301.000     -127042.5533
     301.500     -126857.7978
     302.000     -126667.9885
     302.500     -126827.6918
     303.000     -126762.0565
     303.500     -126679.7399
     304.000     -126914.4515
     304.500     -126903.0287
     305.000     -127174.7944
     305.500     -126903.9736
     306.000     -126797.0993
     306.500     -126752.8707
     307.000     -126884.3815
     307.500     -127115.1504
     308.000     -126971.2482
     308.500     -127041.4228
     309.000     -126847.9131
     309.500     -127033.2011
     310.000     -127269.4773
     310.500     -126976.2140
     311.000     -126864.3723
     311.500     -126975.3862
     312.000     -126805.5143
     312.500     -126949.2945
     313.000     -126936.0004
     313.500     -127082.3671
     314.000     -127117.9460
     314.500     -126596.2726
     315.000     -126739.7435
     315.500     -126694.7296
     316.000     -126599.8263
     316.500     -126608.1751
     317.000     -126256.7371
     317.500     -126609.8524
     318.000     -126835.6209
     318.500     -126580.9721
     319.000     -126676.0696
     319.500     -126889.2533
     320.000     -126473.2069
     320.500     -126803.8095
     321.000     -126667.3555
     321.500     -126713.5978
     322.000     -126611.2280
     322.500     -126732.5857
     323.000     -126535.4422
     323.500     -126416.2899
     324.000     -126697.4041
     324.500     -126710.0302
     325.000     -127040.6476
     325.500     -126887.8834
     326.000     -127078.0167
     326.500     -126814.9346
     327.000     -127001.4645
     327.500     -126873.9575
     328.000     -126918.2805
     328.500     -126631.8705
     329.000     -126734.9595
     329.500     -126603.5086
     330.000     -126750.9072
     330.500     -126663.5759
     331.000     -126618.5210
     331.500     -126904.7643
     332.000     -126608.3888
     332.500     -126364.1690
     333.000     -126893.1364
     333.500     -126917.7826
     334.000     -126921.9312
     334.500     -127057.4251
     335.000     -126953.3165
     335.500     -127036.8459
     336.000     -126914.7492
     336.500     -126825.2300
     337.000     -126796.0533
     337.500     -126908.3769
     338.000     -126813.8083
     338.500     -126635.8170
     339.000     -126796.4694
     339.500     -126866.5866
     340.000     -126911.1777
     340.500     -126904.1520
     341.000     -126667.0122
     341.500     -126895.5131
     342.000     -126753.2847
     342.500     -126698.5043
     343.000     -126795.1782
     343.500     -126766.9182
     344.000     -126695.8662
     344.500     -126510.9338
     345.000     -126565.9008
     345.500     -126736.6935
     346.000     -126625.8039
     346.500     -126726.8954
     347.000     -127108.0595
     347.500     -126519.3692
     348.000     -126488.3506
     348.500     -126679.0584
     349.000     -126636.8720
     349.500     -126758.1060
     350.000     -126777.5169
     350.500     -126557.3790
     351.000     -127018.7183
     351.500     -126794.0681
     352.000     -126884.2120
     352.500     -126891.8771
     353.000     -126924.8472
     353.500     -126831.2293
     354.000     -127047.1708
     354.500     -126854.9578
     355.000     -126853.5029
     355.500     -127001.5992
     356.000     -127110.0463
     356.500     -126974.9980
     357.000     -126930.3337
     357.500     -126814.7359
     358.000     -126814.3134
     358.500     -126991.7446
     359.000     -126786.8433
     359.500     -126829.7849
     360.000     -127013.8323
     360.500     -126665.3431
     361.000     -127009.6138
     361.500     -126996.2321
     362.000     -126935.1889
     362.500     -126978.5593
     363.000     -126767.8681
     363.500     -126990.0625
     364.000     -127027.1174
     364.500     -127024.6643
     365.000     -127018.2775
     365.500     -126913.4253
     366.000     -126938.0203
     366.500     -127012.4783
     367.000     -126646.1307
     367.500     -126852.4013
     368.000     -126768.7838
     368.500     -126842.2783
     369.000     -126971.2627
     369.500     -126668.6953
     370.000     -126570.8435
     370.500     -126712.7281
     371.000     -126650.9815
     371.500     -126882.9699
     372.000     -127028.4225
     372.500     -126824.6421
     373.000     -126754.1656
     373.500     -126910.9476
     374.000     -126939.2065
     374.500     -126954.8247
     375.000     -126975.6435
     375.500     -126763.8169
     376.000     -127046.3112
     376.500     -127027.7028
     377.000     -126876.1334
     377.500     -126786.8525
     378.000     -126827.5126
     378.500     -126770.1013
     379.000     -126841.7227
     379.500     -126829.5771
     380.000     -126609.6686
     380.500     -126630.2757
     381.000     -127043.4329
     381.500     -126847.3752
     382.000     -126771.3928
     382.500     -126604.4778
     383.000     -126822.7769
     383.500     -126730.5852
     384.000     -126840.7498
     384.500     -126927.7928
     385.000     -127064.1053
     385.500     -127004.3336
     386.000     -126824.5534
     386.500     -126921.0036
     387.000     -127012.1940
     387.500     -127088.3267
     388.000     -126938.0326
     388.500     -126988.2521
     389.000     -126880.0735
     389.500     -127139.3040
     390.000     -126964.9585
     390.500     -126939.4464
     391.000     -127001.2139
     391.500     -126958.6674
     392.000     -126938.4618
     392.500     -126670.6214
     393.000     -126855.0285
     393.500     -127078.5175
     394.000     -127252.3878
     394.500     -127048.0552
     395.000     -126998.1073
     395.500     -126983.4955
     396.000     -126902.8335
     396.500     -127110.2374
     397.000     -126876.8512
     397.500     -126716.4127
     398.000     -126843.4698
     398.500     -126916.5725
     399.000     -127013.0943
     399.500     -126828.6518
     400.000     -126963.6440
