       0.000     -208593.3996
       0.500     -147703.3247
       1.000     -148020.7047
       1.500     -148027.7939
       2.000     -147877.7418
       2.500     -147662.1041
       3.000     -147447.0857
       3.500     -147222.4937
       4.000     -147020.4333
       4.500     -146755.3053
       5.000     -146496.1118
       5.500     -146204.1153
       6.000     -145934.6017
       6.500     -145646.9742
       7.000     -145410.5779
       7.500     -145109.6905
       8.000     -144858.2781
       8.500     -144532.9850
       9.000     -144272.8855
       9.500     -143989.7050
      10.000     -143675.0510
      10.500     -143397.5133
      11.000     -143120.7558
      11.500     -142821.9086
      12.000     -142556.2011
      12.500     -142219.8216
      13.000     -141918.2473
      13.500     -141643.0875
      14.000     -141297.7726
      14.500     -141062.4824
      15.000     -140714.0743
      15.500     -140381.1320
      16.000     -140061.5993
      16.500     -139813.6852
      17.000     -139511.1868
      17.500     -139257.8473
      18.000     -138878.0467
      18.500     -138572.9959
      19.000     -138356.0837
      19.500     -137973.5047
      20.000     -137745.5694
      20.500     -137491.2773
      21.000     -137254.6258
      21.500     -137179.1895
      22.000     -137157.2038
      22.500     -136961.5536
      23.000     -136900.8873
      23.500     -136697.2974
      24.000     -136644.8726
      24.500     -136506.9651
      25.000     -136341.6213
      25.500     -136254.5122
      26.000     -136095.2471
      26.500     -135880.5418
      27.000     -135768.2418
      27.500     -135690.1102
      28.000     -135449.6787
      28.500     -135274.7251
      29.000     -135236.6954
      29.500     -134962.5248
      30.000     -135021.5057
      30.500     -134875.8901
      31.000     -134719.0627
      31.500     -134514.6722
      32.000     -134480.5358
      32.500     -134311.2506
      33.000     -134046.1696
      33.500     -133829.2027
      34.000     -133776.7662
      34.500     -133517.1941
      35.000     -133413.8317
      35.500     -133377.0519
      36.000     -133180.2096
      36.500     -132844.3201
      37.000     -132914.0840
      37.500     -132756.5168
      38.000     -132600.4357
      38.500     -132431.7932
      39.000     -132384.6244
      39.500     -132177.2008
      40.000     -132038.7486
      40.500     -131839.7310
      41.000     -131736.4068
      41.500     -131475.5137
      42.000     -131424.9325
      42.500     -131251.4333
      43.000     -131097.0637
      43.500     -131059.0695
      44.000     -130689.3010
      44.500     -130577.7014
      45.000     -130341.8599
      45.500     -130287.5337
      46.000     -129966.2889
      46.500     -129956.2905
      47.000     -129736.7690
      47.500     -129568.7334
      48.000     -129496.6113
      48.500     -129241.5604
      49.000     -128847.9596
      49.500     -128878.3819
      50.000     -128753.3231
      50.500     -128655.2566
      51.000     -128486.3924
      51.500     -128354.5651
      52.000     -128099.7159
      52.500     -127997.8304
      53.000     -127642.0835
      53.500     -127782.7484
      54.000     -127449.6588
      54.500     -127421.2289
      55.000     -127417.6026
      55.500     -127015.2205
      56.000     -126899.3517
      56.500     -126617.4180
      57.000     -126533.5569
      57.500     -126425.2540
      58.000     -126104.4046
      58.500     -126119.8177
      59.000     -125944.1620
      59.500     -125686.2492
      60.000     -125715.7295
      60.500     -125436.2123
      61.000     -125320.2534
      61.500     -125252.1772
      62.000     -124865.5135
      62.500     -125188.1470
      63.000     -124909.8756
      63.500     -124998.1194
      64.000     -124796.1456
      64.500     -124830.3803
      65.000     -124832.8888
      65.500     -124615.1494
      66.000     -124663.4826
      66.500     -124478.0232
      67.000     -124516.6573
      67.500     -124366.1953
      68.000     -124224.7406
      68.500     -124139.1995
      69.000     -124251.9322
      69.500     -124111.8364
      70.000     -124081.6788
      70.500     -123816.5134
      71.000     -123765.2713
      71.500     -123551.2381
      72.000     -123677.7004
      72.500     -123608.9726
      73.000     -123531.9446
      73.500     -123416.8527
      74.000     -123123.7993
      74.500     -123078.6783
      75.000     -122947.2899
      75.500     -123121.0956
      76.000     -123063.6356
      76.500     -122767.5770
      77.000     -122790.6553
      77.500     -122743.5627
      78.000     -122788.9695
      78.500     -122589.1556
      79.000     -122330.8700
      79.500     -122231.9032
      80.000     -122251.7913
      80.500     -122356.8234
      81.000     -122179.8922
      81.500     -122002.6969
      82.000     -121936.1468
      82.500     -121829.5540
      83.000     -121841.3857
      83.500     -121641.6806
      84.000     -121452.8121
      84.500     -121477.8448
      85.000     -121364.7999
      85.500     -121244.3618
      86.000     -120982.5327
      86.500     -121072.1097
      87.000     -120991.2639
      87.500     -120600.0117
      88.000     -120829.7292
      88.500     -120633.7738
      89.000     -120643.3188
      89.500     -120662.1029
      90.000     -120407.4440
      90.500     -120309.7310
      91.000     -120358.9494
      91.500     -120012.8853
      92.000     -119873.6903
      92.500     -119941.8051
      93.000     -119861.5033
      93.500     -119807.2875
      94.000     -119464.1381
      94.500     -119378.7498
      95.000     -119590.6228
      95.500     -119353.6631
      96.000     -119135.1228
      96.500     -119183.8779
      97.000     -118916.0220
      97.500     -119067.6824
      98.000     -118757.4942
      98.500     -119002.4759
      99.000     -118564.8502
      99.500     -118705.5670
     100.000     -117967.2208
     100.500     -118317.1798
     101.000     -118052.1144
     101.500     -117931.7550
     102.000     -117868.6482
     102.500     -117745.0452
     103.000     -117590.8558
     103.500     -117492.4294
     104.000     -117445.6600
     104.500     -117246.3518
     105.000     -117107.2933
     105.500     -117093.1626
     106.000     -116925.9092
     106.500     -116831.6706
     107.000     -116706.9317
     107.500     -116440.2674
     108.000     -116491.1703
     108.500     -116432.1348
     109.000     -116252.4461
     109.500     -116433.1357
     110.000     -116383.5559
     110.500     -116216.8116
     111.000     -116015.0340
     111.500     -115488.3384
     112.000     -115690.3488
     112.500     -115574.4772
     113.000     -115281.4279
     113.500     -115210.6252
     114.000     -114931.6430
     114.500     -115084.7069
     115.000     -114870.2852
     115.500     -114880.1885
     116.000     -114636.7441
     116.500     -114406.2248
     117.000     -114432.3223
     117.500     -114397.3708
     118.000     -114387.2280
     118.500     -113976.2984
     119.000     -113807.0346
     119.500     -113173.8878
     120.000     -113678.6257
     120.500     -113809.9308
     121.000     -112980.4200
     121.500     -112959.7432
     122.000     -112914.0612
     122.500     -112718.5048
     123.000     -112820.7815
     123.500     -112794.7631
     124.000     -112395.7320
     124.500     -112215.5535
     125.000     -111817.5617
     125.500     -111754.7511
     126.000     -111442.5849
     126.500     -111669.9357
     127.000     -111368.5171
     127.500     -111366.2889
     128.000     -111282.9132
     128.500     -111068.8324
     129.000     -111131.3415
     129.500     -110915.6659
     130.000     -110540.1587
     130.500     -110536.1971
     131.000     -110165.7719
     131.500     -110047.9833
     132.000     -110158.9373
     132.500     -109705.1693
     133.000     -109505.5016
     133.500     -109141.1212
     134.000     -109061.6770
     134.500     -108597.4758
     135.000     -108621.7402
     135.500     -108607.9259
     136.000     -108095.4497
     136.500     -108099.3422
     137.000     -108161.2505
     137.500     -107777.0145
     138.000     -107744.2024
     138.500     -107370.0650
     139.000     -107180.5968
     139.500     -106880.3764
     140.000     -107080.1489
     140.500     -107075.1374
     141.000     -106819.7439
     141.500     -106881.6456
     142.000     -106666.2832
     142.500     -106633.1254
     143.000     -106654.7663
     143.500     -106468.1284
     144.000     -106388.2613
     144.500     -106615.2041
     145.000     -106641.9326
     145.500     -106494.5835
     146.000     -106550.5371
     146.500     -106470.1673
     147.000     -106343.0110
     147.500     -106403.7331
     148.000     -106422.4243
     148.500     -106406.7585
     149.000     -106102.8272
     149.500     -106072.7912
     150.000     -106300.0995
     150.500     -106386.5500
     151.000     -106447.9813
     151.500     -105954.9333
     152.000     -106052.8528
     152.500     -106334.4495
     153.000     -106206.4676
     153.500     -106071.0853
     154.000     -106082.8320
     154.500     -106306.4896
     155.000     -106356.3434
     155.500     -106552.8997
     156.000     -106399.1742
     156.500     -106747.5058
     157.000     -106545.4350
     157.500     -106385.6776
     158.000     -106512.2567
     158.500     -106213.4152
     159.000     -106363.5029
     159.500     -106268.5325
     160.000     -105986.1570
     160.500     -106200.3669
     161.000     -105598.8834
     161.500     -105872.1333
     162.000     -106042.2767
     162.500     -106269.9110
     163.000     -106085.0569
     163.500     -106128.9421
     164.000     -105777.9431
     164.500     -105955.9739
     165.000     -106075.5412
     165.500     -105824.1107
     166.000     -105899.5878
     166.500     -105984.9765
     167.000     -105962.1419
     167.500     -106122.6999
     168.000     -106341.9879
     168.500     -106080.7448
     169.000     -105911.5148
     169.500     -106497.2490
     170.000     -106035.3607
     170.500     -106775.9742
     171.000     -106434.9883
     171.500     -106241.4882
     172.000     -106359.0012
     172.500     -106074.6400
     173.000     -106634.4473
     173.500     -106444.2637
     174.000     -106557.2166
     174.500     -106564.2703
     175.000     -106062.4128
     175.500     -106385.3522
     176.000     -106201.4147
     176.500     -106400.8140
     177.000     -106435.2728
     177.500     -106542.8068
     178.000     -106372.6613
     178.500     -106156.9770
     179.000     -106120.4286
     179.500     -106445.6370
     180.000     -106241.3222
     180.500     -106740.4758
     181.000     -106112.1120
     181.500     -106465.6106
     182.000     -106162.9730
     182.500     -106389.4207
     183.000     -106175.3347
     183.500     -106258.1111
     184.000     -106354.3659
     184.500     -106513.2793
     185.000     -106053.8445
     185.500     -106155.1165
     186.000     -106153.0493
     186.500     -106614.6928
     187.000     -106365.0142
     187.500     -106453.4577
     188.000     -106044.1410
     188.500     -106399.9435
     189.000     -106343.2530
     189.500     -106462.5465
     190.000     -106335.8578
     190.500     -106231.7714
     191.000     -106546.0005
     191.500     -106374.2743
     192.000     -106326.1302
     192.500     -106372.2562
     193.000     -106284.0319
     193.500     -106011.6720
     194.000     -106411.8690
     194.500     -106601.6820
     195.000     -106070.8701
     195.500     -105967.8321
     196.000     -106349.9885
     196.500     -106036.8955
     197.000     -106290.2870
     197.500     -106148.9674
     198.000     -106131.5726
     198.500     -106290.9455
     199.000     -105894.3581
     199.500     -106160.3064
     200.000     -106045.5828
     200.500     -106109.2080
     201.000     -106719.5144
     201.500     -106306.6577
     202.000     -106373.9575
     202.500     -106504.9081
     203.000     -106427.5116
     203.500     -106388.5175
     204.000     -106527.5816
     204.500     -106653.4279
     205.000     -106385.5858
     205.500     -106243.4618
     206.000     -106312.5481
     206.500     -106096.8814
     207.000     -106256.0872
     207.500     -106540.1638
     208.000     -106330.0646
     208.500     -106451.9339
     209.000     -106669.7293
     209.500     -106533.2849
     210.000     -106031.9756
     210.500     -106251.5800
     211.000     -106574.4414
     211.500     -106291.7696
     212.000     -106204.9950
     212.500     -105947.8666
     213.000     -105984.4156
     213.500     -105765.6772
     214.000     -106010.6779
     214.500     -106134.5571
     215.000     -105920.0806
     215.500     -106260.9752
     216.000     -106195.0260
     216.500     -106214.7824
     217.000     -106163.0642
     217.500     -106391.5176
     218.000     -106370.8621
     218.500     -106200.3713
     219.000     -106128.9938
     219.500     -106166.1637
     220.000     -106184.9554
     220.500     -106321.9058
     221.000     -105986.4558
     221.500     -106257.8238
     222.000     -106100.6910
     222.500     -105967.9145
     223.000     -106198.8113
     223.500     -106466.6331
     224.000     -106344.6615
     224.500     -106431.0486
     225.000     -105998.9838
     225.500     -106138.9893
     226.000     -106262.9003
     226.500     -106222.2942
     227.000     -106241.8715
     227.500     -106257.1154
     228.000     -106392.2475
     228.500     -106589.6715
     229.000     -106106.5979
     229.500     -106205.4512
     230.000     -106261.9200
     230.500     -106518.2002
     231.000     -106339.6122
     231.500     -106534.4291
     232.000     -106047.3392
     232.500     -106017.3246
     233.000     -106175.9952
     233.500     -106215.1077
     234.000     -106173.7612
     234.500     -106281.4072
     235.000     -106468.5193
     235.500     -106280.4750
     236.000     -106578.0274
     236.500     -106419.1369
     237.000     -106247.4506
     237.500     -105913.3567
     238.000     -105823.0996
     238.500     -105788.6935
     239.000     -105601.1711
     239.500     -105711.5979
     240.000     -106144.7336
     240.500     -106096.6586
     241.000     -105892.5349
     241.500     -106160.7991
     242.000     -106194.0335
     242.500     -106406.3680
     243.000     -106566.6378
     243.500     -106086.5625
     244.000     -106253.7438
     244.500     -106285.1268
     245.000     -105689.4786
     245.500     -105821.6410
     246.000     -106242.0218
     246.500     -106305.1730
     247.000     -106111.8546
     247.500     -105916.9728
     248.000     -106239.0496
     248.500     -106532.7996
     249.000     -106692.8028
     249.500     -106592.5539
     250.000     -106209.8173
     250.500     -106349.8126
     251.000     -106201.5188
     251.500     -106346.4489
     252.000     -106367.8548
     252.500     -106171.3855
     253.000     -105957.6913
     253.500     -106299.6867
     254.000     -106601.4202
     254.500     -106768.9504
     255.000     -106100.0548
     255.500     -106172.3935
     256.000     -106478.8125
     256.500     -106110.9148
     257.000     -106251.7023
     257.500     -106259.9702
     258.000     -105794.7668
     258.500     -106358.9628
     259.000     -106174.7013
     259.500     -106145.9280
     260.000     -105824.2058
     260.500     -106062.4119
     261.000     -105943.8956
     261.500     -106135.2811
     262.000     -105878.8823
     262.500     -106162.1002
     263.000     -106168.7721
     263.500     -106310.4427
     264.000     -106153.5563
     264.500     -106022.5211
     265.000     -106096.9016
     265.500     -106269.7387
     266.000     -106007.6047
     266.500     -105863.5773
     267.000     -105790.6066
     267.500     -106189.0305
     268.000     -105927.4481
     268.500     -106016.2845
     269.000     -106269.3242
     269.500     -106223.4810
     270.000     -106179.3732
     270.500     -106217.6881
     271.000     -106514.2708
     271.500     -106351.3566
     272.000     -106328.0761
     272.500     -106287.8417
     273.000     -106572.8759
     273.500     -106154.1935
     274.000     -106652.6814
     274.500     -106091.6070
     275.000     -106622.0776
     275.500     -106276.5037
     276.000     -106387.5449
     276.500     -106577.7087
     277.000     -106156.4853
     277.500     -106474.3815
     278.000     -106273.3173
     278.500     -106101.6698
     279.000     -106525.3369
     279.500     -106507.4119
     280.000     -106638.2436
     280.500     -106238.3962
     281.000     -106486.8895
     281.500     -106296.8534
     282.000     -106232.0482
     282.500     -106212.3221
     283.000     -106339.8721
     283.500     -106273.9380
     284.000     -106311.3149
     284.500     -106326.0708
     285.000     -106242.9944
     285.500     -106310.2524
     286.000     -106578.1794
     286.500     -106316.2388
     287.000     -106528.6245
     287.500     -106285.1509
     288.000     -106344.2477
     288.500     -106141.2121
     289.000     -106526.7507
     289.500     -106404.9911
     290.000     -106311.3805
     290.500     -106263.5104
     291.000     -106162.9435
     291.500     -106258.9669
     292.000     -106142.8441
     292.500     -106473.3637
     293.000     -106106.7618
     293.500     -106373.0226
     294.000     -106783.3033
     294.500     -106623.5848
     295.000     -106500.4734
     295.500     -106354.5564
     296.000     -106427.8609
     296.500     -106655.5105
     297.000     -106489.1769
     297.500     -106300.9546
     298.000     -106088.2668
     298.500     -106613.4053
     299.000     -106728.6258
     299.500     -106552.6752
     300.000     -106309.2585
     300.500     -106659.5343
     301.000     -106721.8502
     301.500     -106472.1845
     302.000     -106337.9611
     302.500     -106341.4828
     303.000     -106249.1269
     303.500     -106214.1091
     304.000     -106631.0081
     304.500     -106445.9916
     305.000     -106737.6323
     305.500     -106355.4286
     306.000     -106345.4548
     306.500     -106278.2750
     307.000     -106472.0768
     307.500     -106719.4571
     308.000     -106693.4963
     308.500     -106656.4951
     309.000     -106454.0557
     309.500     -106598.5683
     310.000     -106879.7117
     310.500     -106720.0988
     311.000     -106388.1594
     311.500     -106376.8042
     312.000     -106341.3111
     312.500     -106332.3785
     313.000     -106404.7074
     313.500     -106721.3241
     314.000     -106683.3367
     314.500     -106186.2726
     315.000     -106236.8919
     315.500     -106317.4620
     316.000     -106293.1876
     316.500     -106316.6575
     317.000     -105838.7039
     317.500     -106518.3759
     318.000     -106503.4529
     318.500     -106089.6615
     319.000     -106220.6907
     319.500     -106513.3217
     320.000     -106050.4081
     320.500     -106468.4736
     321.000     -106134.1348
     321.500     -106329.9025
     322.000     -106380.6616
     322.500     -106234.8611
     323.000     -105896.4618
     323.500     -106100.0203
     324.000     -106197.2693
     324.500     -106392.1064
     325.000     -106498.5382
     325.500     -106654.2272
     326.000     -106553.8155
     326.500     -106560.5420
     327.000     -106483.3942
     327.500     -106546.8715
     328.000     -106498.1888
     328.500     -106324.9467
     329.000     -106329.6822
     329.500     -106345.9520
     330.000     -106350.8525
     330.500     -106220.3884
     331.000     -106313.7241
     331.500     -106503.5065
     332.000     -106352.3615
     332.500     -105926.5304
     333.000     -106182.8845
     333.500     -106563.0384
     334.000     -106478.1617
     334.500     -106667.6321
     335.000     -106489.4845
     335.500     -106591.8029
     336.000     -106458.2589
     336.500     -106478.4507
     337.000     -106413.8560
     337.500     -106534.0918
     338.000     -106507.6364
     338.500     -106194.6373
     339.000     -106471.3151
     339.500     -106205.7995
     340.000     -106645.0918
     340.500     -106602.8160
     341.000     -106118.9340
     341.500     -106432.5971
     342.000     -106441.6636
     342.500     -106349.2700
     343.000     -106428.6196
     343.500     -106516.8186
     344.000     -106384.9404
     344.500     -106086.6174
     345.000     -106222.9126
     345.500     -106222.4084
     346.000     -106113.7903
     346.500     -106328.8309
     347.000     -106830.3642
     347.500     -106212.4063
     348.000     -106150.6963
     348.500     -106550.1639
     349.000     -106268.5712
     349.500     -106330.6587
     350.000     -106307.7064
     350.500     -106256.8282
     351.000     -106703.6656
     351.500     -106531.8240
     352.000     -106475.2882
     352.500     -106533.5899
     353.000     -106552.0738
     353.500     -106460.0418
     354.000     -106590.7274
     354.500     -106434.6277
     355.000     -106392.6396
     355.500     -106623.0953
     356.000     -106593.6908
     356.500     -106508.0644
     357.000     -106602.9451
     357.500     -106382.4116
     358.000     -106333.6572
     358.500     -106552.2700
     359.000     -106439.4800
     359.500     -106401.4099
     360.000     -106775.0120
     360.500     -106546.1126
     361.000     -106548.8912
     361.500     -106878.9958
     362.000     -106581.6029
     362.500     -106691.7097
     363.000     -106373.5322
     363.500     -106611.3887
     364.000     -106579.4670
     364.500     -106508.0588
     365.000     -106716.2775
     365.500     -106655.7300
     366.000     -106294.5164
     366.500     -106585.0838
     367.000     -106036.8475
     367.500     -106638.3798
     368.000     -106115.1373
     368.500     -106493.6319
     369.000     -106668.4053
     369.500     -106381.8711
     370.000     -106135.6189
     370.500     -106210.5562
     371.000     -106384.2198
     371.500     -106509.4758
     372.000     -106462.6432
     372.500     -106347.3531
     373.000     -106316.5073
     373.500     -106436.6585
     374.000     -106585.4955
     374.500     -106338.6274
     375.000     -106571.4599
     375.500     -106421.8794
     376.000     -106539.4303
     376.500     -106698.9587
     377.000     -106551.3130
     377.500     -106338.7334
     378.000     -106576.9072
     378.500     -106362.8903
     379.000     -106502.0880
     379.500     -106561.0341
     380.000     -106459.1354
     380.500     -106202.7269
     381.000     -106835.1868
     381.500     -106549.6799
     382.000     -106479.0119
     382.500     -106229.6262
     383.000     -106463.4527
     383.500     -106240.7922
     384.000     -106453.9177
     384.500     -106521.6893
     385.000     -106744.7557
     385.500     -106528.2125
     386.000     -106372.3600
     386.500     -106593.9724
     387.000     -106799.5709
     387.500     -106761.2349
     388.000     -106376.4350
     388.500     -106494.7579
     389.000     -106593.6907
     389.500     -106591.7220
     390.000     -106605.5425
     390.500     -106434.5948
     391.000     -106706.7491
     391.500     -106624.4623
     392.000     -106496.4032
     392.500     -106187.6311
     393.000     -106454.9035
     393.500     -106648.3905
     394.000     -106966.2433
     394.500     -106653.9204
     395.000     -106559.5370
     395.500     -106657.3315
     396.000     -106556.2534
     396.500     -106734.3195
     397.000     -106488.9235
     397.500     -106452.4478
     398.000     -106378.0265
     398.500     -106581.7424
     399.000     -106427.6841
     399.500     -106278.1284
     400.000     -106624.2709
