       0.000       0.00
       0.500       3.60
       1.000       5.17
       1.500       7.31
       2.000       9.70
       2.500      12.19
       3.000      14.69
       3.500      17.20
       4.000      19.54
       4.500      22.11
       5.000      24.49
       5.500      27.19
       6.000      29.73
       6.500      32.34
       7.000      34.30
       7.500      37.11
       8.000      39.42
       8.500      42.18
       9.000      44.40
       9.500      47.04
      10.000      49.74
      10.500      52.21
      11.000      54.72
      11.500      57.29
      12.000      59.14
      12.500      62.15
      13.000      64.77
      13.500      66.63
      14.000      70.21
      14.500      72.04
      15.000      74.79
      15.500      77.10
      16.000      79.99
      16.500      81.84
      17.000      84.71
      17.500      86.42
      18.000      90.48
      18.500      91.62
      19.000      93.55
      19.500      96.77
      20.000      98.71
      20.500     101.13
      21.000     102.79
      21.500     103.52
      22.000     104.54
      22.500     106.42
      23.000     107.31
      23.500     108.30
      24.000     109.69
      24.500     110.48
      25.000     113.16
      25.500     113.79
      26.000     115.09
      26.500     116.67
      27.000     117.87
      27.500     118.48
      28.000     120.60
      28.500     121.11
      29.000     122.77
      29.500     124.51
      30.000     123.89
      30.500     125.86
      31.000     126.64
      31.500     128.14
      32.000     129.21
      32.500     131.17
      33.000     132.98
      33.500     133.99
      34.000     134.39
      34.500     136.94
      35.000     136.50
      35.500     137.99
      36.000     139.21
      36.500     142.46
      37.000     142.47
      37.500     143.03
      38.000     144.01
      38.500     146.06
      39.000     147.84
      39.500     147.49
      40.000     148.45
      40.500     152.22
      41.000     152.23
      41.500     154.37
      42.000     155.99
      42.500     156.39
      43.000     156.88
      43.500     158.59
      44.000     160.33
      44.500     161.37
      45.000     162.50
      45.500     162.69
      46.000     165.10
      46.500     164.95
      47.000     166.50
      47.500     168.11
      48.000     170.37
      48.500     170.91
      49.000     174.05
      49.500     174.13
      50.000     175.68
      50.500     176.53
      51.000     177.24
      51.500     178.34
      52.000     180.93
      52.500     180.58
      53.000     183.25
      53.500     183.11
      54.000     185.18
      54.500     185.54
      55.000     185.64
      55.500     188.17
      56.000     190.22
      56.500     193.59
      57.000     191.97
      57.500     193.04
      58.000     194.20
      58.500     194.16
      59.000     196.48
      59.500     198.36
      60.000     198.51
      60.500     200.02
      61.000     201.30
      61.500     201.12
      62.000     205.22
      62.500     201.14
      63.000     204.90
      63.500     203.20
      64.000     206.50
      64.500     204.00
      65.000     204.81
      65.500     206.38
      66.000     208.01
      66.500     208.87
      67.000     208.47
      67.500     208.71
      68.000     210.93
      68.500     211.17
      69.000     208.53
      69.500     211.58
      70.000     212.07
      70.500     213.31
      71.000     213.50
      71.500     215.76
      72.000     214.55
      72.500     215.16
      73.000     214.80
      73.500     216.58
      74.000     218.67
      74.500     219.45
      75.000     218.82
      75.500     219.04
      76.000     218.13
      76.500     220.86
      77.000     219.99
      77.500     222.80
      78.000     220.31
      78.500     222.07
      79.000     223.71
      79.500     225.26
      80.000     225.17
      80.500     226.70
      81.000     225.23
      81.500     226.57
      82.000     229.24
      82.500     228.53
      83.000     228.13
      83.500     230.92
      84.000     228.66
      84.500     230.42
      85.000     231.16
      85.500     232.02
      86.000     232.67
      86.500     232.21
      87.000     232.68
      87.500     234.62
      88.000     234.71
      88.500     236.18
      89.000     235.68
      89.500     234.94
      90.000     237.51
      90.500     237.58
      91.000     238.17
      91.500     238.79
      92.000     240.61
      92.500     242.15
      93.000     241.94
      93.500     242.08
      94.000     244.41
      94.500     243.84
      95.000     242.88
      95.500     243.80
      96.000     245.94
      96.500     246.12
      97.000     248.19
      97.500     246.67
      98.000     247.97
      98.500     247.45
      99.000     251.32
      99.500     247.77
     100.000     254.72
     100.500     250.65
     101.000     250.90
     101.500     251.78
     102.000     252.75
     102.500     252.13
     103.000     254.25
     103.500     252.83
     104.000     255.09
     104.500     254.84
     105.000     256.69
     105.500     257.03
     106.000     257.30
     106.500     258.02
     107.000     259.96
     107.500     261.45
     108.000     259.61
     108.500     261.07
     109.000     261.06
     109.500     260.70
     110.000     262.65
     110.500     262.72
     111.000     261.63
     111.500     265.43
     112.000     263.46
     112.500     263.14
     113.000     265.57
     113.500     265.37
     114.000     269.03
     114.500     268.44
     115.000     268.89
     115.500     268.22
     116.000     269.70
     116.500     271.26
     117.000     270.29
     117.500     270.64
     118.000     272.44
     118.500     273.48
     119.000     274.85
     119.500     278.46
     120.000     275.77
     120.500     271.24
     121.000     277.03
     121.500     277.30
     122.000     276.45
     122.500     279.10
     123.000     278.47
     123.500     276.88
     124.000     278.46
     124.500     277.67
     125.000     282.46
     125.500     281.11
     126.000     283.71
     126.500     281.63
     127.000     287.17
     127.500     283.93
     128.000     285.68
     128.500     285.80
     129.000     284.02
     129.500     288.12
     130.000     287.73
     130.500     285.98
     131.000     286.82
     131.500     288.90
     132.000     288.99
     132.500     288.01
     133.000     289.47
     133.500     292.40
     134.000     291.70
     134.500     296.37
     135.000     294.85
     135.500     293.41
     136.000     295.95
     136.500     295.34
     137.000     292.73
     137.500     298.43
     138.000     296.56
     138.500     298.10
     139.000     298.75
     139.500     300.14
     140.000     298.17
     140.500     297.19
     141.000     299.11
     141.500     300.13
     142.000     300.17
     142.500     300.42
     143.000     298.14
     143.500     299.54
     144.000     300.72
     144.500     298.25
     145.000     301.34
     145.500     300.29
     146.000     299.70
     146.500     299.73
     147.000     299.37
     147.500     299.43
     148.000     299.01
     148.500     302.77
     149.000     302.08
     149.500     300.11
     150.000     299.36
     150.500     299.74
     151.000     299.18
     151.500     298.90
     152.000     301.26
     152.500     299.11
     153.000     300.46
     153.500     299.16
     154.000     300.23
     154.500     299.89
     155.000     301.69
     155.500     299.38
     156.000     299.63
     156.500     299.65
     157.000     300.12
     157.500     299.52
     158.000     298.90
     158.500     300.37
     159.000     299.37
     159.500     299.16
     160.000     298.91
     160.500     300.12
     161.000     304.61
     161.500     303.19
     162.000     299.51
     162.500     298.53
     163.000     299.38
     163.500     299.41
     164.000     300.52
     164.500     302.04
     165.000     300.15
     165.500     301.06
     166.000     300.12
     166.500     301.22
     167.000     299.83
     167.500     301.00
     168.000     301.00
     168.500     301.41
     169.000     302.90
     169.500     300.61
     170.000     300.96
     170.500     299.55
     171.000     299.73
     171.500     301.20
     172.000     299.63
     172.500     302.81
     173.000     298.15
     173.500     297.99
     174.000     298.06
     174.500     298.98
     175.000     299.67
     175.500     299.08
     176.000     300.64
     176.500     298.00
     177.000     299.65
     177.500     297.26
     178.000     301.97
     178.500     301.68
     179.000     298.25
     179.500     300.35
     180.000     301.08
     180.500     295.27
     181.000     300.00
     181.500     296.48
     182.000     299.32
     182.500     297.60
     183.000     301.37
     183.500     301.88
     184.000     298.29
     184.500     298.59
     185.000     302.44
     185.500     300.94
     186.000     301.32
     186.500     298.48
     187.000     301.10
     187.500     298.95
     188.000     302.30
     188.500     300.47
     189.000     300.19
     189.500     299.18
     190.000     301.61
     190.500     300.94
     191.000     297.14
     191.500     299.63
     192.000     299.58
     192.500     301.18
     193.000     298.84
     193.500     301.21
     194.000     299.34
     194.500     297.93
     195.000     300.57
     195.500     301.78
     196.000     300.24
     196.500     299.84
     197.000     301.89
     197.500     299.47
     198.000     300.79
     198.500     298.46
     199.000     304.88
     199.500     301.42
     200.000     299.51
     200.500     302.56
     201.000     299.07
     201.500     298.89
     202.000     299.56
     202.500     299.38
     203.000     299.63
     203.500     300.82
     204.000     299.00
     204.500     295.40
     205.000     300.13
     205.500     299.41
     206.000     299.94
     206.500     300.77
     207.000     299.91
     207.500     298.23
     208.000     302.74
     208.500     298.98
     209.000     298.36
     209.500     298.36
     210.000     300.49
     210.500     298.89
     211.000     298.12
     211.500     300.51
     212.000     301.75
     212.500     301.25
     213.000     299.67
     213.500     300.73
     214.000     300.42
     214.500     300.65
     215.000     302.36
     215.500     298.09
     216.000     300.47
     216.500     301.00
     217.000     297.92
     217.500     298.61
     218.000     298.37
     218.500     298.30
     219.000     299.29
     219.500     299.32
     220.000     299.41
     220.500     300.21
     221.000     302.16
     221.500     299.04
     222.000     299.18
     222.500     302.98
     223.000     301.21
     223.500     299.42
     224.000     302.17
     224.500     298.63
     225.000     301.92
     225.500     299.80
     226.000     300.93
     226.500     299.81
     227.000     299.86
     227.500     299.79
     228.000     298.06
     228.500     296.09
     229.000     302.43
     229.500     299.85
     230.000     301.61
     230.500     297.61
     231.000     297.61
     231.500     298.51
     232.000     298.28
     232.500     301.36
     233.000     300.72
     233.500     300.77
     234.000     299.98
     234.500     298.51
     235.000     298.35
     235.500     300.70
     236.000     299.53
     236.500     298.01
     237.000     299.56
     237.500     303.55
     238.000     299.33
     238.500     300.28
     239.000     300.22
     239.500     303.21
     240.000     298.94
     240.500     299.83
     241.000     298.75
     241.500     297.86
     242.000     301.60
     242.500     298.03
     243.000     298.25
     243.500     299.65
     244.000     300.09
     244.500     297.93
     245.000     301.17
     245.500     303.77
     246.000     301.62
     246.500     298.13
     247.000     301.25
     247.500     302.24
     248.000     301.00
     248.500     301.02
     249.000     296.71
     249.500     299.19
     250.000     301.64
     250.500     299.55
     251.000     300.13
     251.500     298.87
     252.000     299.99
     252.500     299.26
     253.000     301.33
     253.500     299.07
     254.000     297.89
     254.500     299.50
     255.000     298.62
     255.500     300.81
     256.000     299.48
     256.500     303.08
     257.000     302.13
     257.500     298.94
     258.000     303.86
     258.500     296.29
     259.000     300.90
     259.500     298.65
     260.000     301.28
     260.500     297.34
     261.000     301.23
     261.500     301.19
     262.000     300.30
     262.500     301.25
     263.000     299.93
     263.500     299.86
     264.000     302.29
     264.500     302.02
     265.000     301.13
     265.500     301.70
     266.000     299.01
     266.500     300.95
     267.000     303.45
     267.500     299.36
     268.000     300.08
     268.500     301.10
     269.000     302.07
     269.500     300.56
     270.000     299.34
     270.500     299.06
     271.000     297.94
     271.500     299.43
     272.000     299.50
     272.500     299.79
     273.000     299.42
     273.500     303.38
     274.000     297.68
     274.500     301.18
     275.000     299.75
     275.500     301.51
     276.000     299.25
     276.500     297.61
     277.000     303.04
     277.500     299.91
     278.000     301.46
     278.500     301.57
     279.000     299.71
     279.500     298.40
     280.000     297.38
     280.500     299.19
     281.000     295.23
     281.500     301.66
     282.000     299.22
     282.500     301.00
     283.000     299.71
     283.500     297.29
     284.000     302.35
     284.500     300.93
     285.000     300.57
     285.500     300.08
     286.000     299.20
     286.500     300.37
     287.000     300.75
     287.500     300.93
     288.000     298.61
     288.500     301.04
     289.000     299.79
     289.500     300.33
     290.000     300.77
     290.500     301.88
     291.000     301.48
     291.500     300.77
     292.000     302.13
     292.500     300.28
     293.000     301.50
     293.500     298.33
     294.000     296.35
     294.500     297.42
     295.000     300.76
     295.500     301.12
     296.000     300.59
     296.500     295.99
     297.000     298.18
     297.500     299.43
     298.000     298.33
     298.500     300.18
     299.000     299.96
     299.500     302.39
     300.000     300.88
     300.500     298.81
     301.000     298.87
     301.500     299.82
     302.000     299.01
     302.500     301.30
     303.000     301.70
     303.500     301.00
     304.000     298.32
     304.500     300.88
     305.000     300.58
     305.500     302.22
     306.000     300.80
     306.500     301.13
     307.000     300.22
     307.500     299.97
     308.000     298.24
     308.500     299.81
     309.000     299.95
     309.500     300.55
     310.000     299.89
     310.500     297.92
     311.000     301.16
     311.500     302.96
     312.000     300.98
     312.500     303.23
     313.000     301.97
     313.500     299.46
     314.000     300.55
     314.500     300.18
     315.000     301.55
     315.500     299.70
     316.000     298.66
     316.500     298.44
     317.000     300.30
     317.500     295.50
     318.000     299.04
     318.500     301.38
     319.000     300.85
     319.500     299.68
     320.000     300.37
     320.500     299.09
     321.000     302.00
     321.500     299.80
     322.000     297.54
     322.500     301.47
     323.000     303.55
     323.500     298.80
     324.000     301.51
     324.500     298.83
     325.000     302.13
     325.500     297.59
     326.000     301.86
     326.500     297.89
     327.000     301.77
     327.500     298.96
     328.000     300.33
     328.500     298.67
     329.000     300.11
     329.500     297.94
     330.000     300.04
     330.500     300.67
     331.000     298.64
     331.500     300.05
     332.000     297.92
     332.500     300.59
     333.000     304.60
     333.500     299.37
     334.000     300.68
     334.500     299.89
     335.000     300.98
     335.500     300.70
     336.000     300.87
     336.500     299.25
     337.000     299.77
     337.500     299.66
     338.000     298.66
     338.500     300.64
     339.000     298.94
     339.500     303.87
     340.000     298.07
     340.500     298.59
     341.000     302.21
     341.500     300.96
     342.000     298.74
     342.500     299.29
     343.000     299.54
     343.500     297.83
     344.000     298.73
     344.500     300.39
     345.000     299.20
     345.500     301.72
     346.000     301.68
     346.500     300.01
     347.000     298.24
     347.500     298.67
     348.000     299.12
     348.500     296.05
     349.000     299.57
     349.500     300.44
     350.000     301.06
     350.500     298.57
     351.000     298.79
     351.500     298.01
     352.000     300.17
     352.500     299.42
     353.000     299.64
     353.500     299.61
     354.000     300.87
     354.500     300.34
     355.000     300.93
     355.500     299.72
     356.000     301.75
     356.500     301.02
     357.000     298.97
     357.500     300.51
     358.000     301.22
     358.500     300.62
     359.000     299.26
     359.500     300.45
     360.000     297.67
     360.500     295.91
     361.000     300.93
     361.500     295.88
     362.000     299.35
     362.500     298.37
     363.000     299.95
     363.500     299.72
     364.000     300.74
     364.500     301.75
     365.000     298.59
     365.500     297.94
     366.000     303.62
     366.500     300.44
     367.000     303.11
     367.500     297.30
     368.000     303.77
     368.500     299.28
     369.000     298.61
     369.500     298.37
     370.000     300.55
     370.500     301.54
     371.000     298.08
     371.500     299.65
     372.000     302.47
     372.500     301.17
     373.000     300.59
     373.500     301.13
     374.000     299.36
     374.500     303.22
     375.000     300.10
     375.500     299.18
     376.000     301.61
     376.500     298.99
     377.000     298.93
     377.500     300.74
     378.000     297.84
     378.500     300.14
     379.000     299.15
     379.500     298.10
     380.000     296.37
     380.500     300.44
     381.000     297.22
     381.500     298.53
     382.000     298.45
     382.500     299.67
     383.000     299.44
     383.500     301.36
     384.000     299.84
     384.500     300.13
     385.000     298.85
     385.500     301.16
     386.000     300.80
     386.500     298.96
     387.000     297.28
     387.500     298.96
     388.000     302.41
     388.500     301.41
     389.000     298.37
     389.500     302.21
     390.000     299.44
     390.500     301.58
     391.000     298.48
     391.500     299.07
     392.000     300.65
     392.500     301.26
     393.000     300.04
     393.500     300.48
     394.000     298.36
     394.500     299.95
     395.000     300.60
     395.500     298.95
     396.000     299.25
     396.500     299.68
     397.000     299.86
     397.500     298.04
     398.000     301.00
     398.500     299.08
     399.000     302.76
     399.500     302.25
     400.000     299.14
